249 10
</s> 0.040027 0.044194 -0.038303 -0.032780 0.013666 0.030211 0.009409 0.002113 -0.036035 0.022185 
egg -0.356610 -0.377188 -0.309796 0.574227 -0.082354 1.085512 0.126202 -0.125283 0.541357 0.206772 
butter -0.365931 -0.562737 -0.872570 0.883538 -0.509246 0.543503 0.339865 0.173887 0.619435 -0.049444 
wheat -0.084929 -0.344032 -0.644194 0.533550 -0.124656 1.061938 0.301138 -0.095060 0.401376 -0.395677 
onion -1.104391 0.262434 0.041254 0.157232 0.485568 -1.207048 -0.359037 0.623868 0.126596 -0.501706 
garlic -0.977830 -0.043112 -0.198632 -0.225566 0.709099 -1.205802 -0.279454 0.848599 -0.822137 -0.463140 
milk -0.274290 -0.334832 -0.797165 0.897036 -0.052544 1.077896 0.622462 -0.163805 0.435574 -0.053602 
vegetable_oil -0.774299 0.240882 0.341196 -0.664361 0.482298 0.327329 -0.173722 0.370367 0.651225 0.184937 
cream -0.517838 -0.401122 -0.287622 0.770717 0.020310 1.043237 0.617414 0.125556 0.272430 0.842820 
tomato -1.105854 0.818353 0.371885 0.579798 1.095817 -1.590217 0.108200 1.049041 -0.529846 -0.585110 
olive_oil -1.225693 -0.426084 0.467043 0.500589 -0.893585 -1.246518 -0.159601 0.949380 -1.287347 -0.197911 
black_pepper -0.830454 -0.357667 0.022094 0.074784 0.427218 -1.018440 -1.055381 0.857935 -0.464126 -0.267832 
pepper -1.149925 0.390482 -0.053140 -0.101428 0.130186 -1.238981 0.214746 0.878656 0.276596 -0.544178 
vanilla 0.983423 -0.997591 -0.921759 0.415325 -0.095152 2.462589 1.443759 0.291920 0.223951 -0.713569 
cayenne -0.963921 0.891686 -0.221513 -1.407094 1.658334 -0.599166 -0.234873 1.273860 -0.861896 -0.221898 
vinegar -0.536037 0.419716 1.713223 -0.209440 1.146605 -0.299525 -1.148981 0.550125 0.798130 -0.357437 
cane_molasses 0.510809 0.279480 -0.010926 0.292398 1.016202 0.803626 -0.234404 0.394052 1.528596 -1.092976 
bell_pepper -1.105794 0.455971 0.031558 -0.402206 0.504058 -1.139104 -0.019990 1.151658 -0.562528 -0.316078 
cinnamon 1.015929 -0.110726 -1.475266 -0.170715 -0.619203 1.306347 -0.214282 1.460221 0.522013 -1.587561 
parsley -1.391838 -0.677118 -0.002267 0.942928 -0.528217 -0.963846 -0.431075 0.315559 -0.179331 0.410281 
chicken -1.168738 -0.179131 -0.069581 -0.548022 0.067563 -1.140692 0.492759 0.688752 -0.012927 -0.277595 
lemon_juice -0.536065 -0.538100 0.792755 -0.060977 -0.828833 0.352430 -0.081556 0.996747 0.183887 0.620819 
beef -0.941245 0.150257 0.230495 -0.024467 1.407115 -1.176650 -1.178552 0.133359 0.118514 -0.907969 
cocoa 0.415100 -0.046581 -0.794389 0.305976 0.467650 2.647001 1.470845 0.000316 0.276104 -0.219774 
corn -0.491018 1.374022 0.419970 0.337895 1.574988 0.074427 0.239340 0.410590 0.035186 -0.705368 
bread -0.924467 -0.051295 0.275864 1.248164 0.189168 -0.440300 -0.268797 0.010397 -0.140802 -0.152128 
scallion -1.391498 -0.245832 0.120124 -1.943691 1.386167 -0.049695 -0.893328 0.089753 -0.874511 0.418741 
mustard -0.947331 0.815856 1.297124 0.642015 0.458794 0.272634 -1.101622 0.482947 1.486058 0.468745 
ginger -0.052397 -0.081560 -0.939911 -2.989752 0.687342 0.853302 -1.176140 1.452712 0.012610 -0.486039 
basil -1.260488 -0.722829 -0.089107 1.606649 0.188723 -1.807306 0.571163 0.599057 -1.960773 -0.155662 
celery -1.092552 -0.716524 0.250471 0.432858 -0.023054 -1.868355 -0.285446 0.370492 1.056756 -0.687934 
carrot -1.153053 -0.850578 -0.400572 -0.985271 -0.370110 -1.266044 -1.143873 0.183114 0.857848 -0.932028 
potato -1.645559 -0.224745 -1.125732 0.458922 -0.233515 -1.141251 -0.919550 -0.131514 0.701673 -0.361879 
chicken_broth -0.949184 -0.515270 -1.002685 -0.085893 -0.833567 -1.525148 -0.298497 1.235896 -0.277895 -0.787595 
yeast -0.582750 0.363235 -0.196840 1.158602 -0.210847 1.035549 0.522478 -0.546941 -0.216019 -0.427139 
rice -1.081824 -0.773815 -0.332484 -2.520692 0.793931 -0.599468 -0.512428 0.284181 -0.150368 -0.441718 
mushroom -1.477646 -1.064705 -0.604815 0.327041 0.570982 -1.453272 -0.146044 -0.462930 -0.650549 -0.286305 
cheese -1.221738 0.405417 -0.193628 1.380988 0.403598 -0.194744 0.670952 0.034415 -1.461300 0.206918 
soy_sauce -0.481614 -1.024660 0.176758 -3.131519 2.313221 -0.058881 -1.586877 0.167032 -0.612230 -0.717082 
cumin -1.285525 1.954549 -0.597642 -1.990802 -0.177666 -1.227530 0.828708 2.554337 0.387009 -0.847387 
oregano -1.189233 0.231491 0.012038 1.211118 0.754928 -1.836821 0.348144 0.711782 -1.630743 -0.665538 
parmesan_cheese -1.709447 -1.011776 -0.217992 1.750276 -0.344553 -1.184003 0.694682 -0.369320 -1.856054 0.321247 
macaroni -1.815700 -0.888844 0.171001 1.199014 0.152883 -1.836255 0.995993 0.092924 -1.708093 0.322175 
thyme -0.832090 -1.454142 -0.574623 1.518864 -0.730451 -2.379885 -0.782569 0.568791 -0.281260 -1.344680 
cheddar_cheese -1.999188 1.057148 -0.240655 0.873635 1.220786 -0.689602 1.227184 -0.767124 0.171286 -0.028344 
lard 0.183111 -0.018418 -0.715163 0.707560 -0.114541 1.439842 0.327773 -0.118312 0.338951 -0.829664 
lemon -0.020986 -0.614932 0.266789 0.149839 -0.736202 0.451870 -0.355332 1.536209 -0.068914 0.471790 
cream_cheese -0.249945 -0.565794 0.243100 1.096859 0.388717 1.342440 0.982594 -0.071895 0.609581 0.907196 
walnut 0.719262 -0.519526 0.358035 0.320629 -0.997358 1.788678 0.375473 0.103535 0.908000 -1.344380 
green_bell_pepper -1.399716 0.645514 0.073163 0.503953 1.164200 -1.807048 0.257429 0.572679 0.191404 -0.569838 
starch 0.321891 -1.198057 -0.190326 -0.904609 0.868156 0.493785 -0.467142 0.281741 0.377755 -0.400881 
nutmeg 0.696647 -0.920321 -1.616531 0.743255 -0.739284 0.597702 0.087473 0.671415 0.930402 -1.454392 
honey 0.285389 0.060112 1.125975 -1.045380 -0.252805 0.977489 -0.265378 0.555762 0.243668 -1.295983 
apple 0.664903 -0.476657 0.726121 0.294323 -0.910906 0.510040 0.239985 0.634550 1.774317 -1.678667 
almond 0.191359 -0.589896 0.287252 -0.143474 -1.265861 1.369855 0.268489 0.678583 0.583620 -0.351729 
cilantro -1.032925 1.699427 -0.221754 -2.143965 1.007437 -0.498301 0.367204 2.617417 -1.082025 0.021007 
pecan 0.918945 -0.268643 -0.271182 0.542698 -0.113239 1.826870 0.459512 0.517985 0.902707 -0.962151 
white_wine -1.009784 -1.331648 -0.156215 0.667173 -0.762202 -1.297775 -0.752828 1.241688 -0.539280 0.606449 
bacon -1.451278 0.303866 0.349610 0.950042 0.280870 -0.843934 -0.673635 -0.494150 0.241626 -0.585168 
pork 0.027446 0.011568 -0.002093 -0.193122 1.454830 -0.759353 -1.560699 0.562688 0.238651 -1.568868 
raisin 0.555186 0.034767 -0.471504 -0.451907 -1.339279 1.004943 0.678927 0.829612 0.771836 -2.044757 
bean -1.204321 0.759856 -0.004978 -0.446097 0.714510 -1.110346 -0.351728 0.360629 -0.418540 -1.191734 
rosemary -0.674341 -1.343099 -0.178025 2.078026 -0.903434 -2.616320 -0.124599 0.612278 -0.803260 -1.783846 
fish -1.226828 -0.217859 -0.582168 -1.811506 0.922470 0.305240 -1.616917 1.380789 -1.394757 1.249046 
cucumber -1.552006 0.319125 1.337911 -1.250520 0.265209 1.363344 -0.720398 0.079737 0.373312 1.704754 
olive -1.510810 0.578673 1.191796 0.846561 0.040370 -1.131540 0.345352 0.682419 -1.003384 0.026872 
coconut 0.291646 0.115577 -0.901629 -1.987656 0.126001 1.522824 1.448913 1.983534 1.212626 0.214389 
orange 1.250906 -0.736098 0.953103 -0.029934 -0.998465 1.360140 -0.467344 1.885153 -0.162718 -0.774077 
tamarind -0.148017 0.919395 0.878459 1.055225 3.005788 -0.687666 -0.827747 0.641092 1.710178 -0.389876 
vegetable -1.238821 -0.780265 -0.936982 -1.671827 0.346379 -0.160327 -1.399690 -0.356687 -0.419681 -0.520083 
orange_juice 1.252569 -0.894051 1.208592 -0.226920 -0.583773 0.786365 -0.042136 2.002438 0.291150 -0.799121 
buttermilk -0.448663 -0.024032 -0.320127 0.617566 -0.348058 1.308324 0.584460 -0.544360 0.199389 -0.411373 
pineapple 1.117226 -0.735349 1.635460 -0.405160 0.575683 1.113686 0.760979 1.614859 1.187985 -0.117204 
shrimp -1.121529 -0.456485 -1.511343 -1.115949 1.690744 -0.038352 -1.794673 1.563482 -1.124395 1.618176 
coriander -1.270564 1.303210 -0.494958 -3.406822 -1.053775 -0.957703 0.779609 3.014627 1.303729 -0.462617 
bay -0.655015 -0.463589 -1.364468 0.849451 -0.065308 -2.182058 -1.748182 2.173415 1.072970 -0.438626 
lime_juice -0.309447 1.136839 1.177687 -1.938631 1.279714 0.215679 0.727087 3.287089 -1.312404 0.922966 
red_wine -0.377073 -0.518200 1.151240 0.572460 -0.592975 -1.125722 -1.117120 1.133848 -0.164538 -0.835521 
gelatin 0.939500 -1.316639 1.012641 -0.000704 -0.012723 1.982804 1.184652 0.677530 0.582063 0.093734 
pork_sausage -0.864783 0.422576 -0.905384 2.257929 0.412566 -1.652994 -0.751892 0.628945 -1.310922 -1.425923 
sesame_oil -0.560435 -1.630255 0.142358 -4.250700 2.851087 0.246010 -1.876208 -0.040701 -1.790399 -0.761144 
chive -1.270139 -0.386469 0.068906 0.820993 -0.454393 0.815030 -0.491414 0.296352 0.881817 1.924251 
seed -0.851467 1.418274 1.178552 -0.380579 -1.219039 0.753706 -0.952971 0.453747 0.926241 -1.024818 
mozzarella_cheese -1.573320 -0.331526 0.052897 2.713091 0.734142 -1.456513 1.006156 -0.801324 -2.703359 -0.542645 
ham -1.399897 0.238938 0.282546 1.326999 0.001857 -0.238145 -0.767321 -0.316703 -0.335965 0.117419 
oat 0.596196 -0.573038 -0.166094 -0.464372 -0.362656 2.019054 1.404416 -0.817996 1.016717 -2.149970 
turmeric -1.432472 0.292122 -0.698732 -3.793306 -1.155313 -1.912597 1.350860 3.129131 1.882773 -0.246893 
nut -0.554370 -0.690858 0.426274 -1.156773 -0.734948 0.518279 -0.064191 -0.352225 -0.796140 -1.029260 
shallot -0.497909 -1.383373 -0.120572 0.218896 -1.205771 -0.674162 -1.432087 1.913867 -0.679871 0.592230 
lettuce -1.248901 0.503530 2.781977 -0.838870 0.484423 0.165204 -0.137513 0.331876 -0.638681 0.411950 
cider -0.004119 0.589861 1.859396 -0.161193 0.324403 -0.118291 -1.232401 0.775031 1.624452 -1.242789 
dill -1.670896 -0.056429 1.249159 0.623520 -0.752493 -0.265985 -0.747214 0.329021 1.029233 1.139712 
pea -1.933483 -0.275162 -0.375801 -1.192603 -0.150877 -1.414238 -0.355617 0.307456 0.269904 -0.164950 
zucchini -1.585246 0.240043 -0.917944 0.154901 -1.122808 -1.349181 1.055161 0.420640 -0.408975 -0.917489 
cherry 1.437601 -0.660247 0.325382 0.624628 -0.578646 1.956737 0.822659 1.284880 0.267474 -0.922452 
lime 0.024754 0.792219 0.680436 -1.405287 1.012634 0.730247 0.472568 3.098775 -0.725351 1.182708 
yogurt -0.664079 0.115491 1.313365 -1.219217 -1.571199 0.455951 0.837943 1.298729 0.585314 -0.004270 
strawberry 1.279926 -2.228258 1.973710 0.190617 -0.354897 2.509239 1.503540 0.763746 -1.037969 0.287334 
soybean -0.871470 -1.326383 -0.337875 -3.629722 1.591743 0.413463 -1.719224 -0.668717 -1.181313 -0.898480 
celery_oil 0.094581 1.641042 1.821615 0.661969 3.370810 -0.712064 -1.014341 0.662297 1.647855 -1.358624 
peanut_butter -0.875874 0.312462 -0.345338 -2.222078 0.653331 2.092494 1.652525 -1.210685 0.523809 -0.653564 
banana 0.981756 -1.056634 0.763051 -0.632560 0.040537 1.689955 1.558970 0.773070 0.639384 -0.474018 
meat -0.289640 -0.208016 -0.265562 0.807407 0.428973 -1.136605 -0.891400 0.444212 -0.014839 -1.527115 
tabasco_pepper -0.621176 1.024848 1.011708 0.842014 2.330882 -0.601416 -0.582272 0.993539 1.066860 0.292072 
milk_fat -0.268995 -0.468237 -1.530675 1.318467 -0.967242 1.339439 -0.203309 0.520958 -0.293760 0.473046 
cabbage -1.556220 0.687659 0.608247 -1.080709 0.113512 -0.424943 -1.669317 -0.436343 0.863880 -1.101332 
mint -0.371569 -0.045171 0.952332 -1.348099 -1.027217 0.587046 0.309628 2.194514 -0.828375 0.542419 
fennel -1.055177 -0.485095 -1.310176 1.848393 -1.271176 -1.670319 -0.711896 1.008798 -1.888106 -1.154979 
sage -0.201801 -1.492164 -0.684027 2.245253 -0.908633 -2.411975 -0.154932 0.353698 0.082597 -2.362915 
broccoli -2.130172 -0.689793 0.160323 -0.569782 -0.000280 -1.037668 1.254200 -0.959018 -0.300430 0.042691 
turkey -0.819744 0.215070 0.667615 0.881170 -0.076111 -1.200748 0.232488 -0.007092 -0.152809 -1.560139 
fenugreek -1.710454 2.031873 -1.737171 -3.575573 -1.186930 -0.365856 0.706625 2.994220 0.738262 -0.241154 
cranberry 1.480353 -1.229363 1.779772 1.324531 -0.898636 0.877986 -0.203092 0.610951 0.539766 -1.904283 
wine -0.152151 -1.059783 0.742186 -0.840835 0.381018 -0.138283 -0.897325 0.839672 -0.471797 -0.078543 
beef_broth -0.627965 -0.714968 -0.770650 0.192512 1.023648 -1.578975 -2.406367 0.046023 0.047150 -1.654518 
grape_juice -0.510689 -0.813151 1.708614 0.315725 -0.928589 -1.019221 -0.422882 0.824980 -0.993781 -0.825520 
pumpkin 0.460168 -1.647218 -2.347876 -1.060864 0.824148 0.987959 -0.967746 -0.194852 0.484722 -0.923105 
raspberry 1.213042 -2.131907 1.555218 0.562683 -0.683091 2.367307 0.493747 0.651341 -0.640123 0.292864 
whole_grain_wheat_flour -0.462925 0.446539 0.227318 -0.158212 -0.483067 1.286655 0.659787 -1.121976 -0.217380 -1.774721 
lemon_peel 0.082870 -1.597260 -0.087931 0.317614 -1.844479 0.502296 0.167804 1.095460 -0.451642 0.059604 
coffee 0.536032 0.410027 -1.012395 0.854995 0.424604 2.335383 0.449837 0.611157 0.844189 -0.096535 
sesame_seed -1.040861 -0.357516 1.005528 -2.787560 0.239629 1.045807 -0.802686 -0.637158 -0.107923 -0.403501 
avocado -0.996016 1.679494 2.191446 -0.836912 1.430766 0.265926 0.155242 1.793186 -1.398640 0.796458 
sherry -0.569773 -0.909700 -0.152828 -0.181777 -0.357215 -0.350880 -1.019740 0.665366 -0.043579 -0.163798 
sake -0.176375 -1.984316 0.473266 -2.946344 3.047989 0.656843 -3.264935 -0.318473 -1.010895 -0.441844 
feta_cheese -1.488160 0.044660 1.890236 0.277522 -0.982136 -0.711923 0.987694 0.592319 -1.842699 0.041687 
apricot 0.927118 -0.619926 -0.018301 -0.085212 -1.453924 0.844078 -0.000542 1.434608 0.738889 -1.506550 
roasted_sesame_seed -1.931329 -1.011059 -0.218813 -3.774998 1.738560 0.640213 -2.761822 -1.243236 -1.755335 -0.304762 
rum 1.504915 -0.476042 -0.395916 0.304349 -0.055932 2.375140 0.873456 2.201599 -0.216530 0.117880 
orange_peel 1.340965 -1.104094 0.570544 0.419266 -1.436806 1.338672 -0.424056 1.422886 -0.156367 -1.340130 
squash -1.114014 -0.170043 -1.294969 -0.050616 -0.952563 -1.555637 0.875743 0.618378 -0.220079 -1.434694 
crab -1.136965 -0.374216 -0.378829 0.417071 1.553403 0.021535 -0.896442 1.330554 0.670769 2.619525 
marjoram -0.286334 -1.714353 0.130657 1.788690 -0.929125 -2.947244 -0.317951 0.373091 0.386231 -2.538563 
swiss_cheese -1.760077 0.198273 0.652792 2.233438 0.079127 0.039580 -0.361225 -1.578202 0.406817 0.082815 
sweet_potato 0.202904 0.076048 -1.679798 -0.893175 -0.728278 0.256700 -0.636074 1.271215 1.148950 -1.625299 
shiitake -0.783684 -3.022426 -0.687960 -2.096564 1.293435 -0.355809 -2.558598 -0.764647 -1.968565 -0.444414 
radish -1.698801 -0.471258 1.149708 -2.573554 0.949188 1.207546 -2.742729 -0.503090 -2.196563 0.738324 
peach 1.347910 -0.833282 0.836860 -0.073824 -0.037356 1.441834 0.417176 1.796135 0.310723 -0.334946 
tarragon -1.298991 -1.267941 0.864683 0.820889 -1.069198 -0.565724 -1.193792 0.807873 0.012048 1.340827 
black_bean -1.430179 2.535989 0.300434 -1.199593 1.556886 -1.085151 0.702595 1.483391 -1.723131 -1.379810 
lamb -0.456239 -0.575926 -0.184880 -0.721318 -2.076532 -1.673657 -0.454616 2.196736 -0.229846 -1.580329 
maple_syrup 0.516260 -0.050413 -0.137665 -0.048323 -0.166445 0.759447 -0.041725 0.290002 1.209553 -1.778739 
pear 0.638533 -1.504070 0.802269 -1.344451 -0.777541 1.396660 -1.406777 0.464671 -0.488808 -0.902539 
fruit 1.257268 -1.228825 0.799084 -0.271808 -0.775384 1.679066 0.851596 1.299391 0.107336 -0.766925 
blueberry 1.054814 -2.368808 1.512403 0.117938 -1.045689 2.835425 1.068721 0.154066 -0.673836 0.144934 
clam -1.179796 -1.928205 -2.285178 -0.154818 1.344246 -1.165690 -2.751667 1.705076 -1.398883 1.726645 
smoke -0.950253 0.622123 0.485982 1.116581 0.123059 -0.675568 -1.491222 0.468071 0.368235 -0.756573 
tuna -1.811181 0.210622 1.589183 -0.811395 0.594668 0.505391 -0.503626 -0.135052 -0.445671 1.372406 
kidney_bean -1.745893 2.120335 0.339518 -0.237399 1.506617 -2.016714 0.092114 0.382240 -0.310105 -2.162941 
peanut -0.660786 -0.020081 0.178711 -3.122818 1.426423 1.149279 1.094545 -0.098374 1.233419 -0.106369 
asparagus -1.762567 -1.041153 0.244731 0.043935 -0.824990 -0.634247 0.058358 -0.022830 -0.418919 0.919374 
salmon -1.003469 -0.247901 0.930157 -0.406282 -0.386731 0.235596 -1.045945 0.961339 0.440371 1.158023 
leek -1.541062 -1.449493 -1.673924 0.224898 -2.313669 -1.135665 -1.807230 0.471332 0.008337 -0.383407 
chickpea -1.704431 1.148737 -0.478252 -1.798373 -1.230169 -1.420711 0.320144 1.543299 -0.458756 -1.374141 
blue_cheese -0.651001 -0.125207 2.201954 1.356881 -0.247047 0.106127 -0.492892 -0.014791 -0.478224 -0.050922 
brandy 1.421254 -0.226317 -0.241857 2.005886 -0.577725 2.885176 -2.358574 1.305635 -0.799867 -0.371261 
artichoke -1.721704 -0.457907 0.454590 1.516743 -0.743837 -0.919739 0.370741 0.566772 -1.610324 0.952955 
horseradish -0.829695 0.633667 1.719224 1.031396 1.166832 0.580151 -1.714059 0.074822 1.424779 0.751014 
mango -0.032909 0.337235 0.944278 -2.276264 0.004149 0.970451 0.711336 2.890226 -0.354425 0.892361 
date 1.219636 -0.275679 -0.494939 0.114589 -1.500543 1.518602 0.858056 1.297997 0.592193 -2.171896 
cardamom 0.454349 0.481077 -1.407163 -1.458826 -2.042789 0.869667 -0.554810 2.527226 0.603388 -1.519744 
white_bread -0.706395 -0.530223 0.177844 1.475708 -0.819085 -0.551408 0.024624 0.083350 0.025609 -0.526194 
oyster -0.568061 -2.385242 -0.767169 -1.965243 1.563006 -0.851419 -1.701120 0.154901 -0.986152 -0.255616 
cottage_cheese -1.392574 0.276162 0.513338 1.943062 0.179989 0.137401 1.875368 -0.836455 -1.047308 0.256686 
grape 0.416457 -0.907613 2.826498 -0.978665 -1.245050 0.743181 0.964045 1.612788 0.417647 -0.221968 
brown_rice -1.038613 -0.654437 0.214651 -0.955875 -0.286139 -1.744447 0.956495 0.373124 0.548266 -1.272559 
cauliflower -2.813327 0.091333 -0.106087 -0.988625 -1.661539 -0.814103 0.283249 -0.695921 0.430073 0.056914 
cured_pork -1.392721 -0.726112 -0.147742 2.760700 -0.459831 -1.381548 -0.406338 -0.425162 -3.371649 -1.069832 
egg_noodle -1.445035 -0.423633 0.312182 0.704249 0.781605 -1.165813 0.401219 -0.756890 0.618641 -0.340193 
beer -0.237515 1.074471 -0.414043 0.896465 1.394055 -0.507017 -1.159828 1.214687 0.803765 -0.773849 
hazelnut 0.431629 -0.902319 -0.494132 0.996084 -1.703270 1.703844 -0.457768 0.493567 -0.108088 -0.470704 
mandarin 0.864069 -1.310142 2.911733 -0.838242 0.082627 1.346778 1.559854 0.764980 -0.206202 -0.253585 
romano_cheese -1.436833 -0.965849 -0.435302 1.671172 -0.465168 -1.141578 0.386253 0.272363 -2.271050 0.258020 
plum 0.945813 -0.161385 0.140164 -0.175867 -1.493427 0.779251 -1.079489 1.620042 0.309537 -1.902977 
pimento -1.940665 0.931705 0.581408 0.663465 0.089889 -0.800170 0.431920 0.501974 0.096862 0.705431 
smoked_sausage -1.659467 1.347427 -0.600609 1.120204 0.480158 -1.682137 -1.702852 0.132146 1.507287 -1.685360 
scallop -1.269588 -1.644005 -1.444178 -0.260491 -0.164579 -0.734243 -1.040839 2.560375 -1.449995 2.532119 
goat_cheese -1.149479 -0.196513 1.232064 1.322413 -1.823181 0.332021 -0.808097 -0.105594 -1.905488 -0.321795 
lentil -1.958246 0.541161 -1.228629 -1.633850 -1.521991 -1.890617 0.043337 0.805639 0.153939 -1.798031 
currant 1.256041 -0.297482 0.084487 0.613635 -1.559935 0.874273 -0.492717 1.820633 0.475473 -1.854596 
saffron -1.091652 -0.673886 -2.197042 -0.917952 -2.287821 -1.173867 -0.493559 2.466987 -0.836110 -0.153621 
barley -1.162104 -1.409686 1.010873 -1.649804 -0.431944 -0.840171 -0.747513 -1.358156 0.145582 -1.931749 
caraway -2.110622 3.457155 -0.159178 0.845609 -2.898464 1.232174 -3.165898 -0.091186 0.402638 -2.092506 
beet -0.817121 0.009082 2.402267 0.035795 -2.020852 0.224546 -2.253040 0.492717 0.753730 -0.699686 
squid -0.651839 -2.673177 -1.574474 -2.288890 2.531185 0.084260 -2.419981 0.754905 -2.491196 1.360710 
corn_flake -0.940433 -0.045166 -0.380312 0.088582 0.487135 0.409338 1.121854 -0.794028 1.477281 -0.254228 
anise 0.381622 -0.449786 -1.458115 0.037813 -1.094278 1.348376 -0.984822 1.048384 -0.749824 -0.674268 
roasted_beef -0.803052 0.044229 0.889602 1.075212 0.827827 -1.019116 -1.584029 -0.235939 0.424560 -1.087177 
pistachio 0.278533 -0.315135 0.020856 -0.144869 -2.097148 1.809521 0.062570 1.229505 -0.064131 -0.431755 
peanut_oil -0.702221 -0.580800 -0.046603 -3.454832 1.777130 -0.546285 -0.488331 1.050856 -0.176615 -0.288017 
cereal -0.526380 -0.228842 0.201215 -1.250607 -0.206953 1.379011 1.731458 -2.095923 0.348828 -2.620702 
cashew -0.796505 -0.330845 0.915800 -2.446505 -0.800628 -0.024427 0.867562 0.332660 0.717561 -0.990451 
veal -0.390399 -1.754256 -0.530999 1.832766 -0.973311 -1.654881 -1.621841 0.707254 -1.091529 -1.052359 
seaweed -1.784058 -1.537896 1.119156 -2.689221 2.510071 1.788788 -2.402817 -1.643184 -1.819401 1.555365 
turnip -1.590749 -1.438510 -1.211300 -0.278940 -3.466852 -1.476806 -2.697392 0.275354 1.969973 -1.731330 
sauerkraut -1.006831 2.055368 0.420814 2.837592 0.329303 0.825207 -3.479446 -1.091219 1.174800 -1.657247 
berry 1.156053 -2.118634 1.796181 1.348626 -1.379432 1.530475 1.265447 0.425929 0.394724 -0.591465 
kelp -0.925972 -3.902877 -0.899286 -3.991717 3.031971 0.615030 -2.813858 -0.556263 -1.870190 1.105472 
tomato_juice -1.071250 0.959982 -0.032679 0.644889 1.731516 -1.559494 -0.851169 0.682207 0.700523 -0.758457 
cod -1.487969 -0.287042 -1.445468 -0.705957 0.200137 -0.717677 -1.360095 1.557181 0.023612 1.230532 
provolone_cheese -1.321458 -0.030585 0.889279 3.174279 0.676424 -0.617298 -0.065508 -0.817934 -3.231391 -0.503453 
mussel -0.899684 -2.172101 -2.640135 -0.672753 0.377987 -1.773244 -2.962065 3.344952 -1.396322 1.750302 
blackberry 1.605895 -2.988331 1.196411 1.566707 -0.461262 2.196948 0.941382 0.135838 -0.556746 -0.121528 
roasted_peanut -0.317803 0.397344 0.113967 -4.026486 1.323621 0.960183 1.172238 0.963171 -0.191138 -0.806581 
rhubarb 1.273162 -2.463005 -0.038324 0.963912 -0.266102 2.087876 1.160354 -0.125371 -0.017538 -0.377751 
chinese_cabbage -0.600529 -3.809773 0.168313 -4.357551 2.709983 -1.244797 -3.570648 0.534085 -1.762664 -0.391573 
corn_grit -1.007787 1.515469 -1.021431 0.644556 1.394450 -1.078071 -0.271030 1.421957 -0.778071 -0.570458 
chicory -1.301470 -1.144238 2.608456 0.129947 -2.293938 0.305043 -2.382249 0.120155 -2.016885 0.083051 
bourbon_whiskey 2.363631 -0.717871 -1.816432 1.466718 2.648875 0.412386 -0.524642 2.531164 2.734064 -0.945301 
citrus 1.385103 -0.765349 0.266579 0.336577 -1.614827 2.459523 -1.289014 2.397684 0.057480 -0.110820 
lima_bean -1.543163 1.168144 -0.137166 0.318696 0.463788 -2.604184 -0.491989 1.012330 1.565959 -1.682504 
lovage 0.075626 -1.373283 -2.452357 1.485779 3.525193 -1.445249 -2.637334 2.747024 4.336521 2.671331 
melon 1.009794 -1.473044 3.399698 -2.031515 -0.128356 0.602640 1.588651 2.927651 -0.421290 0.246293 
parsnip -1.494422 -1.219641 -1.033221 -0.294413 -2.960344 -1.622163 -2.186636 0.085070 2.210570 -1.838134 
fig 0.926318 -0.461153 0.256080 1.453922 -2.403991 1.350357 -0.586840 1.421907 -1.194057 -1.544308 
lemongrass -1.131610 0.623423 -2.047246 -4.818345 0.313659 0.332993 -0.175040 3.685741 -2.146174 1.065806 
whiskey 1.440586 3.090659 -0.544922 1.802949 0.640303 2.926569 -1.601470 2.214578 -0.960959 -1.751446 
watercress -0.825222 0.306800 1.856381 -0.593407 -1.321328 0.457252 -1.702135 1.391283 -0.890527 0.086182 
tequila 1.462739 0.664623 1.186497 0.011501 2.590187 1.343133 -0.086080 3.519357 -1.203307 0.774051 
rye_flour -1.112543 2.023374 0.980816 1.837823 -1.681988 2.316902 -1.885502 -1.954535 0.407994 -2.176685 
peppermint -0.507272 -0.700077 -0.165333 -0.134301 0.002368 2.689290 0.833693 -0.259812 0.781834 1.685420 
savory -0.874272 -0.946793 -0.745879 0.827875 -1.316354 -2.058027 -0.963825 0.802268 -0.650019 -1.715977 
lobster -0.343906 -1.636579 -1.727928 0.695410 0.004244 -0.632829 -1.564939 3.147849 -0.675893 2.370902 
roasted_pork 0.465976 0.182250 0.785887 0.766736 0.463143 -1.091665 -1.614304 0.948940 1.125670 -2.356602 
mace 0.854726 -0.503435 -1.576087 -0.017152 -1.318428 1.080770 -1.052378 1.331745 0.364980 -1.712556 
endive -1.437329 -0.001211 1.480154 0.803770 -2.493515 -0.378839 -1.834014 0.888352 -1.643590 -0.479795 
brassica -1.503475 0.542622 -0.556096 -1.231637 -0.871496 0.274895 -3.261261 0.015569 -1.694043 -1.550306 
grapefruit 0.943423 -0.061991 2.883218 -0.551227 -0.059464 1.319568 -0.299269 2.405522 -0.176236 0.054922 
enokidake -0.709864 -3.343841 -0.878675 -2.095880 3.847180 0.873664 -5.299284 -1.686129 -1.853105 0.078070 
porcini -0.936070 -2.740814 -1.542519 1.865672 -1.527372 -2.047111 -1.330594 0.093188 -1.185250 -0.841178 
kiwi 1.098911 -1.905818 2.860061 -1.435976 -0.239919 2.058536 1.167498 1.480461 -0.237457 0.484333 
wasabi -2.064602 -1.761797 2.405925 -2.356215 2.172274 1.385693 -3.325201 -0.911630 0.441757 2.943851 
watermelon 0.408387 -0.479635 2.442549 -0.947664 -1.189588 1.650676 0.496715 3.478909 -1.610276 1.450894 
lime_peel_oil 0.293076 0.635461 1.551240 -1.657914 0.520758 0.986535 1.014204 3.778077 -1.340979 1.361398 
okra -1.033266 0.931893 -1.221750 -0.390472 0.566669 -1.593037 -0.829195 1.959925 0.354758 -0.642644 
macadamia_nut 0.167096 -0.252622 0.088850 -1.213796 0.484382 1.852152 1.554887 0.426556 0.418019 0.016693 
smoked_salmon -2.256423 -0.308225 1.272504 0.906835 -1.355556 1.028520 -1.344643 0.041397 0.418168 2.793518 
kale -1.797144 -0.005426 -0.448833 -0.050642 -1.496680 -1.776708 -1.893914 0.376260 -0.543741 -1.577095 
popcorn -0.851888 0.605857 0.205123 -1.157315 1.217868 0.953803 2.368597 -0.411762 1.055683 -0.292010 
rye_bread -1.956630 1.960260 1.794937 3.279274 -0.634497 0.618789 -1.760259 -1.062514 1.467390 -0.057523 
star_anise 0.799052 -1.011760 -0.127928 -2.280206 -0.417195 0.436287 -1.641515 2.473404 -0.183750 -0.740459 
brussels_sprout -1.888562 -0.232116 0.526590 0.419745 -2.096934 -0.512313 -0.569613 -0.765972 0.456011 -0.785354 
tea 0.770198 -0.402886 0.019715 -0.475550 -0.829549 1.336546 0.032987 1.936614 0.369704 -0.209400 
thai_pepper -0.475382 0.065868 -0.887020 -4.534897 2.953132 -0.273083 1.128761 2.897107 -0.585739 0.526144 
champagne_wine 0.049709 -1.172422 2.418039 0.432117 -1.248821 1.099751 -1.528162 1.268748 0.060590 0.956441 
anise_seed 0.006610 1.577986 0.139447 -0.729303 -1.781785 2.002039 -0.451260 1.426871 -0.770860 -1.320014 
yam 0.085322 -1.145595 -1.469362 -1.699563 -1.742305 -0.193940 -1.026380 0.986383 2.175916 -1.917559 
bitter_orange 1.621430 -2.002057 0.093675 2.866310 -2.758868 0.908768 0.462837 4.913560 0.847023 1.699888 
wheat_bread -1.228151 0.108941 1.382063 0.603378 0.415947 -0.239381 0.383990 -0.794947 0.680740 -0.355690 
