249 10
</s> 0.040027 0.044194 -0.038303 -0.032780 0.013666 0.030211 0.009409 0.002113 -0.036035 0.022185 
egg -0.115780 0.118738 -0.224947 0.184110 0.578203 0.697254 0.550694 -0.039115 1.059980 -0.291075 
butter -0.324965 -0.339757 -0.221435 0.106519 0.571590 0.359966 0.714129 0.250619 1.078187 -0.205478 
wheat -0.086602 -0.186371 -0.459040 0.191011 0.716659 0.667080 0.634347 0.127023 0.793066 -0.185475 
onion -1.060302 0.000110 -0.260686 0.395603 0.621319 0.359045 0.092391 -0.242196 -0.059515 0.088678 
garlic -0.969941 0.071415 -0.054148 0.140289 0.816308 0.524781 0.082162 0.028757 -0.262020 0.151420 
milk -0.160838 -0.302944 -0.365977 0.124794 0.562355 0.484700 0.741175 0.055078 1.312270 -0.179873 
vegetable_oil -0.620937 0.353193 -0.269918 0.100978 0.747188 0.465227 0.491470 -0.477634 0.027242 -0.310346 
cream -0.390965 -0.136126 0.063087 -0.105649 0.546998 0.459501 0.654606 -0.366756 0.930934 -0.099878 
tomato -1.198212 -0.062690 0.114086 0.610385 0.541470 0.524401 -0.063261 -0.376657 -0.079176 0.747303 
olive_oil -1.148230 -0.314497 0.905710 0.521943 0.343092 0.335310 0.407327 0.228984 -0.134531 0.164564 
black_pepper -1.074908 0.120522 -0.140135 0.101109 0.540010 0.445366 0.099651 0.194094 -0.121575 -0.006766 
pepper -0.987322 -0.039696 -0.278675 0.517922 0.541192 0.180333 0.627680 -0.369718 -0.136601 -0.039828 
vanilla 0.522101 -0.282637 -0.488589 -0.025670 0.646937 1.374751 1.378611 0.206451 1.567095 0.162002 
cayenne -0.994481 0.094326 -0.113889 0.105501 0.963834 0.738085 0.129789 -0.288132 -0.633917 0.627540 
vinegar -0.977440 0.376208 -0.109546 0.206647 0.283202 1.081362 -0.509312 -0.603661 -0.046751 -0.364776 
cane_molasses -0.130627 0.005214 -0.837869 0.572919 0.180896 1.196054 0.433890 -0.312818 0.621147 -0.108310 
bell_pepper -1.006624 0.065170 0.110985 0.592119 0.627724 0.433329 0.198713 -0.086611 -0.256947 0.289694 
cinnamon -0.177213 0.094556 -0.806729 0.419804 -0.110284 1.075227 1.167831 0.462563 0.614570 -0.242021 
parsley -1.235603 0.115020 0.270922 0.313404 0.518439 -0.127056 0.242702 0.073106 0.546238 -0.183869 
chicken -0.935343 -0.358101 0.066510 0.174057 0.790027 0.216013 0.574547 -0.412820 -0.217127 0.091161 
lemon_juice -0.604005 0.301021 0.484401 0.129042 0.265281 0.583278 0.681078 -0.162531 0.284873 -0.093293 
beef -1.064124 0.044421 -0.537586 0.507242 0.662108 0.730220 -0.518568 0.102292 -0.234249 -0.170723 
cocoa 0.583829 -0.359739 -0.577569 0.146302 0.862885 1.281310 1.260609 -0.242983 1.609045 0.082111 
corn -0.663273 -0.262397 -0.379597 0.490755 0.583987 0.810918 0.084825 -0.643101 0.068975 0.423974 
bread -0.914669 -0.102077 0.285900 0.724220 0.524510 0.179603 0.099611 -0.141496 0.705811 0.138762 
scallion -0.850926 0.472253 0.110574 -0.406375 1.280435 0.835980 -0.133762 0.162513 -0.449961 -0.019089 
mustard -0.955977 0.711644 -0.017120 0.360477 0.135552 0.610665 -0.019776 -0.693641 0.476625 -0.510785 
ginger -0.695437 0.581520 -0.597681 -0.341358 0.509289 0.930285 0.799619 0.329144 -0.657911 -0.313842 
basil -1.095857 -0.307325 0.759000 0.792965 0.638548 0.183022 0.235507 0.557894 0.147887 0.574773 
celery -1.396836 -0.389756 -0.347340 0.340642 0.542984 -0.102511 0.083115 -0.254333 0.181475 -0.572003 
carrot -0.983401 -0.255111 -0.372738 0.262444 0.695143 0.413693 0.159620 0.448015 -0.490195 -0.719362 
potato -1.011363 0.057033 -0.503871 0.539444 0.834592 -0.151756 0.414826 0.133464 0.046277 -0.527822 
chicken_broth -1.348810 -0.613741 -0.271419 0.043858 0.519185 -0.183088 0.533742 0.129652 0.121969 -0.163459 
yeast 0.012296 -0.058082 -0.069076 0.775366 0.842863 0.473583 0.549555 0.298309 0.934259 -0.256044 
rice -0.797820 -0.027338 -0.299301 -0.591972 1.140342 0.695260 0.210152 0.091573 -0.457571 -0.282858 
mushroom -1.106717 -0.591042 -0.106667 0.050570 1.279622 -0.025515 -0.255146 0.200125 0.385371 -0.092073 
cheese -0.737141 -0.447303 0.364342 0.733515 0.765021 0.379380 -0.001796 -0.061892 0.530376 0.550697 
soy_sauce -0.808948 0.309195 -0.423243 -0.550538 1.132737 1.340023 -0.311735 0.200770 -0.782226 -0.296357 
cumin -0.871531 0.066714 -0.159546 0.662599 0.381206 0.473525 1.289043 -0.370106 -0.823846 0.446223 
oregano -1.302553 -0.282230 0.347537 0.752790 0.574245 0.199140 0.037176 0.096354 0.112039 0.767017 
parmesan_cheese -1.048129 -0.606484 0.947231 0.672160 1.021257 -0.245368 0.210199 0.413686 0.847355 0.369842 
macaroni -1.106314 -0.396824 0.885976 0.727380 1.025778 -0.083472 0.173763 0.410200 0.323992 0.394281 
thyme -1.595826 -0.846740 -0.107418 0.341199 0.108341 -0.020623 -0.025872 0.465457 0.413591 -0.314529 
cheddar_cheese -0.539638 0.165240 -0.173267 1.285122 1.424429 0.078403 -0.033981 -0.516467 0.731004 0.405598 
lard 0.146194 -0.130673 -0.568571 0.587613 0.430755 0.890316 0.866817 0.237966 1.121432 -0.174036 
lemon -0.796104 0.541551 0.370853 -0.079588 -0.205662 0.716139 0.808892 0.092463 0.488852 0.140223 
cream_cheese 0.031846 0.250077 0.184910 0.059396 0.808857 0.756075 0.704652 -0.479463 1.464029 0.230866 
walnut 0.184664 -0.276539 -0.089660 0.206819 -0.019076 1.381725 0.981692 0.237703 1.064479 -0.628616 
green_bell_pepper -1.029818 0.003199 -0.248773 0.905375 1.067275 0.157897 0.019253 -0.411706 -0.108274 0.390113 
starch -0.522916 -0.142081 -0.688969 -0.558625 0.546993 0.883323 0.179574 0.280686 0.427094 -0.059277 
nutmeg -0.209693 -0.171616 -0.808622 0.459581 -0.051454 0.878785 0.970273 0.873567 0.829516 -0.125722 
honey -0.164949 -0.017729 0.058195 0.155220 0.097330 1.356095 0.612366 -0.092276 0.069043 -0.507439 
apple -0.334035 -0.037986 -0.412666 0.395488 -0.335998 1.140582 0.660297 0.054975 0.610309 -0.600359 
almond -0.249352 -0.285653 -0.047578 -0.035258 -0.017498 0.922078 1.118600 0.226076 0.684804 -0.288559 
cilantro -0.896524 0.186447 0.201938 0.189813 0.511849 0.895129 0.797191 -0.611729 -0.799993 0.643528 
pecan 0.060998 -0.313083 -0.575762 0.073790 -0.018686 1.393983 0.814796 0.088905 1.198192 -0.293188 
white_wine -1.492092 0.025137 0.700574 -0.241068 0.297674 -0.049094 0.305591 0.367001 0.451378 -0.067773 
bacon -1.106364 -0.258970 -0.119025 0.605521 0.590995 0.258103 -0.381579 -0.228149 0.483360 -0.361890 
pork -1.176199 0.015734 -0.802448 0.314261 0.374767 0.824604 -0.392071 0.092612 -0.297023 0.048690 
raisin -0.120368 -0.152306 -0.491796 0.724863 -0.213295 1.133882 1.239134 0.434646 0.358995 -0.300094 
bean -1.045263 -0.312728 -0.433108 0.696836 0.722425 0.586462 -0.077429 -0.210501 -0.532131 0.014083 
rosemary -1.521627 -1.165952 0.214617 0.803328 0.044872 0.071203 -0.007442 0.510832 0.445307 -0.064910 
fish -1.007262 0.634091 0.372878 -0.716158 1.155132 0.673602 0.201964 0.198887 -0.410384 0.058950 
cucumber -0.441589 1.016122 0.599298 -0.044915 1.003278 0.574468 0.359461 -0.443240 0.223387 -0.631032 
olive -1.086630 0.192241 0.723557 0.998006 0.579877 0.186070 0.074193 -0.159959 0.280337 0.183145 
coconut -0.376271 -0.360622 -0.708130 -0.859561 0.581675 0.699577 1.759321 -0.709497 0.043431 -0.061655 
orange -0.414575 0.175372 0.354399 -0.041194 -0.707181 1.648464 0.875187 0.368066 0.625805 0.065981 
tamarind -0.929044 0.606181 -0.662241 1.038319 0.314586 0.916424 -0.440916 -0.579913 0.376506 0.525803 
vegetable -0.775983 0.183364 -0.072833 -0.067925 1.098292 0.757216 0.004941 0.931300 -0.621508 -0.600884 
orange_juice -0.707693 -0.352511 -0.005739 -0.544711 -0.568142 1.287324 0.739287 -0.309176 0.383298 -0.270428 
buttermilk 0.156773 -0.063414 -0.029924 0.650187 0.752993 0.707062 0.772302 0.181407 1.001089 -0.081140 
pineapple -0.380190 -0.225657 -0.309455 -0.652348 -0.106711 1.610077 0.607562 -0.649454 0.562073 0.170956 
shrimp -1.395048 0.845404 -0.104929 -0.795561 0.931221 0.372110 0.183228 0.235835 -0.100953 0.385928 
coriander -1.006444 0.228579 -0.260217 0.049063 0.409056 0.307001 1.639251 -0.521365 -0.884277 -0.089912 
bay -1.906015 0.269118 -0.681226 0.269074 -0.107847 -0.110662 0.297430 0.238465 0.104943 0.006424 
lime_juice -1.124865 0.104294 0.455261 -0.449994 0.381829 1.150855 0.532165 -1.193971 -0.549295 0.849394 
red_wine -1.304310 0.030656 0.412647 0.598916 -0.252433 0.713828 -0.145145 0.176822 -0.071309 -0.288143 
gelatin 0.039995 -0.736736 0.068650 -0.564952 0.182268 1.578356 0.764690 -0.223544 1.224293 -0.072522 
pork_sausage -1.515991 -0.533922 -0.137507 1.022334 0.334269 0.050862 -0.259749 0.413495 0.592733 0.503191 
sesame_oil -0.812450 0.307447 -0.272791 -0.808001 1.455773 1.408376 -0.246855 0.521977 -1.001570 -0.387283 
chive -0.664578 0.659702 0.529960 -0.066242 0.582901 -0.084323 0.651435 -0.289679 1.178762 -0.837367 
seed -0.572554 0.368274 0.257383 0.839616 0.019146 0.691294 0.589391 -0.434477 0.020669 -1.252128 
mozzarella_cheese -0.940323 -0.408105 0.747522 1.511899 1.173032 0.125632 -0.321892 0.780661 0.860992 0.999565 
ham -0.977571 -0.197093 0.048219 0.440597 0.585431 0.224184 -0.153476 -0.248601 0.576274 -0.466912 
oat 0.834971 -0.701477 -0.542600 0.736966 0.751345 1.634368 1.101856 0.033618 0.774374 -0.677657 
turmeric -0.943900 -0.016844 -0.194899 -0.064498 0.524009 0.126066 1.985973 -0.533859 -0.917613 -0.310234 
nut -0.331637 -0.845813 0.182818 0.049442 0.450100 1.026313 0.204579 0.624353 0.000614 -0.687598 
shallot -1.546485 -0.004476 0.658219 -0.627353 0.019603 0.218693 0.559198 -0.046984 0.014867 -0.313043 
lettuce -0.650757 0.104187 0.976724 0.386455 0.634158 0.923408 -0.137463 -0.712046 -0.063815 -0.368129 
cider -0.907630 -0.096471 -0.278021 0.581238 -0.444601 1.227005 -0.130409 -0.545264 -0.116766 -0.721491 
dill -0.878610 0.576568 0.463450 0.543849 0.513993 0.110205 0.171726 -0.312823 0.590045 -0.992258 
pea -1.067518 -0.022731 0.041136 0.117704 1.010868 -0.003640 0.308634 -0.229142 -0.222764 -0.586533 
zucchini -0.755458 -0.241258 0.152795 1.086026 0.801274 -0.166014 0.688575 0.470420 0.234461 -0.075425 
cherry 0.075641 -0.121025 -0.311549 -0.069846 -0.258951 1.784203 1.068081 0.385117 1.088521 0.403270 
lime -1.082653 0.189171 0.034692 -0.800491 -0.026120 1.156698 0.824733 -1.057922 -0.162098 0.726762 
yogurt -0.370725 0.054951 0.754160 0.102800 0.048668 0.777782 1.488364 -0.415174 -0.003324 -0.423521 
strawberry 0.097420 -0.505016 0.822937 -0.766641 0.084874 2.016747 0.892714 -0.028317 1.456226 0.253473 
soybean -0.485021 0.021841 -0.020195 -0.444549 1.520816 1.279635 -0.035869 0.653088 -0.987637 -0.636805 
celery_oil -0.765673 0.606107 -0.877216 1.203578 0.350855 1.333428 -0.787719 -0.614007 0.114442 0.264447 
peanut_butter 0.280271 -0.535791 -0.631127 -0.466980 1.508085 1.104551 0.827446 -1.125103 0.300979 -0.387605 
banana 0.098348 -0.248630 -0.034311 -0.788829 0.330124 1.519326 1.102230 -0.632088 1.006108 -0.300433 
meat -1.183710 -0.598625 -0.391671 0.313019 0.083659 0.498894 -0.156650 0.116444 0.267860 -0.173889 
tabasco_pepper -1.173625 0.404362 -0.395605 0.520485 0.461955 0.558116 -0.225083 -0.802183 0.194091 0.233258 
milk_fat -0.587336 -0.148161 -0.233985 -0.060416 0.283058 0.360360 0.700600 0.625723 1.202714 0.351670 
cabbage -0.960188 0.112122 -0.247917 0.295088 0.631712 0.702019 -0.265429 -0.269769 -0.344396 -0.817321 
mint -0.749687 0.127059 1.094040 -0.286372 0.157266 0.981421 1.012080 -0.135374 -0.322173 0.411433 
fennel -1.527551 -0.458486 0.786156 0.699690 -0.071743 0.181450 0.257632 1.015626 0.255383 0.246175 
sage -1.443790 -1.503165 -0.508269 0.394085 0.155972 0.171310 -0.250430 0.277572 0.526732 -0.455266 
broccoli -0.499781 -0.540483 0.160208 0.723257 1.547466 -0.012660 0.344085 -0.030478 0.034317 -0.390445 
turkey -1.198980 -1.148952 -0.194474 0.151261 0.445788 0.316256 -0.246654 -0.378284 0.376507 -0.274288 
fenugreek -0.689676 0.208522 -0.080134 0.420646 0.661559 0.340333 2.112755 0.157843 -1.090266 0.185544 
cranberry -0.382295 -0.858093 0.273612 0.151440 -0.571230 1.579614 0.243488 0.089233 0.881669 -0.368946 
wine -1.097171 -0.363600 0.175627 -0.670487 0.244499 0.680870 -0.089673 -0.124680 0.245741 -0.388282 
beef_broth -1.232939 0.133711 -0.745054 0.523160 0.500515 0.623782 -0.492973 0.854117 -0.193297 -0.240611 
grape_juice -1.077163 -0.584786 0.966662 0.382638 -0.118210 0.724248 0.109100 -0.080046 0.019878 -0.340621 
pumpkin 0.019272 0.556108 -0.947705 0.001038 0.989160 0.878696 0.761244 1.027919 0.187095 -0.275084 
raspberry -0.091519 -0.426903 0.668332 -0.820349 -0.104289 1.707214 0.678087 0.181293 1.644601 0.018543 
whole_grain_wheat_flour 0.274450 -0.467927 0.399840 1.038806 0.560455 1.058625 0.590148 0.125788 0.583613 -0.833702 
lemon_peel -0.507248 -0.090289 0.755592 -0.099899 0.004776 0.606672 1.038226 0.539030 0.870551 0.067021 
coffee -0.071584 -0.108784 -1.117851 -0.005991 0.207429 1.010118 1.000338 -0.444294 1.482689 0.010957 
sesame_seed -0.080227 0.402505 0.281821 -0.098831 1.107286 1.159929 0.459420 0.186353 -0.526499 -0.884714 
avocado -0.840870 0.493675 0.903109 0.293042 0.496623 1.177988 0.067160 -0.993187 -0.200217 0.738936 
sherry -1.055891 -0.136590 0.044133 -0.499609 0.142167 0.434203 0.502644 0.114719 0.082686 -0.489267 
sake -0.877191 0.607046 -0.399705 -0.865298 1.313997 1.546727 -0.486435 0.840693 -0.760151 -0.484183 
feta_cheese -0.876407 0.082818 1.581456 0.950577 0.247957 0.544916 0.374571 0.097280 -0.017512 0.158734 
apricot -0.546740 -0.668921 -0.467678 -0.074329 -0.617736 1.184789 1.030929 0.316485 0.674542 -0.124185 
roasted_sesame_seed -0.530825 0.944557 0.359172 0.118718 2.083300 1.196014 -0.031809 1.149779 -1.351924 -0.649332 
rum -0.106123 -0.268424 -0.384099 -0.527467 -0.346218 1.970886 1.269779 0.016081 0.848929 0.680939 
orange_peel -0.366811 -0.317973 0.022753 0.098052 -0.538666 1.271515 0.987053 0.687427 0.857544 -0.137162 
squash -0.960690 -0.429923 0.223183 0.851275 0.594817 -0.122961 1.078366 0.746289 -0.338747 -0.207508 
crab -1.254832 1.367347 -0.084840 -0.562813 0.978816 0.030246 0.294518 -0.451789 0.765345 0.398822 
marjoram -1.469084 -1.136675 -0.409090 0.622201 0.223607 -0.035812 -0.191609 0.291791 0.479691 -0.563658 
swiss_cheese -0.673235 0.125665 -0.158125 1.055349 1.011617 -0.066739 -0.129337 -0.263882 1.149861 -0.787479 
sweet_potato -0.544924 -0.595729 -0.801655 0.240110 0.084422 0.597649 1.365031 0.497845 -0.139039 -0.111413 
shiitake -1.108186 -0.248006 -0.018324 -1.156457 1.582714 0.825593 -0.635101 1.141856 -0.250621 -0.368961 
radish -0.843888 1.060251 0.765597 -0.372963 1.287548 1.201308 -0.149613 0.791735 -0.839152 -0.748484 
peach -0.135580 -0.055346 0.277020 -0.372524 -0.172485 1.747009 0.920026 -0.038457 0.558051 0.447861 
tarragon -1.403069 0.204738 0.944794 -0.289140 0.295484 -0.084545 0.239461 -0.176660 0.638590 -0.737820 
black_bean -1.137057 -0.468054 -0.169979 0.906120 0.848652 0.745290 0.124918 -0.755844 -0.890142 0.875917 
lamb -1.131278 -0.210078 0.502851 0.707598 -0.260023 0.416207 0.920840 0.488751 -0.405318 -0.131348 
maple_syrup -0.126466 -0.521993 -0.434959 0.265240 0.116611 1.188202 0.542542 -0.184534 0.518990 -0.532113 
pear -0.336062 0.056242 0.409918 -0.395558 -0.105305 1.650225 0.214205 0.740396 0.008630 -0.666148 
fruit 0.067935 -0.588049 -0.025412 -0.221195 -0.036898 1.637853 1.044403 0.190423 0.755529 0.102072 
blueberry 0.582514 -0.078034 1.119098 -0.346534 0.520026 1.857969 0.979990 0.235857 1.575879 -0.092656 
clam -1.958327 1.271077 -0.090372 -0.904500 0.965123 0.249919 -0.092877 1.458689 -0.029179 0.601681 
smoke -1.407522 -0.160132 0.056651 0.491244 0.139460 0.297903 -0.137798 -0.378378 0.268309 -0.192011 
tuna -0.544195 0.943355 0.693925 0.371704 1.248484 0.607278 -0.106972 -0.438683 0.192230 -0.345487 
kidney_bean -1.180760 -0.466029 -0.745541 1.626331 0.589520 0.801912 -0.197770 -0.212072 -0.864157 0.538887 
peanut -0.095044 -0.638742 -0.616130 -1.095919 1.390723 1.230925 0.456256 -1.161010 0.238817 -0.171154 
asparagus -0.965755 0.039032 0.718488 -0.099816 0.903013 -0.120635 0.412131 0.296344 0.398661 -0.471330 
salmon -0.877510 0.651707 0.695101 -0.304575 0.597280 0.410875 0.406410 -0.350810 0.079231 -0.462732 
leek -1.551910 -0.358734 0.054807 -0.183070 0.439690 -0.470971 0.647403 0.523337 0.171871 -0.951570 
chickpea -0.954756 -0.169398 0.258350 1.133266 0.408821 0.388624 1.052992 0.274054 -1.048757 0.013179 
blue_cheese -0.617371 0.245383 1.200077 0.802798 -0.024818 1.156125 -0.369692 -0.024633 0.713925 -0.222771 
brandy -0.908634 0.371724 -0.472802 -0.171537 -0.889645 1.067658 0.613350 0.632061 1.533888 -0.035431 
artichoke -1.227547 0.131344 1.130589 0.486502 0.701075 -0.211593 0.278044 0.204866 0.828167 0.393091 
horseradish -1.069958 1.012539 -0.088943 0.415630 0.301135 0.533394 -0.404572 -0.979105 0.813012 -0.513286 
mango -0.745364 -0.007911 0.695462 -0.562508 0.173841 1.186810 1.373445 -0.700258 -0.534409 0.651740 
date -0.044037 -0.242444 -0.542286 0.457548 -0.486778 1.393944 1.453432 0.619882 0.814042 -0.398873 
cardamom -0.524932 -0.106509 -0.481658 0.212874 -0.401695 0.820655 1.925508 0.366775 -0.201261 -0.335558 
white_bread -0.903506 -0.430086 -0.020817 0.556421 0.365321 0.156055 0.086018 -0.123876 0.880962 -0.153223 
oyster -1.420771 -0.053594 -0.426717 -1.183672 1.178818 0.402587 -0.345650 0.282987 -0.151520 -0.534734 
cottage_cheese -0.237388 -0.476621 0.863423 1.248056 0.849479 0.436784 0.279030 -0.479207 1.213600 0.513845 
grape -0.635254 -0.669044 0.615915 -0.695561 -0.369308 1.319278 0.839826 -1.050034 0.202857 -0.976008 
brown_rice -0.984187 -0.934922 -0.342605 0.201635 0.823572 0.133911 0.291895 -0.252783 -0.140001 -0.381232 
cauliflower -0.644349 -0.126497 0.228770 0.752858 1.254935 -0.146728 0.807267 -0.004405 -0.422413 -1.009157 
cured_pork -1.424677 -0.967729 0.897561 0.950538 0.415059 0.216136 -0.374558 1.059193 0.684047 0.304515 
egg_noodle -0.784051 -0.434468 -0.439928 0.814422 1.052118 0.225129 -0.227730 -0.182286 0.418988 -0.135796 
beer -1.245066 0.352532 -0.986147 0.715617 -0.104120 0.542951 -0.048123 -0.241913 0.331970 0.144459 
hazelnut -0.140686 -0.565482 0.017878 0.173096 0.104912 0.907232 0.632988 0.721177 1.096956 -0.456924 
mandarin 0.037866 -0.744459 0.836981 -0.520049 0.304172 1.941845 0.378916 -0.374528 0.429980 0.159865 
romano_cheese -1.362531 -0.414810 1.079847 0.678897 0.745596 0.055518 -0.149558 0.688995 0.582503 0.640039 
plum -0.690874 -0.234735 -0.233963 0.078240 -0.778878 1.215649 0.674068 0.455490 0.329793 -0.557733 
pimento -1.083003 0.248370 0.166427 0.792126 0.798286 -0.042563 0.358383 -0.471156 0.274047 0.345023 
smoked_sausage -1.689541 0.176593 -1.036431 1.038246 0.372686 -0.162495 -0.055764 -0.180544 0.265968 -0.194039 
scallop -1.668806 0.635916 0.672115 -0.766301 0.518833 -0.097127 0.495737 0.339220 0.348169 0.391469 
goat_cheese -0.951387 -0.457482 1.500831 0.449712 0.024817 0.421954 0.184130 0.516352 0.696905 -0.756444 
lentil -1.242450 -0.491035 -0.306417 0.839716 0.387675 -0.025266 1.029936 -0.060580 -0.820460 -0.538726 
currant -0.484161 -0.202823 -0.332644 0.400482 -0.931371 1.443743 0.925372 0.839077 0.835830 -0.237988 
saffron -1.302254 0.288561 0.193130 0.235679 -0.003439 -0.148230 1.745082 1.425912 -0.387159 -0.028939 
barley -0.723777 -0.978441 -0.302057 0.308094 0.783752 0.764655 -0.146465 0.320757 -0.656083 -1.542096 
caraway -0.953603 0.930133 -0.413137 1.786522 -0.299553 0.281353 0.795943 -0.305937 0.275109 -1.687284 
beet -1.069863 0.236804 0.998562 0.719643 -0.541456 0.814466 0.334921 0.126888 -0.132034 -1.482808 
squid -1.392938 1.261106 0.140696 -0.936940 1.334081 0.863585 -0.199243 1.500959 -0.346400 0.390270 
corn_flake -0.170928 -0.904627 -0.890929 -0.025450 1.150429 0.271133 0.850338 -0.786514 0.753763 -0.277098 
anise -0.372489 0.804808 -0.309910 0.132978 -0.186800 0.917056 1.022298 0.886346 0.416569 -0.781348 
roasted_beef -1.121481 0.071046 -0.418899 0.951783 0.193926 0.729978 -0.625690 0.156316 0.169873 -0.313952 
pistachio -0.512407 -0.320814 0.407112 -0.345703 -0.359966 0.789363 1.270200 0.557617 1.006681 -0.217219 
peanut_oil -0.924852 0.002969 -0.450617 -0.630720 1.122696 0.691552 0.392463 -0.335388 -0.836663 -0.309923 
cereal 0.723562 -1.637066 -0.400642 0.660410 1.204360 1.409456 0.553072 -0.167484 0.353651 -1.336925 
cashew -0.318073 -0.645690 -0.091487 -0.016466 0.479884 0.978377 1.067315 -0.351254 -0.591555 -0.643541 
veal -1.774759 -0.348575 0.220579 0.122386 -0.060321 -0.222171 -0.030296 0.919530 1.048102 -0.017647 
seaweed -0.488062 1.220821 0.530020 -0.560905 1.902256 1.398865 -0.584743 0.555833 -0.279221 -1.012678 
turnip -1.519594 -0.515115 -0.257142 0.338498 -0.320786 0.049048 0.813200 1.053977 -0.264102 -1.546852 
sauerkraut -1.400387 0.713128 -1.157271 1.106398 -0.003159 0.247544 -0.686199 -0.551584 1.376613 -1.405306 
berry -0.285552 -1.257321 0.348284 -0.529404 -0.149985 1.338330 0.365114 0.040821 1.773589 -0.630802 
kelp -1.003888 1.066569 -0.012014 -1.145173 2.123990 1.612776 -0.680559 1.797472 -0.685474 -0.343901 
tomato_juice -1.338060 0.364455 -0.672409 1.045100 0.456041 0.320125 -0.243417 -0.106122 -0.040556 0.162062 
cod -1.446207 0.817756 -0.134715 -0.142705 0.777761 -0.230558 0.656340 0.423163 -0.131436 -0.107933 
provolone_cheese -1.234729 -0.493062 0.928163 0.954848 0.702905 0.415737 -0.637446 0.297296 0.749788 0.589125 
mussel -2.221931 1.198530 0.101373 -0.861882 0.582666 -0.206377 0.452098 1.343596 -0.171636 0.310321 
blackberry 0.182573 -0.395392 0.621141 -0.376485 0.120042 1.869259 0.499904 0.652624 1.944141 0.361717 
roasted_peanut -0.108990 -0.685838 -0.262774 -0.414601 1.161294 1.281659 0.780734 -0.877695 -0.719748 -0.296069 
rhubarb 0.479624 -0.186695 -0.103576 -0.179733 0.417856 1.610864 0.988100 0.683155 1.626679 0.027159 
chinese_cabbage -1.418333 0.797307 -0.172022 -0.929574 1.390940 1.545952 -0.714086 1.350295 -1.162096 -0.387329 
corn_grit -1.667045 -0.570928 -0.495378 -0.004566 0.734081 -0.046946 0.095527 -0.437534 0.251588 1.127598 
chicory -1.244083 -0.040609 1.577535 0.144195 -0.034738 0.878161 -0.342003 0.318967 -0.036973 -1.109336 
bourbon_whiskey -0.910538 0.472611 -1.979298 -0.055279 -0.701042 1.250483 0.788019 -0.187142 1.243666 0.670831 
citrus -0.448863 0.810841 -0.349053 -0.643455 -0.698060 1.870703 0.765797 0.763018 0.947104 -0.123762 
lima_bean -1.731092 -0.371445 -0.825408 1.250424 0.089554 0.358170 -0.155017 -0.343328 -0.576461 -0.191994 
lovage -1.705498 2.409264 -1.141638 0.196870 0.260457 -0.385895 0.800590 0.149119 0.892843 0.463873 
melon -0.600611 -0.390786 1.517503 -0.962050 -0.401019 1.953793 1.316156 -0.505273 0.002341 0.129055 
parsnip -1.478531 -0.855009 -0.241084 0.432492 -0.331235 -0.015953 0.784717 0.632276 -0.096678 -1.361631 
fig -0.590715 -0.532769 0.695212 0.631471 -1.020079 1.414793 0.580697 1.122109 0.983455 -0.201207 
lemongrass -1.368648 -0.296710 -0.055302 -1.489415 1.096942 0.566318 1.395689 -0.528556 -1.126455 0.731647 
whiskey -0.649517 1.366291 -0.783371 0.926073 -1.120523 1.868445 0.999942 0.089661 1.131425 1.162751 
watercress -1.170614 0.159955 1.120654 -0.143539 -0.220672 1.045833 0.030162 -0.379995 -0.176266 -0.749709 
tequila -1.018847 0.482251 -0.050722 -0.484767 -0.574652 2.141626 0.084506 -0.505013 0.356485 1.824358 
rye_flour -0.125070 0.485012 -0.083247 1.761736 -0.001462 0.896809 0.403078 0.002487 0.963717 -1.649763 
peppermint 0.291827 -0.118477 -0.132997 -0.912092 1.019527 0.945393 1.135817 -0.611450 1.814479 -0.446686 
savory -1.595480 -1.024538 -0.038804 0.322139 -0.116035 0.318692 -0.076357 0.744767 0.005219 -0.473016 
lobster -1.904651 0.802906 0.211957 -1.037421 0.055124 -0.149920 0.537780 0.452108 0.786571 0.453369 
roasted_pork -1.353183 -0.439554 -0.998133 0.919569 -0.780993 0.977269 -0.283378 -0.171289 0.147909 -0.312582 
mace -0.549402 0.223220 -1.094019 0.270810 -0.531806 1.080237 1.184435 0.698405 0.270562 -0.471695 
endive -1.430745 -0.068532 1.451519 0.460958 -0.251782 0.440591 0.147631 0.509315 0.136197 -0.957077 
brassica -1.285680 0.485011 0.284408 0.463421 0.262153 0.761360 -0.045296 0.917738 -0.775750 -0.851070 
grapefruit -0.958940 0.113516 0.828483 -0.673998 -0.822237 1.877814 0.374575 -0.604340 0.247965 0.104462 
enokidake -0.971140 0.991036 -0.333400 -0.558957 1.934782 1.692897 -1.121923 2.047199 -0.522427 -0.349014 
porcini -1.757180 -1.059638 0.346240 0.140530 0.500737 -0.432926 -0.010640 1.238207 0.558907 -0.566086 
kiwi -0.188875 -0.482791 0.918096 -1.296778 0.206143 2.009809 0.780816 -0.552983 0.679628 0.195234 
wasabi -0.639235 2.215135 0.510709 0.122057 1.497924 1.428148 -0.688733 0.213553 -0.067200 -0.873904 
watermelon -0.964448 0.380619 1.682822 -0.743025 -0.812306 1.742988 1.359195 -0.486124 0.212452 0.311028 
lime_peel_oil -0.983928 0.530331 1.006682 -0.775873 -0.098440 1.152841 1.147727 -1.000368 -0.062891 0.641696 
okra -1.740278 0.315235 -0.687681 0.250659 0.342395 0.086738 0.370006 -0.500747 -0.257763 0.630415 
macadamia_nut 0.366464 -0.277481 -0.147129 -0.226947 0.784816 1.404210 0.813201 -0.504090 0.892776 0.212540 
smoked_salmon -0.680180 1.415266 1.358554 0.178349 0.963563 -0.038678 0.634201 -0.686827 0.973054 -1.100873 
kale -1.671408 -0.459669 0.142043 0.157636 0.236984 -0.124697 0.407855 0.333681 -0.204997 -0.447878 
popcorn 0.323659 -1.221742 -0.448964 0.245979 1.512865 0.941226 0.878530 -0.937841 0.315987 0.109815 
rye_bread -1.158186 0.920269 0.117338 1.668312 0.029298 0.241982 -0.343291 -0.843259 1.603802 -1.164759 
star_anise -1.122582 -0.111041 -0.159237 -0.987273 -0.490464 1.136978 0.970770 0.256462 -0.599892 -0.439618 
brussels_sprout -0.806749 -0.416698 0.483155 0.802590 0.415929 0.156794 0.367449 0.572455 0.115369 -1.197441 
tea -0.594123 0.148243 -0.415226 -0.256621 -0.731693 1.441531 1.403738 0.000499 0.235252 0.174639 
thai_pepper -0.977745 -0.104161 -0.136928 -0.781043 1.244276 0.921576 0.971498 -0.661221 -1.155001 0.634592 
champagne_wine -1.024553 0.252824 0.929758 -0.342372 -0.642226 0.938391 0.340134 -0.275000 0.796978 -0.820502 
anise_seed -0.243110 0.027157 0.360020 0.759172 -0.471388 1.197328 1.206627 -0.251492 0.236946 -0.794082 
yam -0.754685 -1.201655 -0.773532 -0.120562 0.093663 0.376930 1.434344 0.526616 -0.258560 -0.770715 
bitter_orange -1.359371 -0.170438 0.237217 -1.084338 -1.341203 1.268204 1.154297 0.432288 1.833688 0.469327 
wheat_bread -0.461009 -0.091464 0.185412 0.713428 0.794126 0.674292 -0.149606 -0.973360 0.637472 -0.320722 
