249 10
</s> 0.040027 0.044194 -0.038303 -0.032780 0.013666 0.030211 0.009409 0.002113 -0.036035 0.022185 
egg -0.555917 -0.290011 -0.276673 0.191309 0.560770 0.806328 0.682058 0.211915 0.840530 -0.291736 
butter -0.722598 -0.036405 -0.120961 0.785063 0.266323 0.684540 1.022779 -0.119599 0.474887 -0.369145 
wheat -0.644400 -0.100171 -0.488143 0.408044 0.429712 0.808124 0.889808 -0.044480 0.529811 -0.248858 
onion -1.034166 -0.229660 0.023465 0.064738 1.113447 0.252100 0.113338 -0.009105 -0.168969 -0.109308 
garlic -0.878289 -0.073141 0.150964 -0.181854 1.287378 0.277624 0.059614 0.043468 -0.311338 -0.329448 
milk -0.690622 -0.247664 -0.149167 0.796008 0.216132 0.813808 1.201212 -0.144986 0.659737 -0.070647 
vegetable_oil -0.720671 0.006339 -0.204750 0.070165 0.805293 0.869214 0.406866 0.100498 0.070064 0.377857 
cream -0.559974 -0.222251 0.209598 0.297397 0.443443 0.853257 0.849181 0.054714 0.565884 0.012168 
tomato -0.858773 -0.446711 0.271962 0.481441 1.279156 0.109664 0.270313 0.414660 -0.525051 0.022446 
olive_oil -1.123290 -0.191726 0.804516 0.525241 0.602742 0.377651 0.347664 0.255422 -0.450226 -0.085506 
black_pepper -0.950046 0.118509 0.147889 -0.010357 1.017980 0.393392 0.004103 0.096338 -0.284616 -0.434769 
pepper -1.237116 -0.326108 0.001634 -0.201481 0.843075 0.260511 0.259376 -0.079250 -0.218957 -0.075159 
vanilla -0.074198 -0.645937 -0.558920 -0.395028 0.737523 1.125817 1.492898 0.398126 1.411192 -1.321066 
cayenne -0.742177 -0.161410 0.163167 -0.256298 1.459135 0.434683 0.305698 0.034349 -0.707554 0.111479 
vinegar -0.487188 -0.328966 -0.085427 0.098862 1.230072 0.997172 -0.477117 0.449374 -0.128469 0.011114 
cane_molasses -0.399220 -0.649181 -0.866281 0.471255 0.527712 1.106456 0.679936 0.254381 0.089348 -0.055294 
bell_pepper -1.068809 -0.338646 0.207250 0.008972 1.212239 0.137619 0.108582 0.081389 -0.356395 -0.081966 
cinnamon -0.715122 -0.432790 -0.873751 -0.067648 0.169105 0.955105 0.892148 0.602928 0.217339 -0.722679 
parsley -1.336153 0.272298 0.272509 0.478764 0.701579 0.209412 0.187404 0.409663 0.216814 -0.133257 
chicken -1.070097 -0.143415 0.371771 0.042365 0.737126 0.560027 0.499522 -0.301304 -0.329136 0.244050 
lemon_juice -0.763509 -0.212656 0.335642 -0.004613 0.486086 0.653004 0.585684 0.676277 0.103876 0.043898 
beef -0.802000 -0.005497 -0.322508 0.384377 1.414833 0.638194 -0.406014 -0.096649 -0.357664 -0.203178 
cocoa 0.143293 -0.670416 -0.519370 0.556027 0.867534 0.918188 1.812600 -0.058861 0.858844 -1.136706 
corn -0.423761 -0.726209 -0.200342 0.392158 1.129553 0.561104 0.438105 -0.045523 -0.457447 -0.054991 
bread -1.040812 -0.447326 0.188705 0.434048 0.924867 0.061777 0.173635 0.392034 0.346018 -0.301024 
scallion -0.539694 0.514600 0.325082 -0.378473 1.588576 0.729107 0.168569 -0.071730 -0.217140 -0.128157 
mustard -0.748173 -0.280349 -0.131788 0.104860 0.844745 0.887656 -0.257043 0.644864 0.260603 0.133591 
ginger -0.710434 0.449584 -0.509957 -0.730367 0.843993 0.966235 0.435355 0.367551 -0.576694 -0.451394 
basil -1.142073 -0.248813 0.708882 0.722536 0.872842 -0.074705 0.523880 0.205100 -0.303617 -0.339375 
celery -1.415231 0.141192 -0.107469 0.463036 0.743034 0.534830 -0.145610 -0.311000 0.059701 -0.013818 
carrot -1.226679 0.476111 -0.295267 0.103760 0.681419 0.850892 -0.108877 -0.380846 -0.332404 -0.242598 
potato -1.505366 0.265611 -0.472057 0.182642 0.803132 0.284923 0.081656 -0.143794 0.097620 -0.092227 
chicken_broth -1.411681 0.158620 0.209691 0.396435 0.458033 0.348276 0.365457 -0.249861 -0.250627 -0.310602 
yeast -0.840351 -0.439419 -0.374880 0.134386 0.659014 0.265122 0.682788 0.067443 0.748680 -0.697820 
rice -0.712517 0.551403 0.046502 -0.391302 1.218724 0.734989 0.422542 -0.343705 -0.157634 -0.190857 
mushroom -1.089170 0.508774 0.226136 0.783354 1.135110 0.257660 0.246685 -0.489940 0.252053 -0.286202 
cheese -0.675428 -0.550796 0.632466 0.931635 0.957412 0.305083 0.555203 -0.274496 -0.019304 -0.070233 
soy_sauce -0.308433 0.526940 -0.182984 -0.265359 1.566087 1.147988 0.080087 -0.182432 -0.550644 -0.358666 
cumin -1.170060 -0.473106 -0.187020 -0.464995 0.800310 0.269208 0.863413 0.194351 -0.955548 0.028781 
oregano -1.141309 -0.456176 0.396915 0.684904 1.043347 -0.156884 0.469394 0.360186 -0.490654 -0.192540 
parmesan_cheese -1.292795 0.073104 0.744254 1.408452 0.602919 0.093005 0.753555 -0.011427 0.340744 0.018303 
macaroni -1.299585 -0.214421 0.931098 0.305294 1.288394 -0.397019 0.398123 -0.050659 0.129045 -0.474753 
thyme -1.435960 0.107582 0.009026 1.048406 0.384934 0.354135 0.005153 0.092575 -0.166039 -0.650400 
cheddar_cheese -0.880726 -0.526777 -0.099466 0.804599 1.329677 0.068433 0.657190 -0.318977 0.534853 0.408918 
lard -0.491248 -0.547829 -0.667866 0.399951 0.523816 0.738105 0.863533 0.213720 0.651429 -0.665510 
lemon -0.683107 -0.089365 0.392302 0.225625 0.121524 1.007503 0.780395 0.947450 0.000257 0.141043 
cream_cheese -0.239014 -0.554121 0.186174 0.256087 0.849580 0.740896 1.177005 0.380971 1.023004 0.117942 
walnut -0.536389 -0.351761 -0.402364 0.059291 0.084673 1.292752 0.848850 0.340527 0.860529 -0.778931 
green_bell_pepper -1.064281 -0.335809 -0.095628 0.253242 1.392493 0.051365 0.306377 -0.139957 -0.247489 0.196155 
starch -0.197549 0.230313 -0.088430 0.237410 0.719158 1.122414 0.482468 -0.286657 0.027505 -0.669987 
nutmeg -0.778943 -0.072983 -0.764766 0.409806 0.102241 0.740348 0.885221 0.548611 0.184784 -0.960910 
honey -0.421783 -0.521492 -0.156731 -0.394674 0.495362 1.174909 0.362480 0.142149 -0.005344 -0.486046 
apple -0.686960 -0.725476 -0.575950 0.078714 0.087042 1.231263 0.354210 0.226115 0.213486 -0.543442 
almond -0.686034 -0.230445 0.003087 0.058248 -0.059838 1.111008 0.983041 0.055436 0.232989 -0.623391 
cilantro -0.627918 -0.420386 0.329519 -0.189034 0.998442 0.659999 0.769439 0.361735 -1.103514 0.185073 
pecan -0.278005 -0.449003 -0.433613 0.068961 0.258785 1.383733 0.984818 0.301287 0.839260 -0.714106 
white_wine -1.270333 0.344916 0.877980 0.222654 0.647311 0.314077 0.093004 0.480254 0.027540 -0.405982 
bacon -1.048349 -0.237422 0.119057 0.637566 0.911119 0.567659 -0.283470 -0.211585 0.321768 -0.058686 
pork -0.628152 0.009700 -0.318533 0.346958 1.108765 0.890377 -0.240936 -0.049042 -0.663803 -0.307677 
raisin -0.825113 -0.384345 -0.717034 0.203031 -0.143290 1.140230 0.998128 0.252485 -0.079086 -0.601529 
bean -0.953929 -0.204647 -0.153202 0.430451 1.110085 0.592028 0.120215 -0.438140 -0.578573 0.114605 
rosemary -1.398086 -0.492091 0.374058 1.063242 0.516718 0.129441 -0.032413 -0.050079 -0.327316 -0.895200 
fish -0.647297 0.554631 0.576982 -0.566868 1.584907 0.485439 0.253215 0.327157 -0.223143 -0.270031 
cucumber -0.589567 0.207516 0.271712 -0.387532 1.082902 0.923119 0.218251 0.470288 0.654431 0.425330 
olive -1.176603 -0.499756 0.476370 0.569941 0.987746 0.116925 0.133560 0.544232 0.011936 0.206466 
coconut -0.520598 0.195459 -0.268929 -0.153514 0.298183 1.383174 1.855268 -0.258584 -0.363494 0.387931 
orange -0.340749 -0.463832 0.211292 0.086885 0.004365 1.407159 0.753830 1.127524 0.061875 -0.591885 
tamarind -0.319818 -0.679142 -0.520440 0.862093 1.516605 0.509271 -0.059133 0.656992 -0.132969 -0.068528 
vegetable -0.835146 0.766087 -0.025606 -0.120331 1.219689 0.782249 -0.042678 -0.218941 -0.225086 -0.461989 
orange_juice -0.488943 -0.462775 0.410475 -0.024711 -0.076534 1.605964 0.549300 0.246402 -0.106236 -0.306172 
buttermilk -0.555359 -0.738603 -0.351987 0.541586 0.520329 0.530968 1.103186 0.126963 0.445878 -0.362358 
pineapple 0.031986 -0.454167 0.087776 -0.153351 0.516478 1.554156 0.938989 0.205474 0.013179 -0.180954 
shrimp -0.864347 0.618193 0.318028 -0.569026 1.604563 0.302967 0.238670 0.550204 -0.243313 -0.215975 
coriander -1.370940 0.006216 -0.174360 -0.749148 0.536381 0.707785 0.897852 0.308723 -0.740720 0.449290 
bay -1.645792 0.041759 -0.495522 0.089742 0.967013 -0.095178 -0.214057 0.732891 -0.598062 -0.716077 
lime_juice -0.273242 -0.550365 0.712566 -0.256513 1.236852 0.910471 0.759656 0.404543 -1.023253 0.330826 
red_wine -0.970696 -0.110839 0.286651 0.486815 0.564451 0.826541 -0.396194 0.543587 -0.479120 -0.360313 
gelatin -0.004228 -0.769489 0.352239 -0.065966 0.426092 1.327919 1.268340 -0.019560 0.712073 -0.959074 
pork_sausage -1.445554 -0.366552 -0.030316 1.491382 0.782361 0.003120 0.176832 0.104924 -0.167309 -0.271920 
sesame_oil -0.332841 0.957737 0.035159 -0.276399 1.713349 1.308621 0.281893 -0.369955 -0.437119 -0.112693 
chive -0.984704 0.244670 0.316052 0.086793 0.526802 0.647847 0.275515 0.729237 1.121630 -0.026198 
seed -1.215405 -0.799391 -0.150402 -0.896630 0.689476 0.631896 -0.293409 0.200216 0.417020 -0.385404 
mozzarella_cheese -1.068655 -0.492898 0.616772 1.601436 1.394274 -0.421757 0.640227 0.113637 0.293003 -0.254184 
ham -1.114004 -0.266204 0.184156 0.408231 0.768244 0.573484 -0.116932 -0.333864 0.483512 -0.032322 
oat -0.342978 -1.197713 -1.056573 -0.063205 0.736321 0.722093 1.360186 -0.071402 0.547828 -1.110818 
turmeric -1.472275 0.121460 -0.332128 -0.671318 0.391091 0.778206 1.090202 0.328612 -0.652106 0.650830 
nut -0.656655 0.035240 0.234155 -0.141655 0.477803 0.885972 0.106537 -0.423053 -0.007225 -1.222196 
shallot -1.162472 0.216645 1.035235 -0.448511 0.499404 0.699319 0.009713 0.310157 -0.164894 -0.473361 
lettuce -0.515662 -0.573905 0.780012 -0.080040 1.194695 0.904245 -0.200003 -0.112301 0.147643 0.215579 
cider -0.611530 -0.577480 -0.311458 0.471722 0.388663 1.611423 -0.366444 0.157595 -0.341759 0.224717 
dill -1.253537 -0.147518 0.166276 -0.038196 0.762438 0.545742 -0.237880 0.444267 0.719650 0.129527 
pea -1.241866 0.371485 0.139491 0.019298 0.913994 0.517127 0.144774 -0.227893 -0.026442 0.156725 
zucchini -1.506177 -0.157906 -0.091806 0.418016 0.624676 -0.141552 0.704798 0.006364 0.102639 -0.150929 
cherry -0.084092 -0.317373 -0.253173 -0.037471 0.281485 1.476741 1.063612 0.571855 0.584756 -1.069541 
lime -0.240105 -0.395203 0.632313 -0.242913 0.735580 1.284701 0.923572 0.393164 -0.979593 0.222977 
yogurt -1.061474 -0.607207 0.412393 -0.510280 0.034600 0.965750 0.880953 0.242763 0.003322 0.195059 
strawberry -0.049908 -1.211688 0.733558 -0.180260 0.431607 1.352741 1.448190 0.507098 0.870088 -0.801504 
soybean -0.538166 0.875250 -0.015856 -0.425787 1.475333 1.165152 0.251480 -0.521671 -0.326781 -0.293460 
celery_oil -0.168151 -0.609937 -0.843538 0.974365 1.544980 0.963747 -0.155305 0.429167 -0.285698 0.185661 
peanut_butter -0.088201 -0.483923 -0.585952 -0.459768 1.255835 1.071714 1.301734 -0.764702 0.391433 -0.024068 
banana -0.086251 -0.759812 -0.025635 -0.061662 0.433062 1.432596 1.598418 0.001539 0.360756 -0.040321 
meat -0.937005 -0.342930 0.055420 0.486058 0.603163 0.640303 -0.137334 -0.228691 -0.242214 -0.638927 
tabasco_pepper -0.878881 -0.600103 -0.328628 0.163899 1.414427 0.338015 -0.102441 0.506538 -0.130147 0.271297 
milk_fat -0.693833 0.114334 0.140650 0.692034 0.139581 0.737280 1.025022 0.230964 0.494767 -0.491636 
cabbage -0.963406 0.023695 -0.131769 -0.126877 1.036112 1.030576 -0.492635 -0.333523 -0.071853 0.055502 
mint -0.579070 -0.194539 1.024945 -0.188726 0.477094 0.816269 0.967609 0.620143 -0.664583 -0.087536 
fennel -1.500295 -0.247671 0.920226 0.510717 0.529125 0.017763 -0.008293 0.306904 -0.274771 -0.969100 
sage -1.292368 -0.436660 -0.085198 1.175344 0.306377 0.506569 0.006215 -0.602790 -0.251798 -0.954315 
broccoli -1.233924 0.165961 0.116281 0.151280 0.960946 0.273146 0.539796 -0.748934 0.475077 0.122400 
turkey -1.029009 -0.519780 0.253529 0.710528 0.533068 0.700540 0.093736 -0.798806 -0.168105 -0.269864 
fenugreek -1.463119 0.146233 -0.095180 -0.773703 0.345215 0.758869 1.167521 -0.138650 -0.650431 0.360860 
cranberry -0.529154 -0.944562 0.315221 0.646575 -0.188309 1.494134 0.470792 -0.116044 0.000633 -0.648168 
wine -0.519591 0.026516 0.626071 -0.040010 0.690187 0.984960 0.002042 -0.220117 -0.105764 -0.680396 
beef_broth -0.902530 0.581815 -0.518761 0.597471 1.243401 0.619465 -0.415458 0.123879 -0.299701 -0.688667 
grape_juice -0.877393 -0.449535 0.944830 0.549924 0.295870 0.948265 -0.072094 0.137782 -0.342745 -0.269355 
pumpkin -0.404362 0.871511 -0.984204 -0.010957 0.807418 0.977194 0.939837 0.210177 0.112556 -0.587320 
raspberry -0.050872 -1.111611 0.648236 0.090403 0.375961 1.344992 1.029512 0.468142 0.932150 -0.981789 
whole_grain_wheat_flour -0.918336 -1.181732 -0.371296 0.077029 0.320200 0.582888 0.641588 -0.089284 0.476867 -0.477771 
lemon_peel -0.756336 -0.207216 0.687988 0.281653 0.046879 0.596132 1.066430 0.768478 0.298169 -0.625577 
coffee -0.276276 -0.490837 -0.673297 0.275406 0.469086 1.298238 1.117752 -0.029982 0.945263 -0.365845 
sesame_seed -0.392970 0.402946 -0.036814 -0.624630 1.026554 1.237762 0.283458 -0.136038 0.092292 -0.221891 
avocado -0.260628 -0.748537 0.770101 -0.129745 1.452653 0.779544 0.338345 0.433675 -0.392685 0.498202 
sherry -0.843611 0.321563 0.407855 -0.069917 0.384963 0.972453 0.166689 0.125308 -0.133977 -0.428000 
sake -0.225078 1.019190 -0.184240 -0.273483 1.920166 1.158602 0.034267 0.035561 -0.380665 -0.706087 
feta_cheese -0.966995 -0.541615 0.956972 0.570184 0.613683 0.350371 0.291084 0.902847 -0.315310 0.031977 
apricot -0.600029 -0.430610 -0.170584 0.208319 -0.245532 1.337160 0.904019 0.222244 -0.093378 -1.019400 
roasted_sesame_seed -0.192806 0.999164 0.016747 -0.003780 2.001055 1.222665 0.229805 -0.176960 -0.753521 -0.355032 
rum -0.035904 -0.693444 -0.207774 -0.949938 0.475780 1.484683 1.374092 0.778305 0.458162 -1.060361 
orange_peel -0.675725 -0.422453 0.081529 0.043022 -0.147896 1.084473 0.762844 0.689050 0.337966 -1.165270 
squash -1.454478 0.084170 0.171656 0.575487 0.191159 0.354110 0.814721 -0.038810 -0.644841 -0.096548 
crab -0.867033 0.684152 -0.014227 0.059569 1.487000 0.252172 0.536615 1.146087 0.508207 0.502099 
marjoram -1.425936 -0.422692 -0.167267 0.858436 0.535320 0.261078 -0.189053 -0.382043 -0.147493 -0.996909 
swiss_cheese -1.259549 -0.456800 -0.040852 0.754359 0.888173 0.493347 0.067622 -0.548861 1.096743 0.326489 
sweet_potato -1.067245 0.125472 -0.619893 0.303994 -0.046298 0.951968 0.941583 0.080719 -0.687488 -0.308064 
shiitake -0.535848 1.295517 0.388137 0.205620 1.621734 0.913627 0.163798 -0.541128 -0.170634 -0.820225 
radish -0.544098 0.863789 0.527893 -0.568462 1.762328 1.054274 -0.197321 0.275556 -0.119420 -0.319269 
peach -0.158967 -0.981508 0.388007 -0.277996 0.356502 1.252338 0.944516 0.523445 0.023581 -0.560517 
tarragon -1.308093 0.334505 1.005705 0.270816 0.405553 0.784238 -0.116432 0.493944 0.566589 0.156397 
black_bean -0.858657 -0.790238 0.220150 0.224387 1.418865 0.391212 0.419408 -0.371526 -1.118657 0.335282 
lamb -1.362767 -0.380064 0.181703 0.130618 0.207579 0.319792 0.361716 0.858272 -0.909553 -0.590177 
maple_syrup -0.545514 -0.869796 -0.550094 0.134473 0.298301 1.166360 0.466147 0.032159 0.176241 -0.368804 
pear -0.113748 0.418768 0.331664 -0.126111 0.453540 1.728408 -0.028057 0.264487 0.022379 -0.891431 
fruit -0.123754 -0.721824 0.112517 -0.024670 0.245738 1.172807 1.456680 0.217377 -0.005712 -0.992877 
blueberry -0.026783 -1.430313 0.596039 0.032553 0.609423 0.895741 1.510290 0.497610 0.906731 -1.020943 
clam -1.002567 1.551264 0.329941 0.072108 1.735513 0.213010 0.439378 0.872879 -0.393505 -0.596208 
smoke -1.205274 -0.360956 0.233313 0.660717 0.709052 0.638525 -0.263718 0.146926 -0.190952 0.136487 
tuna -0.623223 0.158735 0.373582 -0.035086 1.526046 0.741424 0.011166 0.312077 0.601691 0.597172 
kidney_bean -1.135506 -0.607608 -0.514216 1.009263 1.190593 0.590919 0.194634 -0.255262 -1.067288 0.587144 
peanut 0.153374 -0.305695 -0.039564 -0.368880 1.421954 0.996294 1.347644 -0.937215 0.086358 -0.257949 
asparagus -1.165156 0.396585 0.813487 0.036368 0.711979 0.342150 0.248446 -0.008569 0.528004 -0.368677 
salmon -0.928042 0.199953 0.546705 -0.670405 0.894837 0.702343 0.127538 0.519703 0.295478 0.106294 
leek -1.856311 0.651142 0.353632 0.011555 0.352637 0.328203 0.010463 -0.081998 0.096044 -0.555726 
chickpea -1.460635 -0.294640 0.037843 -0.160697 0.601632 0.350725 0.382213 0.240911 -0.924903 0.043787 
blue_cheese -0.340680 -0.652105 0.791814 1.004217 0.732797 1.035887 -0.303693 0.647837 0.512480 -0.195780 
brandy -0.524672 0.018007 0.110721 0.542636 -0.205957 1.466177 0.506823 0.946699 0.448511 -1.167003 
artichoke -1.175181 -0.097142 0.863248 0.601247 0.972166 -0.181224 0.446041 0.685180 0.383377 -0.280253 
horseradish -0.795458 -0.366230 -0.217353 0.312158 1.190135 0.763885 -0.457972 0.709155 0.643732 0.356002 
mango -0.427169 -0.594417 0.699989 -0.625973 0.699327 0.909439 1.294908 0.450965 -0.811627 0.040647 
date -0.603970 -0.152665 -0.684168 0.261301 -0.237518 1.543426 1.070412 0.425932 0.267026 -0.928752 
cardamom -1.204332 -0.260787 -0.390092 -0.512992 -0.268282 0.896656 1.238413 0.321829 -0.411956 -0.660499 
white_bread -0.981523 -0.502619 -0.037911 0.761447 0.633753 0.276816 0.194842 0.122856 0.277312 -0.523940 
oyster -0.785931 0.941940 0.311230 0.048882 1.378681 0.735293 0.013918 -0.400275 -0.235468 -0.609519 
cottage_cheese -0.672177 -0.873893 0.618740 1.350556 0.738374 0.395951 0.902500 -0.095729 0.633522 0.354474 
grape -0.746204 -0.833586 0.715566 -0.604163 0.009720 1.677897 0.402490 -0.386164 0.159776 -0.023753 
brown_rice -1.273031 -0.150331 0.048674 -0.041050 0.728113 0.383085 0.344081 -0.891783 -0.139227 -0.293780 
cauliflower -1.597844 0.241004 0.118520 -0.100447 0.569238 0.657381 0.313982 -0.679562 0.320148 0.514449 
cured_pork -1.204872 -0.279462 0.956125 1.579186 0.754941 0.129326 0.095334 0.003084 -0.073044 -0.794379 
egg_noodle -1.126727 -0.262293 -0.218651 0.381088 1.328840 0.059613 0.170670 -0.696615 0.378162 -0.252626 
beer -0.874390 -0.495457 -0.805599 0.373425 1.064097 0.410182 -0.179940 0.518698 -0.242334 -0.406556 
hazelnut -0.448409 -0.048522 0.037500 0.579007 0.159997 1.080831 0.576020 0.039323 0.630550 -1.224405 
mandarin -0.097227 -0.689043 0.878596 -0.353150 0.544466 1.562519 0.777414 -0.219909 0.445833 -0.043551 
romano_cheese -1.089249 0.059566 1.014759 1.370741 0.900645 0.053260 0.478971 0.208638 -0.014774 -0.307268 
plum -0.673393 -0.338457 -0.186348 -0.112934 -0.047558 1.276139 0.222539 0.395644 -0.183182 -1.127578 
pimento -1.187771 -0.393141 0.330831 0.204118 1.191922 0.051916 0.392997 0.152725 0.025302 0.423397 
smoked_sausage -1.721683 -0.233460 -0.735775 0.620743 1.235148 0.046649 -0.310353 -0.039584 -0.144216 -0.010986 
scallop -1.029473 0.686191 1.105402 0.020747 1.023116 0.195611 0.432139 0.823861 -0.157296 -0.363169 
goat_cheese -1.081727 -0.189579 1.051009 0.830907 0.155003 0.796748 -0.045674 0.440951 0.379070 -0.435168 
lentil -1.740651 -0.246937 -0.360225 -0.222320 0.526021 0.283903 0.263881 -0.163383 -0.822814 -0.202711 
currant -0.770139 -0.291529 -0.294309 0.364737 -0.381860 1.357089 0.665800 0.625804 0.047975 -1.139280 
saffron -1.727651 0.698691 0.110216 -0.169973 -0.003271 0.228597 0.986574 0.660694 -0.781710 -0.761723 
barley -1.109000 0.180780 -0.568174 -0.142929 0.791434 0.896916 -0.149130 -1.029877 -0.398590 -0.832883 
caraway -2.064763 -1.076168 -0.934488 -0.311839 0.197595 0.755774 -0.319315 0.129894 0.369800 0.155226 
beet -1.261779 -0.299381 0.529808 0.104399 0.024760 1.431419 -0.734268 0.616065 -0.073425 -0.084797 
squid -0.420844 1.369078 0.446298 0.068824 2.036967 0.599124 0.463631 0.614459 -0.677111 -0.730313 
corn_flake -0.867898 -0.553809 -0.521867 -0.063549 0.660736 0.513247 1.253060 -0.809497 0.455091 -0.099448 
anise -0.683714 0.291077 -0.481492 -0.225793 0.192220 1.054464 0.452382 0.656971 0.094861 -1.065189 
roasted_beef -0.982395 -0.247337 -0.506449 0.726523 1.047435 0.669979 -0.645501 0.278585 -0.007647 -0.290573 
pistachio -0.854285 0.179179 0.602443 0.039179 -0.395344 1.153578 1.182611 0.370037 0.572511 -0.889386 
peanut_oil -0.653694 0.412502 0.136524 -0.378907 1.095306 1.081049 0.465221 -0.629830 -0.716985 -0.049573 
cereal -0.484276 -1.054485 -1.106863 -0.078191 0.817150 0.760756 1.010151 -1.093120 0.203538 -1.345781 
cashew -0.828427 -0.232145 -0.006977 -0.462807 0.243967 1.358899 0.702605 -0.765464 -0.259043 0.022001 
veal -1.425182 0.301735 0.423476 0.813449 0.506633 0.078492 -0.073455 0.588188 0.231269 -1.079498 
seaweed -0.159881 1.010495 0.257478 -0.488517 2.082696 1.473818 -0.006259 0.149035 0.467722 0.067151 
turnip -1.867721 0.547759 -0.305983 0.417342 -0.227088 1.072485 -0.188515 0.052361 -0.387877 -0.532610 
sauerkraut -1.758182 -1.044513 -1.106036 0.532064 1.073151 0.363105 -0.640564 -0.175877 0.773177 -0.058307 
berry -0.357462 -1.651187 0.550283 0.311778 0.180944 1.344075 0.543188 -0.379232 0.949760 -1.384331 
kelp -0.183184 1.749509 -0.127929 0.098721 2.529428 1.148163 0.360729 0.127733 -0.196476 -0.733183 
tomato_juice -1.159097 -0.189248 -0.659810 0.627587 1.401255 0.167622 -0.192116 0.441022 -0.429734 0.030158 
cod -1.354324 0.798391 -0.115387 -0.218180 1.063133 0.203187 0.307152 0.624266 -0.222188 -0.059364 
provolone_cheese -0.995944 -0.579752 0.947689 1.093410 1.427515 -0.097291 -0.174544 0.189242 0.242377 -0.530083 
mussel -1.453052 1.272053 0.570477 -0.370804 1.512407 -0.136273 0.343099 1.000352 -0.564932 -0.648962 
blackberry -0.012222 -1.351553 0.439270 0.573595 0.431358 0.980597 1.398933 0.753216 0.787627 -1.130867 
roasted_peanut -0.198996 -0.177114 -0.157325 -0.334730 1.010139 1.254444 1.177900 -0.833027 -0.652907 0.081006 
rhubarb -0.146941 -0.711532 -0.185012 0.310504 0.348964 1.017807 1.513772 0.476637 0.673490 -1.129991 
chinese_cabbage -0.195937 1.471504 0.041870 0.272776 2.131057 1.189464 0.262102 0.197099 -0.960381 -0.670644 
corn_grit -1.159710 -0.401365 0.377287 0.315947 1.278671 -0.078776 0.335137 -0.152578 -0.557669 -0.164274 
chicory -0.726704 0.200564 1.314168 0.568150 0.595381 1.373876 -0.667649 0.411493 -0.041858 -0.304808 
bourbon_whiskey -0.089731 -0.638903 -1.055754 0.589295 0.495574 1.800303 0.141763 0.975478 0.211151 -0.486162 
citrus 0.230629 0.254681 -0.041455 -0.222582 0.402727 1.894420 0.637901 1.136595 0.077348 -1.305437 
lima_bean -1.500944 -0.544288 -0.530479 0.625194 1.058712 0.464233 -0.418107 -0.179291 -0.970940 -0.037123 
lovage -1.301369 0.668949 -0.974846 0.422570 1.042810 0.251464 0.436788 2.167614 0.146634 0.493694 
melon -0.448899 -1.014803 1.283766 -0.997582 0.362589 1.346590 0.983091 0.686072 -0.082790 -0.559366 
parsnip -1.929140 0.102138 0.031199 0.140985 -0.240148 0.870981 -0.172073 -0.289082 -0.327845 -0.709839 
fig -0.510591 -0.402202 0.245668 1.120685 -0.219791 1.208264 0.393698 0.920950 0.002466 -1.449792 
lemongrass -0.723538 0.485484 0.611877 -0.839749 1.128093 0.751593 1.466223 -0.010912 -1.275850 -0.070747 
whiskey -0.142069 -0.699677 -0.894753 0.209746 0.411413 2.159502 0.154878 1.266135 0.408822 -0.185986 
watercress -0.596044 -0.211033 1.098687 -0.091108 0.675565 1.270724 -0.409286 0.439449 -0.101044 -0.170065 
tequila 0.287619 -0.799501 0.543007 0.213829 0.769131 1.449334 0.690742 1.063922 -0.912808 -0.223074 
rye_flour -1.424546 -1.564121 -0.864043 -0.253442 0.431140 0.582594 -0.071354 0.272363 0.999786 -0.604268 
peppermint -0.319937 -0.317853 -0.068892 0.031619 0.577048 1.162910 1.568249 0.057401 1.629565 -0.259447 
savory -1.417891 0.001631 0.108086 0.642985 0.453086 0.444245 -0.295254 -0.029861 -0.471507 -1.043030 
lobster -1.086321 0.672808 0.810645 -0.211918 0.921790 0.115655 0.335902 1.189912 0.032301 -0.717917 
roasted_pork -1.138425 -0.936625 -0.620950 0.645548 0.353042 0.929007 -0.503616 0.248064 -0.605326 -0.446072 
mace -0.947287 -0.115277 -0.856905 -0.159723 -0.122661 1.182999 0.609061 0.502545 -0.175856 -0.923692 
endive -1.158899 0.029496 1.366968 0.658332 0.310882 1.161411 -0.591103 0.279591 0.021067 -0.268915 
brassica -1.121837 0.814530 0.473475 0.190351 0.821501 1.313512 -0.645765 0.168829 -0.694884 -0.158968 
grapefruit -0.109521 -0.578146 0.896792 -0.298766 0.417031 1.819556 0.246221 0.797225 -0.319018 -0.129414 
enokidake -0.359657 1.781802 -0.278529 0.370504 2.333538 1.104347 0.332446 -0.169326 -0.225586 -0.696405 
porcini -1.677570 0.678329 0.608595 0.907455 0.548506 0.133545 0.053360 -0.357649 -0.001091 -1.039188 
kiwi 0.011414 -0.816335 1.161803 -0.562098 0.543448 1.548520 1.472506 -0.020157 0.260276 -0.377606 
wasabi -0.142175 0.629773 0.179233 -0.323789 2.303597 1.389541 -0.311101 0.569714 0.843608 0.459937 
watermelon -0.389203 -0.866460 1.402109 -0.705232 0.308526 1.460808 0.927082 1.068554 -0.494765 -0.340995 
lime_peel_oil -0.315156 -0.503191 1.208980 -0.640859 0.729084 1.114773 1.062436 0.504690 -0.554680 0.150448 
okra -1.205630 -0.034106 -0.373547 0.300438 1.209531 0.203327 0.268771 0.548311 -0.843906 0.180082 
macadamia_nut 0.000748 -0.524044 -0.156258 -0.185149 0.855218 1.129321 1.323420 0.135778 0.672589 -0.180786 
smoked_salmon -1.145193 0.089292 0.730011 -0.435784 0.945859 0.692779 0.139366 0.680175 1.408732 0.720141 
kale -1.665647 0.190352 0.452391 0.310642 0.471466 0.437194 -0.082983 0.010208 -0.491975 -0.244807 
popcorn -0.051793 -0.738546 -0.700835 0.263639 1.170383 0.729174 1.577028 -0.537883 -0.173992 -0.175719 
rye_bread -1.524868 -1.046924 -0.329623 0.445403 1.042832 0.484401 -0.721962 0.434123 1.399821 0.138339 
star_anise -0.620379 0.367436 0.302674 -0.548846 0.172681 1.505815 0.389928 0.379018 -0.846477 -0.663767 
brussels_sprout -1.251526 0.151805 0.335764 0.496839 0.270363 0.846797 -0.132597 -0.205543 0.209489 -0.313326 
tea -0.495862 -0.444805 -0.070052 -0.675499 0.092608 1.263381 0.937555 0.858842 -0.341274 -0.869492 
thai_pepper -0.624708 0.220545 0.341327 -0.790469 1.264113 0.916664 1.005022 -0.217134 -1.117711 -0.008766 
champagne_wine -0.778676 -0.302528 0.928229 0.123668 -0.040125 1.441603 0.028355 0.684251 0.289129 -0.114165 
anise_seed -0.931350 -0.900106 -0.182809 -0.671269 0.125616 0.901738 0.394672 0.490697 0.132365 -0.750356 
yam -1.529178 -0.143317 -0.467075 0.109722 -0.448261 0.950407 0.805206 -0.308386 -0.613721 -0.594497 
bitter_orange -0.359456 -0.402609 0.663534 0.066714 -0.182396 1.952216 0.423416 1.366186 0.791956 -1.280156 
wheat_bread -0.680243 -0.865138 -0.122301 0.196292 1.184940 0.469713 0.238221 0.014013 0.534003 0.242453 
