249 30
</s> 0.013342 0.014731 -0.012768 -0.010927 0.004555 0.010070 0.003136 0.000704 -0.012012 0.007395 -0.014521 0.004165 -0.002504 -0.003191 -0.011052 -0.006274 0.008598 0.010085 0.009897 0.005325 0.005149 -0.012675 -0.013653 0.016565 0.012671 0.010300 -0.002013 0.013386 -0.001650 0.002449 
egg -0.458247 -0.224310 0.660263 -0.377416 0.538087 0.375033 0.002692 0.246207 0.362309 0.641245 -0.232213 -0.393838 0.612777 -0.186667 -0.396421 0.074832 -0.023352 -0.286220 -0.450015 0.251840 -0.073514 -0.244533 -0.167612 -0.140229 -0.242560 -0.048199 0.332184 -0.098538 0.198634 0.381004 
butter -0.618372 -0.301132 0.276836 -0.161384 0.039781 0.030945 0.066764 0.270638 0.501678 0.558414 -0.285275 -0.336038 0.371816 0.170715 -0.020420 0.201256 -0.097832 -0.360920 -0.350571 -0.225062 0.046330 -0.231843 -0.457510 0.013456 -0.072068 -0.418261 0.923154 0.526684 -0.093699 0.148220 
wheat -0.442420 -0.259051 0.467176 -0.044249 0.450902 0.379139 0.141525 0.390644 0.104589 0.160649 -0.142693 -0.285897 0.551543 -0.076862 -0.357888 -0.234779 0.070751 -0.221614 -0.584651 0.288576 -0.208756 -0.108527 -0.011216 -0.197315 -0.101077 0.116544 0.605677 0.266089 -0.139613 0.676457 
onion -0.304615 0.381013 0.148446 0.676768 0.476826 -0.688384 -0.456975 -0.343266 -0.189255 -0.246262 0.031050 -0.386342 0.313404 -0.319978 0.112830 0.480213 0.095508 -0.002066 0.183193 0.211524 -0.085684 -0.128928 -0.187361 0.373640 0.064207 0.220082 -0.087293 -0.026791 -0.068325 -0.560502 
garlic -0.428155 0.203187 0.151468 0.650071 0.371259 -0.539000 -0.262684 0.155898 -0.261575 -0.776137 -0.037716 0.035703 0.371514 -0.409261 0.532958 0.506565 -0.344053 -0.163215 0.409605 -0.078008 0.149987 -0.175444 0.005290 0.089608 0.343883 0.321533 -0.386889 -0.010121 -0.051813 -0.695215 
milk -0.591578 -0.357486 0.461464 -0.217886 0.125788 0.254831 -0.094022 0.063412 0.445737 0.951193 -0.502289 -0.394362 0.709864 0.213677 -0.160989 0.173041 -0.065347 -0.451481 -0.903858 -0.197935 -0.289928 -0.343512 -0.027706 0.017205 -0.178815 -0.101369 0.542967 0.487819 -0.129173 0.529649 
vegetable_oil -0.133848 -0.224599 0.063090 0.297680 -0.182226 -0.339761 0.082171 0.019435 0.551026 0.225551 0.040055 -0.063289 0.495313 -0.392892 -0.091797 0.276179 -0.006183 0.038216 0.174297 0.260799 0.458292 0.015936 -0.745789 -0.679518 -0.481428 -0.163070 0.054294 0.025112 0.153748 -0.556630 
cream -0.219183 -0.304594 0.458160 0.017279 -0.178050 0.118477 -0.116401 0.008696 0.794742 0.581302 0.021291 -0.208775 0.703432 0.164610 -0.402354 0.199680 0.265299 -0.587508 -0.253133 0.061194 0.115573 -0.400804 -0.088361 0.038687 0.075141 -0.457610 0.414829 0.311381 0.031767 0.083073 
tomato -0.577464 0.355991 0.054897 0.562576 0.025555 -0.767421 0.129848 0.001340 -0.988550 -0.822636 0.271188 -0.135633 0.738064 -0.237262 0.379758 0.763737 -0.339078 -0.116779 0.252703 0.167544 -0.393299 -0.560207 0.042216 0.873410 0.952414 0.613683 -0.824584 0.153844 -0.117700 -0.159366 
olive_oil -0.558273 -1.056246 0.895106 0.397327 -0.073776 -0.686827 0.372483 0.042513 -0.654060 -0.282918 0.278341 0.302042 0.320265 -0.115190 0.805021 0.438869 -0.218957 -0.290537 0.633316 -0.673361 -0.171693 0.055534 -0.584747 0.231370 0.136544 -0.408068 -0.117427 0.320682 0.274066 -0.903486 
black_pepper -0.272180 0.392247 0.524438 0.975814 0.040355 0.114537 -0.278602 0.006673 -0.228788 -0.834267 0.166749 0.073811 -0.029242 -0.076420 0.279596 0.545656 -0.224124 -0.166225 0.509198 -0.569005 0.301287 -0.109881 -0.437430 -0.200371 0.184759 -0.047032 0.251987 0.340878 -0.240789 -0.427546 
pepper -0.176089 0.585713 0.113748 0.565536 -0.103574 -0.742680 -0.202184 -0.660941 -0.212346 -0.793911 0.142182 -0.216516 0.291405 -0.321657 -0.019568 0.207037 -0.006553 0.215054 0.129975 0.046489 0.168938 0.240335 0.086277 -0.063781 0.172175 -0.261368 0.314286 0.725740 -0.160549 -0.965910 
vanilla -0.811900 -0.566139 0.275587 -0.523019 0.107570 1.969508 0.510238 -0.413734 0.408614 0.381680 -1.386093 -0.614504 0.291887 -0.454895 -0.583082 -0.352049 0.590423 -0.277572 -0.565307 -0.202597 0.249829 -0.955722 1.349567 0.396468 -0.322547 0.689252 0.739844 0.347575 2.049618 0.624537 
cayenne -0.380235 -0.062603 -0.592142 0.995304 0.030539 -0.376716 -0.406710 -0.095335 -0.084097 -0.640856 0.158579 -0.165327 0.620891 -0.679127 0.451501 0.655664 0.202312 0.111850 0.140825 0.442191 0.615394 -0.230648 0.644517 -0.294482 0.210181 0.463605 -0.943814 -0.043676 -0.215059 -0.601439 
vinegar 0.027634 1.011118 -0.498202 0.679277 0.280158 0.404747 0.564822 0.319941 -0.238633 0.313437 -0.476877 -0.155939 0.198777 -0.423376 0.478034 0.738216 -0.369395 -0.040660 0.904428 1.011304 -0.119636 -0.263528 -0.852166 0.268583 0.210573 0.063778 -0.442944 -0.235373 0.019240 -0.677276 
cane_molasses -0.054016 -0.093340 -0.168564 -0.323613 0.472767 1.020561 0.586258 0.221931 -0.084841 0.073564 -0.818935 -0.614611 0.501540 -0.919902 0.187581 0.124844 -0.130018 0.205134 -0.551674 0.488121 0.524189 0.357269 -0.775851 -0.500636 -0.360927 1.188594 0.487894 0.021569 -0.580397 -0.265299 
bell_pepper -0.183299 0.040069 0.108848 0.381446 0.199102 -0.583234 -0.261898 -0.151798 -0.390164 -0.353943 0.206125 -0.330122 0.599597 -0.238648 0.569742 0.548824 -0.211542 -0.143118 0.661425 0.172287 0.293201 0.211715 0.065116 0.028019 0.418118 0.060293 -0.416654 0.125317 -0.206668 -0.550765 
cinnamon -0.734210 -1.049552 0.034552 -0.115575 0.320353 1.452148 -0.056607 -0.128312 -0.346389 -0.596792 -0.513786 -1.570647 -0.260757 -0.769916 0.725944 -0.456020 0.539587 0.176716 -0.279823 0.143403 0.595349 0.385946 -0.158604 -0.553594 0.330720 -0.103310 0.621072 0.315441 0.717019 0.629592 
parsley 0.135055 0.016680 0.994242 0.589269 -0.131280 -0.246115 -0.438738 0.303010 -0.550861 -0.147452 -0.077023 0.051385 0.468920 0.557583 0.351524 0.694441 0.194494 -0.225810 0.800154 -0.354657 -0.450380 -0.590870 -0.508842 -0.037313 0.019096 -0.439116 0.218745 0.174949 -0.197861 -0.044531 
chicken -0.689013 0.595776 0.076170 -0.246431 0.168591 -0.633700 -0.405035 -0.069527 -0.194633 0.095519 0.367331 0.571010 -0.437772 -0.266952 0.739086 0.450958 -0.125514 0.086188 0.209750 0.422002 0.700577 0.603820 0.223925 -0.125022 -0.556250 -0.270559 -0.367040 1.178236 0.176615 -0.498779 
lemon_juice 0.014971 -0.306268 0.270581 -0.054436 0.703173 0.474377 0.315543 0.148101 -0.438595 -0.252256 0.531805 0.142025 0.727862 -0.086648 0.256600 0.148274 0.488259 -0.642148 0.342559 0.570524 -0.159093 0.297036 -0.135964 -0.086025 -0.135419 -0.699011 0.067731 -0.210181 0.237223 -0.389601 
beef -0.317862 0.681850 -0.012316 0.101453 0.530441 -0.449207 0.320461 0.016574 0.094297 -0.284294 -0.057994 -0.143796 -0.974815 -0.424599 -0.166027 1.219690 -0.079137 -0.447440 0.316519 -0.269784 0.203280 -0.135964 -0.471928 0.108454 0.531543 1.319762 -0.570078 0.401450 -0.231544 -0.535689 
cocoa -1.057310 0.614749 -0.803864 -0.039613 -0.831725 1.695434 0.141279 -0.100039 -0.048046 0.585709 -0.843100 0.054562 0.942863 0.320491 -0.493591 -0.511087 0.134614 -0.708276 0.374232 0.232863 0.669475 -0.216316 1.036645 0.275239 -0.129544 1.054363 1.954199 0.558118 1.283491 1.474129 
corn -0.055207 0.081445 -0.652710 0.790587 -0.085198 -0.278991 0.360262 -0.129320 0.234515 -0.040705 -0.114737 -0.004822 0.919508 -0.454867 -0.075140 0.591766 -0.260435 -0.735655 -0.481455 0.463169 0.002706 0.524432 -0.493546 0.604779 0.217425 1.394982 0.035334 -0.272827 -0.384564 -0.077909 
bread 0.145272 0.436212 0.673591 0.528376 0.189040 -0.156641 -0.045775 -0.376865 -0.538025 -0.194059 0.331893 0.307357 0.755777 -0.122124 0.344801 -0.017630 -0.610164 -0.280763 -0.227983 0.400470 -0.409795 -0.141907 -0.888162 0.294034 0.059440 0.019112 0.523106 0.321895 -0.465587 0.169544 
scallion -0.349869 0.408654 -0.325815 0.366604 0.740505 -0.348265 -0.763446 0.128834 0.247645 0.031035 0.193518 0.435961 0.562394 -0.559851 0.452357 0.222527 -0.401762 -0.149079 0.429762 0.138044 0.055032 -0.378657 0.801487 -0.899224 -0.163201 0.141389 -0.638657 -0.233062 0.794593 -0.753460 
mustard 0.749782 0.676184 -0.066241 0.336503 -0.143107 0.464781 -0.125907 -0.217643 -0.013354 0.021743 -0.018796 -0.703147 0.772802 -0.391395 0.024593 0.216281 -0.018430 -0.553060 0.869466 0.936863 0.393092 -0.495585 -1.125448 0.092932 0.579312 -0.278019 0.607521 -0.644707 -0.064967 -0.716917 
ginger -0.722260 -0.939863 -1.305710 0.700128 1.253706 0.212199 -0.448058 -0.221090 1.165470 -0.453971 -0.399692 -0.351129 -0.074689 -0.458386 1.236958 -0.297347 0.231530 0.464982 0.621649 0.501712 1.430960 -0.092772 -0.343422 -1.008848 -0.236411 0.073368 0.249037 -0.297151 0.533585 -0.428092 
basil -0.002673 0.081892 1.297029 0.217733 0.495217 -0.589312 0.464395 -0.105071 -1.331398 -0.612086 0.134740 0.571418 0.441848 0.211783 1.314463 0.454693 -0.736455 -0.083520 0.817136 -0.660028 -0.177174 0.219947 0.016378 0.214470 0.681359 0.081562 -0.280736 0.430963 -0.386544 0.250508 
celery -0.074759 0.590355 0.124368 0.722927 0.285656 -0.866066 -0.205474 0.228227 -0.601404 0.201521 -0.213229 -0.431810 -0.269047 0.147136 0.375863 1.172290 0.116144 0.563488 0.499028 0.403871 -0.707687 -0.070778 -0.203307 0.089975 -0.694374 0.008274 0.530975 0.894530 -0.481753 -0.442499 
carrot -0.282314 -0.035868 -0.090140 0.745275 0.430279 -0.815848 -0.413675 0.632094 0.219154 -0.208669 -0.343199 -0.648861 -0.890668 -0.036692 -0.351058 0.649283 -0.038226 0.076574 0.942375 -0.346386 -0.520749 0.258409 -0.311003 -0.074442 -0.007101 -0.201284 0.228422 0.886669 0.680978 -0.819513 
potato 0.319344 -0.127114 0.567333 1.067575 0.547603 -0.739715 -0.868965 -0.343516 0.457437 -0.442786 -0.033392 -0.869833 -0.819380 0.133992 0.240053 1.006511 0.087702 -0.346474 0.594075 0.364500 -0.658729 0.121341 0.118929 -0.130737 0.076014 0.420226 0.559365 0.658175 -0.432400 0.610070 
chicken_broth -0.569719 -0.299872 0.220303 0.859812 -0.004566 -0.551551 -0.928338 0.630248 -0.300401 0.201987 -0.027540 0.421552 -0.713178 -0.296791 0.926948 0.944538 0.402897 0.486400 0.043418 -0.404064 0.101904 -0.024195 0.272328 0.051021 -0.087400 -0.792066 0.340723 1.449479 -0.129169 -0.681417 
yeast -0.421641 -0.163528 0.734271 0.027233 0.009870 0.517697 -0.149493 -0.222507 0.290290 0.200884 -0.455631 0.311275 0.924668 0.086779 -0.354302 -0.405638 -0.187344 -0.376320 -0.515530 -0.194872 -0.000535 0.129124 -0.892987 -0.019422 0.534212 0.243083 0.320435 0.365681 -0.096659 0.868634 
rice -0.001932 -0.158764 -0.949916 1.089727 1.006834 -0.423384 -0.412249 0.618440 0.358681 0.144658 0.072968 0.224597 0.435481 -0.113542 -0.214626 0.310113 -0.075191 0.407589 0.778351 -0.055744 0.258248 0.919530 0.138227 -0.861994 0.071864 0.180774 -0.154857 0.479219 0.473582 -0.547862 
mushroom 0.319319 0.887889 0.571764 0.390894 0.445911 -0.935971 -0.763035 -0.134768 -0.066422 0.387769 -0.350655 0.445048 -0.237947 0.243638 0.565727 0.518641 -0.361877 -0.043493 0.272601 -0.605964 0.314124 -0.548847 0.364508 -0.101262 0.420875 -0.165145 0.221653 1.254000 -0.255965 -0.151594 
cheese -0.328886 -0.468773 0.968172 0.086842 -0.052579 -0.722583 -0.066842 -0.649090 -0.356256 0.640460 0.378829 0.872992 0.595343 -0.359223 0.131221 0.308904 -0.117914 -0.954488 -0.523570 -0.330302 0.206093 -0.380526 0.327407 0.344790 0.421998 0.063146 -0.144819 0.169949 -0.475259 0.444124 
soy_sauce 0.293609 0.668749 -2.210363 0.619812 1.225289 -0.295966 -0.381733 0.734767 0.176491 0.060468 -0.612473 0.168040 0.341264 -0.674784 0.339029 -0.362736 -0.726849 0.314551 0.943957 -0.049669 0.662112 -1.396966 -0.319958 -1.408830 0.216011 0.229468 -0.596937 0.340294 1.166678 -1.231398 
cumin -0.254298 -1.213374 -1.765752 0.614761 -0.333867 -1.103400 -0.560181 -0.887533 -0.307853 -1.024096 -0.330572 -0.343744 0.591849 -1.378116 0.198124 0.628432 1.538358 -0.312389 0.241449 1.080804 -0.140794 0.392490 0.599340 0.485647 0.368281 -0.472385 -0.938881 0.691767 0.329008 -0.549674 
oregano -0.566188 0.343216 0.501633 0.511327 -0.347365 -0.989464 0.189405 -0.653965 -1.487668 -0.287042 0.007088 -0.109470 0.240854 0.113385 1.379506 0.611412 -0.455485 -0.339169 -0.023320 -0.600709 -0.150148 -0.158189 -0.245388 0.137704 0.641222 0.345649 -0.769689 -0.161599 -0.219129 0.078647 
parmesan_cheese -0.083228 0.113254 1.622598 -0.373384 0.728429 -0.866091 -0.383910 -0.603416 -0.823164 0.192562 0.045740 1.408819 0.420544 0.237758 0.419241 0.581203 -0.387096 0.115641 0.285345 -0.924768 -0.252017 -0.217370 0.697138 0.437407 0.697246 -0.362823 0.343607 0.795464 -0.297275 0.339483 
macaroni 0.859941 -0.091168 1.358173 0.818644 0.542044 -1.082196 0.307943 -0.422950 -0.677666 -0.365849 0.426098 0.179319 0.463796 0.849866 1.008727 0.144991 -0.857394 0.189870 0.693264 0.016358 -0.436721 -0.029996 0.646277 -0.200737 0.802060 0.089172 0.172765 0.654025 -0.454130 0.362290 
thyme -0.536198 -0.027053 0.715971 1.041302 0.909271 -0.134164 -0.691482 0.347397 -1.024159 -0.249943 -0.006448 0.016550 -0.632277 0.436431 0.518202 0.823153 -0.408285 -0.132858 0.325137 -1.237676 -0.796672 0.102825 -0.654769 1.314211 -0.027154 -0.076455 0.461491 0.879466 -0.374228 -0.380836 
cheddar_cheese -0.382776 0.488625 0.589556 -0.469294 -0.565409 -1.227620 -0.720069 -1.503785 0.235571 0.730927 0.405702 0.050090 0.358927 -0.796061 -0.237788 0.903479 -0.728566 -0.243845 -0.642709 0.308297 0.262578 -0.271967 0.327469 -0.037035 0.362725 0.500711 0.188911 0.604330 -0.539474 0.276706 
lard -0.213985 -0.586339 0.475235 -0.002594 -0.280950 0.742517 0.290034 0.252639 0.193029 0.346670 -0.654309 -0.457116 0.634917 -0.150897 -0.311888 -0.401556 0.043933 -0.134378 -0.522962 -0.307778 -0.151673 -0.175810 -0.401013 -0.264504 0.007921 0.476771 0.406660 0.680322 0.075076 0.752058 
lemon -0.340310 -0.243487 0.115212 0.294413 0.267616 0.672760 0.350372 0.260030 -0.523497 -0.289607 0.467127 -0.259616 0.747981 0.621547 0.074869 0.116137 0.962258 -0.469611 0.556088 -0.010712 -0.480643 -0.091628 -0.333103 -0.468359 0.050671 -0.817530 0.001151 0.143138 -0.049734 -0.308621 
cream_cheese 0.283218 -0.350497 0.635374 -0.791530 -0.002962 0.260552 1.028388 -0.543251 0.373353 0.895110 -0.233662 -0.125181 1.185147 0.377781 0.092069 0.237796 0.155821 -0.415657 -0.153874 0.170098 -0.041129 -0.312344 0.094416 -0.624357 -0.459940 -0.187134 0.293641 0.404728 -0.483129 0.487616 
walnut -0.284947 -0.261024 1.118968 0.235091 -0.079210 1.010559 1.042183 0.291987 0.046998 0.246589 0.021601 -0.347177 0.059876 -0.670444 -0.517850 -0.383695 0.715017 0.893807 -0.713942 -0.084707 -0.363614 0.059961 -0.032832 0.007976 0.184349 0.026215 0.518505 0.441732 1.983283 0.581687 
green_bell_pepper -0.210546 0.927173 0.077142 0.838146 -0.348620 -0.912672 0.084767 -0.553192 -0.705265 -0.275389 0.080199 -0.543714 0.388282 -0.472447 0.345448 0.891108 -0.139946 0.609155 0.244598 0.247103 -0.190959 -0.177085 0.198025 -0.129574 0.130348 0.459707 -0.582831 0.540399 -0.890341 -0.158280 
starch 0.328826 0.026098 -0.703383 0.790504 1.237285 0.249808 -0.142457 0.479621 0.616454 0.411131 -0.151110 -0.717151 0.014298 0.494722 -0.179565 -0.306089 0.238129 0.208519 -0.389198 -0.017740 0.868631 -0.184191 -0.019980 -0.432725 0.239991 -0.165183 0.491210 -0.047163 0.248226 -0.463226 
nutmeg -1.041837 -0.872542 0.499399 -0.315979 0.359054 0.367161 0.380618 0.655082 0.223769 -0.785720 -0.524315 -0.995963 -0.305828 -0.113980 0.697198 -0.267842 0.341163 -0.050677 -1.263346 -0.218105 -0.480954 -0.066210 -0.385081 -0.283997 0.224768 -0.016678 0.741141 0.687565 0.570969 0.227535 
honey -0.561100 -0.175287 -0.305046 0.302007 0.883217 0.864579 0.421551 0.235683 -0.086669 0.095675 -0.116569 0.377601 0.220786 -0.484087 -0.010821 -0.551095 -0.147922 0.254682 0.000461 0.723787 0.804119 0.741415 -0.796343 -0.359660 0.111057 -0.083411 -0.192938 0.044758 0.516300 -0.278094 
apple -0.465215 0.180512 0.166151 0.269660 0.559546 0.491779 0.366665 -0.544898 0.042069 -0.027224 -0.606639 -0.670655 -0.499193 -0.163232 0.591164 -0.758235 0.746817 0.983474 -0.675797 0.804963 -0.254191 0.036029 -0.866596 -0.241472 -0.150080 -0.446814 0.594089 0.338213 1.013831 -0.524948 
almond -0.011619 -0.526978 0.154585 0.159836 0.428761 0.527419 0.645886 0.131686 -0.081328 0.548840 0.088612 -0.088370 0.146923 -0.256271 -0.304833 0.025025 1.302649 0.270625 -0.138216 0.218161 0.235871 0.620459 -0.133550 -0.142356 0.112441 -0.722829 0.662236 0.354218 1.120446 0.085349 
cilantro -0.337968 -0.763955 -1.372743 1.097215 -0.860482 -0.444149 -0.324425 -0.144832 -0.017111 -1.188987 0.084448 0.577492 1.260400 -0.416535 0.657791 0.296058 0.539669 -0.293046 0.370961 0.626761 0.823897 -0.032667 1.084366 -0.390813 0.092729 0.585815 -1.097109 0.602677 0.311260 -1.259901 
pecan -0.500756 -0.285128 0.463647 0.223987 -0.191925 1.027531 0.951241 -0.127906 0.544775 0.199152 -0.162056 -0.466150 0.012941 -0.621279 -0.191543 -0.603860 0.408976 0.760973 -0.928217 -0.115550 0.413958 -0.579858 -0.048644 0.368807 0.158837 -0.057608 0.586909 0.738672 1.180377 0.926079 
white_wine 0.688771 -0.353444 0.815592 0.348989 1.075354 0.214392 -0.281751 0.285434 -0.406279 -0.379490 0.345497 0.354670 0.672403 -0.086994 0.476916 0.413060 0.628062 0.105209 0.585542 -0.827304 -0.588853 -0.008378 -0.225641 0.080041 -0.013780 -0.632024 0.238187 0.246322 -0.309654 -0.746469 
bacon -0.046327 0.394604 0.651016 0.322949 0.260159 -0.431867 -0.113357 -0.208164 0.072213 0.463763 0.351586 -0.079952 -0.641139 -0.625016 -0.088625 1.246860 -0.693240 -0.633809 -0.515815 0.177985 -0.769302 -0.344502 -0.060642 0.531788 0.370942 0.231766 0.234427 0.528593 0.032040 -0.648942 
pork -0.176689 0.425840 -0.446561 -0.190924 0.914370 0.340496 0.255724 0.511714 0.057544 -0.052366 -0.563221 -0.084319 -1.202439 -0.626733 0.648169 0.779443 -0.243884 -0.390142 0.168981 0.020319 0.483795 -0.219190 -0.768947 0.096215 0.188333 1.107848 -0.478474 0.449517 -0.210062 -1.134892 
raisin -0.968417 -0.618142 0.456487 -0.362711 -0.190965 0.512926 0.674624 0.212364 -0.557641 0.276208 -0.202161 -0.414532 -0.342412 -0.938685 0.158154 -0.357847 1.325193 0.921617 -0.224703 0.547985 -0.266327 0.681531 -0.110509 -0.768576 -0.172579 0.321083 0.701413 0.909685 1.014080 0.256422 
bean -0.495429 0.091195 -0.130517 0.857989 -0.466097 -0.653572 -0.147755 0.387499 0.008274 0.454600 0.301540 -0.123928 -0.389467 -0.736622 0.378045 0.485460 -0.197707 0.063358 0.172980 0.056282 0.116281 0.521667 -0.076034 -0.117339 0.552427 1.212970 -0.259609 0.607247 -0.130305 -0.831153 
rosemary -0.297799 0.122001 1.291557 1.303254 0.683878 -0.607054 0.264033 0.311722 -1.887818 -0.274712 -0.289204 0.358444 -0.625374 0.249775 0.648502 0.634536 -0.186279 0.094333 -0.211850 -1.137240 -0.409357 -0.127959 -0.440999 0.873762 -0.183891 -0.294503 -0.019024 1.320771 -0.801795 0.240265 
fish -0.178577 0.131997 -0.503460 0.089370 0.193326 0.558440 -0.130196 0.457501 1.015795 -0.338825 0.185625 1.174981 0.643012 -0.560988 1.459251 0.813546 0.090043 -0.298135 1.352422 -0.211185 -0.298940 -0.320807 0.503877 -1.208192 -0.157029 -0.098001 -0.977666 0.193002 0.263736 -0.583027 
cucumber 0.837315 -0.233677 0.888937 -0.198199 -0.147107 0.681528 -0.233683 0.361406 0.155842 0.577810 0.258013 0.448528 1.071883 -0.140211 -0.024650 1.123657 0.312476 -0.522521 1.011305 0.326533 0.577142 -0.045566 -0.613173 -1.005627 -1.024899 1.160994 -0.327680 -1.523141 1.333539 -0.722892 
olive -0.253556 -0.119407 1.247202 0.496722 -1.048385 -0.466627 0.712225 -0.604390 -1.191174 -0.166771 0.199933 0.459681 0.706263 -0.139449 0.923994 1.024387 -0.586839 -0.258224 0.507543 -0.140171 0.031582 0.049273 -0.248146 -0.624915 0.457725 -0.241285 -0.375608 -0.041027 -0.172870 -0.440382 
coconut -0.371096 -0.004411 -1.048745 -0.065449 -0.573831 0.147623 -0.056990 0.102102 0.053844 -0.201914 -0.172153 -0.754881 0.500853 -0.596543 0.752526 0.024559 0.739410 0.609338 -0.079644 0.875301 1.903760 -0.006253 0.822855 -0.352663 -1.445889 -0.225261 1.292629 0.533027 1.452158 0.301440 
orange -0.940652 -0.310240 -0.218119 0.593329 0.520835 1.084972 0.689029 -0.018702 -0.202822 0.592918 0.922874 -0.334746 0.115432 0.676238 0.111565 -1.276505 1.073282 -0.022540 -0.310340 -0.212611 -0.021147 -0.032434 -0.365504 -0.450297 0.400476 0.056533 0.338364 0.469453 0.822119 -0.932168 
tamarind 0.433189 1.283631 -0.594432 0.232293 -0.219513 0.518843 0.587400 -0.208438 0.510302 -1.340149 -0.309215 -0.761747 0.680539 -1.053014 -0.113590 1.454324 -0.476764 0.497573 0.279127 -0.099912 0.394841 -0.093173 -1.498499 0.985675 1.082690 0.525217 0.085002 0.038804 -0.763510 -1.003050 
vegetable -0.412061 -0.087790 -0.367745 0.846904 0.754101 -0.554304 -0.380870 0.088519 0.168535 0.506958 -0.492582 -0.092371 -0.629485 -0.619316 -0.200595 0.382255 -0.153533 -0.321339 1.009019 -0.716915 -0.035893 0.243595 0.081065 -0.876688 -0.070346 -0.049911 0.147953 0.083977 0.611189 -0.040188 
orange_juice -0.748938 -0.177703 -0.411343 0.039710 1.456048 1.276103 0.488488 -0.065612 -0.428983 0.437570 0.418919 -0.422875 0.066789 0.150531 0.591780 -0.868901 0.833172 0.328327 0.045111 0.394717 1.077599 0.199831 -0.098033 -0.000246 -0.387769 -0.098031 0.072148 0.467939 0.177491 -0.775263 
buttermilk -0.255915 -0.482758 0.394731 -0.736490 -0.187270 0.804954 -0.209816 0.050415 0.067673 0.761456 -0.562720 -0.346343 0.757808 0.268046 -0.298919 0.275877 0.236714 -0.501615 -0.346661 0.440706 -0.514532 0.064552 -0.021596 -0.431762 0.434723 0.021913 -0.068266 0.356712 0.182191 0.701104 
pineapple -0.100839 0.889603 -0.402942 0.609279 0.542490 1.002737 0.900660 -0.599634 0.880285 1.062130 0.146691 -0.938231 0.543542 0.556300 0.455015 -0.478867 0.551071 0.441784 -0.121826 0.173153 0.413574 0.480823 0.329070 0.102557 -0.842400 -0.070973 -0.051059 0.536604 0.875254 -0.753309 
shrimp -0.057349 0.499923 -0.825861 0.190032 0.650771 0.882584 -0.747034 -0.447108 0.891993 -0.310703 -0.148774 0.600033 1.216141 -0.135007 1.812033 0.868922 -0.463547 0.344643 1.200756 -0.806570 -0.532866 -0.204365 0.958866 -0.701073 -0.073048 0.160654 -0.522223 0.037043 -0.302170 -0.806462 
coriander -0.212523 -1.468647 -1.913296 -0.330731 -0.289472 -1.798519 -0.018531 -1.093778 0.372222 -1.442948 -0.590925 -0.188536 0.533876 -0.804614 1.109278 -0.100291 1.247061 0.064108 0.593187 0.359081 -0.139610 1.483344 0.435880 -0.055638 -0.291650 -0.629729 -0.218190 1.640193 1.649408 -1.709974 
bay -0.172382 -0.373218 -0.438188 1.158055 0.617283 0.295196 -0.785773 -0.370282 0.059510 -1.668201 0.405561 -1.570765 -0.539919 0.685167 0.860212 1.665288 -0.023311 0.555595 1.028488 -0.050228 -0.262935 0.054800 -0.632204 0.988167 1.409209 -0.396173 1.038770 0.872923 -0.764816 -0.340632 
lime_juice -0.640051 -0.336069 -1.789575 0.624716 -0.054221 0.632466 -0.564857 -0.462954 -0.974680 -0.282720 0.815925 0.567920 1.477571 -0.124340 0.586642 0.803111 0.382842 -0.218020 0.671408 1.027850 2.148399 0.474172 0.884823 0.245757 -0.635614 0.567402 -0.865726 0.512486 0.366324 -0.986482 
red_wine -0.027405 -0.619967 0.643526 0.585688 0.779871 -0.121919 0.771561 0.397793 -1.077799 -0.051651 0.587985 -0.205849 -0.041136 -0.489366 -0.311408 0.158306 0.705730 0.005249 1.048361 -0.637139 -0.006322 0.026978 -0.821179 1.081411 0.336297 0.419335 -0.200328 0.364057 -0.182930 -1.399749 
gelatin 0.119444 -0.359700 -0.255154 0.135602 0.426740 1.389943 1.470869 -0.768525 0.095925 1.302288 -0.354615 -0.620219 0.474125 0.777120 -0.042598 0.099427 -0.083430 -0.508226 -0.405051 0.226100 -0.133675 0.090205 0.950297 0.038768 -1.411731 0.024660 0.458854 0.904575 0.979732 0.493930 
pork_sausage -0.578414 0.680292 0.709304 1.038832 -0.211283 -0.263832 -0.553938 -1.455237 -1.063580 -0.013107 -0.252428 0.273736 -1.078751 0.240599 1.096539 1.979782 -0.523308 0.414494 -1.445419 -1.222279 -0.883534 -0.065122 0.580253 0.624368 1.003405 0.264132 -0.288188 0.739569 -0.395152 -0.434085 
sesame_oil -1.087801 0.093112 -3.117663 1.185750 1.763216 -0.456095 0.320298 0.311888 0.717916 0.673496 0.133242 0.784120 -0.405314 -1.236208 0.210778 0.299662 -1.424227 0.354267 1.127426 -1.143964 0.483755 -0.574411 0.063098 -1.881144 0.254618 -0.649793 -1.400232 0.540817 1.536803 -0.161372 
chive -0.222305 0.102870 1.034359 -0.167200 -0.610904 0.755466 -0.519608 0.797697 0.510699 0.321900 0.422067 -0.088888 1.043587 -0.599143 -0.768074 0.012457 -0.164336 -0.615665 1.370524 0.642128 -0.961821 -1.576035 -0.374700 0.713446 -1.054215 -0.876743 0.550631 0.003588 0.356187 0.361939 
seed -1.009340 -1.184589 -0.398411 0.266127 -0.121240 0.520972 0.601897 -1.367388 -0.377061 0.022451 -0.314967 0.240881 -0.092420 -0.183312 -0.682031 0.669230 0.234004 0.548731 0.720207 1.417761 -0.999147 0.422209 -1.287523 -0.447319 -0.176509 -0.135306 -0.192230 0.405938 0.020228 -0.629865 
mozzarella_cheese -0.331145 0.062905 1.887782 -0.364391 1.040508 -0.843182 0.165074 -1.659883 -1.233893 0.137788 0.462814 0.764283 0.143062 0.236003 0.978981 0.206413 -1.009854 0.688721 -0.043992 -0.759923 -0.188929 -0.911046 0.356871 0.047349 1.199874 0.738649 -0.296461 0.228262 -0.898705 0.955493 
ham -0.245959 0.562861 0.781373 -0.272600 0.130001 -0.216385 -0.230028 -1.001290 0.452861 0.990246 0.830928 0.429993 -0.397542 -0.466712 0.256943 0.796968 -0.756605 -0.804128 -0.173432 -0.221688 -0.535144 -0.063863 -0.098385 0.698321 0.127851 -0.452536 0.169008 0.772622 0.134208 -0.350708 
oat -0.505368 -0.297654 -0.139012 -0.329869 0.029477 1.415958 0.850966 0.648097 -0.385179 -0.191221 -1.788138 -0.668006 0.536742 -0.223391 -1.410839 0.045450 -0.412792 0.849723 -0.544355 0.292622 -0.810624 0.375459 -0.305717 0.465211 0.409154 -0.050655 0.557504 1.106651 1.690364 0.549300 
turmeric 0.224989 -1.254426 -1.646579 -0.452828 0.012526 -1.491360 -0.965854 -0.155143 -0.751178 -2.300344 0.376184 -1.235664 0.092655 -0.557741 0.809795 1.233400 0.309392 -0.198041 0.179184 1.203733 0.444430 1.095659 1.581936 -0.532622 -1.984850 -1.270425 0.363967 1.466963 2.066662 -1.833325 
nut -0.440954 -0.493822 0.225093 0.938582 1.145769 -0.256226 0.712846 0.369108 -0.084809 0.475751 -0.040781 0.896906 -0.154086 -0.144826 -0.265031 -0.409685 0.325196 0.546169 0.426385 0.342186 -0.192664 0.734608 -0.152441 -0.586200 0.612758 -0.197287 0.672722 0.128724 0.131335 0.251823 
shallot 0.091163 -0.089648 0.387893 1.180230 0.307514 0.493696 -0.412353 0.181249 -0.107659 -0.629649 0.324154 0.931308 0.081662 -0.128550 1.359816 -0.141638 0.746950 -0.613709 0.920331 -0.708901 -0.123739 -0.626213 0.345404 0.583591 -0.591226 -0.439310 0.753139 0.565179 0.159542 -1.250184 
lettuce 0.876734 0.425346 0.239917 1.271126 0.403639 -0.055438 0.123348 -0.905677 -0.736589 1.267324 -0.021436 0.668110 0.874237 -0.886231 0.337342 -0.326613 0.359643 -0.368911 1.028650 0.995628 0.440859 -0.008961 -0.081063 -0.007293 0.069833 -0.338650 -0.727637 -1.018018 0.970806 -0.717381 
cider 0.459550 -0.258297 -0.794193 0.049763 0.180976 0.618584 0.597189 -0.220403 -0.630222 0.188189 0.227839 -0.587212 0.209035 -1.245704 -0.362763 0.435939 0.100176 0.669296 0.005951 0.880109 -0.353864 0.284096 -1.755992 0.379724 0.083556 0.648397 0.158060 0.006083 0.297950 -1.975219 
dill 0.474573 0.254444 0.852420 0.212434 -0.149813 -0.121583 -0.247495 -0.783691 -0.158022 -0.425793 0.402563 0.057764 0.664805 0.093603 -0.769953 1.032816 -0.097456 -0.957980 1.000391 0.183748 -0.417217 -0.504142 -0.646618 -0.046058 -0.702721 -0.577260 0.599970 -0.201199 0.459759 -0.654649 
pea 0.052728 0.523415 0.178262 0.180728 -0.053365 -1.028340 -0.556571 0.145064 -0.246454 0.114368 0.152124 0.332869 -0.060104 -0.475127 -0.084509 0.653422 -0.000295 0.494886 0.947665 0.159745 0.068118 0.108509 0.724843 -1.023870 -0.212395 -0.167802 0.438453 1.012289 0.145802 -0.874925 
zucchini -0.571886 -0.738911 1.054726 -0.055057 0.573642 -0.863785 -0.488001 0.115112 -0.537055 -0.311482 -0.005415 -0.570506 -0.115941 0.339276 0.685508 -0.027221 -0.164653 -0.262384 0.923069 0.195284 -0.028635 1.061453 0.269100 -0.035298 0.737942 0.209880 -0.057779 0.268609 0.237665 0.214878 
cherry -0.306534 -0.164092 0.053338 -0.576865 0.012397 1.288818 2.384804 0.215617 -0.148069 0.352738 0.720361 -0.459395 -0.080357 -0.156865 -0.018090 -0.361026 0.889253 -0.062802 0.060101 0.356749 0.479707 -0.466351 0.662270 0.152224 -0.178443 0.640420 0.980355 0.965672 1.260380 0.263347 
lime -0.779978 -0.106933 -1.536675 0.887214 -0.294221 0.608973 0.201658 -0.385286 0.243201 0.154300 1.196059 0.464711 1.101636 0.810704 0.716745 0.575066 0.366032 -0.877279 0.217028 0.662325 1.398118 -0.103356 0.554948 0.016001 -0.891746 0.461754 -0.405981 0.333745 0.312866 -0.824831 
yogurt -0.310222 -0.883369 -0.015853 0.337479 0.186994 -0.322063 0.422479 -0.501649 -0.035054 -0.182153 0.100874 -0.197801 0.441676 0.290803 -0.140675 0.347196 1.171649 -0.591168 0.182885 1.203093 0.033132 0.500140 -0.741885 -0.175807 -0.453329 -1.361447 -0.621391 -0.095761 1.496123 0.119556 
strawberry -0.215790 -0.354853 0.426400 0.100088 1.010689 1.581136 1.768390 -0.912627 0.140336 -0.163379 -0.218630 0.123649 0.335193 2.516225 -0.170723 0.105607 0.764162 -0.039801 -0.387437 0.595196 0.456308 -1.252488 0.573832 -0.200587 -0.183741 0.079973 -0.203502 0.235308 2.278586 0.355478 
soybean -0.691012 -0.894866 -2.084742 0.014320 1.365350 -0.791389 0.407460 0.238253 0.624096 0.235031 -0.540059 0.774393 -0.905074 -0.269214 0.159214 0.892546 -0.812815 -0.170221 0.666574 -0.506403 0.299596 -0.986749 -0.588444 -1.923571 0.327890 0.281001 -0.363855 -0.489932 1.731565 -0.387884 
celery_oil 1.263476 1.388341 -0.303612 -0.298110 0.226413 1.207255 1.257531 -0.740075 -0.060140 0.115280 -0.178805 -1.526187 -0.322153 -2.223820 -0.247553 1.721658 -0.322498 1.254973 -0.070031 0.397030 1.441733 -0.635190 -1.341134 -0.176903 1.020540 0.942676 -1.721154 0.543352 -1.040511 -1.371720 
peanut_butter 0.489273 0.165525 -1.358935 0.124733 -0.773533 -0.126941 -0.305590 0.057793 0.573019 0.759497 -1.582643 1.232921 0.159090 -0.129678 -0.734952 0.604392 -0.556011 0.876265 -0.725156 0.927081 1.293487 0.442763 1.489794 -0.255374 0.387370 0.220625 0.919676 0.358406 2.322060 0.038270 
banana -0.206491 -0.327047 -0.087001 -0.146701 0.706820 1.367517 0.705611 -0.552326 0.509755 0.302439 -0.493711 -0.421077 0.158038 0.778945 0.234931 -0.429810 0.249584 0.111041 -0.296237 0.787653 0.592530 0.443894 0.772235 0.009048 -0.620254 0.035948 0.102988 0.696084 1.414501 0.369773 
meat -0.625099 0.929996 -0.421724 0.724902 0.952262 -0.407089 -0.026699 -0.118365 -0.278952 0.189347 -0.446293 -0.008621 -0.953107 -0.640668 0.138812 0.048009 0.287536 -0.520801 -0.432282 -0.397264 -0.148714 -0.133582 -0.245727 0.422142 0.369874 0.414720 0.091821 0.521625 -0.391067 -0.926026 
tabasco_pepper -0.329435 1.183435 -0.479849 0.315293 0.160150 0.229591 0.388738 -0.865600 0.398366 -0.677944 0.335837 -0.137496 0.498566 -0.551441 0.321024 1.250164 -0.141760 -0.159632 -0.062708 0.767222 0.072290 -0.269575 -0.415666 0.167857 0.329084 0.648955 -0.101819 -0.408740 -0.886841 -0.595361 
milk_fat -0.391170 -0.627289 0.624802 -0.164686 -0.094729 0.429159 -0.110172 0.215939 0.668846 -0.091106 0.304578 0.021124 0.185589 0.195705 0.644718 -0.180543 1.080389 -1.311556 -0.433398 -0.681755 0.438925 -0.490198 -0.011216 -0.297354 0.401153 -0.339274 1.222913 0.306004 -0.190803 0.849133 
cabbage 0.026537 0.819237 -0.393572 0.701744 -0.047750 -0.152489 -0.561393 -0.336298 0.355395 0.266805 -0.563004 -0.008932 -0.469398 -0.257161 0.108842 0.534052 0.133873 0.314582 0.595622 0.333370 -0.424069 0.509906 -0.785325 -0.946578 -0.021746 0.704914 -0.511538 0.444900 0.913115 -1.536163 
mint -0.694111 -1.017578 -0.456143 1.382363 -0.231042 0.624853 0.579432 0.280562 -0.283423 -0.471633 -0.041005 0.603132 0.391256 0.435348 0.545237 -0.067617 0.940336 -1.113127 1.038147 0.361147 0.481474 0.381876 0.132761 -0.446200 0.155151 -0.879411 -0.904746 -0.042576 0.547071 -0.504496 
fennel -0.366847 -0.849752 0.509806 0.174521 0.813026 -0.667037 -0.591522 -0.123308 -1.353660 -0.358500 0.078624 0.204229 0.931036 0.614497 1.563922 -0.455692 0.086444 -0.174374 1.433432 -0.885180 -1.217688 0.268652 -0.889535 0.319240 0.927503 1.185752 0.589664 1.527407 -0.980621 0.012841 
sage 0.086980 0.613127 0.832219 1.121576 1.068501 0.382179 -1.648214 0.218631 -1.313912 0.351617 0.894745 -0.637713 -1.201729 -0.385512 1.202848 0.315646 -0.552679 0.464520 -0.914124 -1.133363 -0.121375 0.154121 -0.877869 1.589510 -0.221226 -0.914150 0.522898 2.015614 -0.456194 0.728999 
broccoli 0.690372 1.147576 0.726490 0.032689 0.664235 -1.306387 -0.839384 -0.286586 -0.556105 0.556144 0.049204 0.386911 0.035827 0.241465 0.046069 0.087035 -0.036693 0.203450 0.163567 0.854891 0.366358 0.813413 1.201514 -1.037207 0.530102 0.115051 0.250797 0.621670 0.653808 -0.256847 
turkey -0.376114 0.629507 0.683330 -0.052749 0.407005 -0.192371 -0.329865 -0.246530 -0.424730 0.756825 0.530365 0.359454 -1.001416 -0.007835 0.845841 1.020486 -0.176671 0.536035 -0.318565 0.117735 0.473938 0.651785 -1.183567 0.548875 0.106313 0.546394 -0.519590 1.182743 0.224842 -0.181155 
fenugreek 0.993938 -0.428684 -0.603093 0.066530 1.024847 -2.565079 0.360598 0.097350 -0.100410 -3.016559 -0.628109 -0.177501 0.340127 -1.392031 0.754382 1.086344 2.495996 0.004337 0.647415 1.062241 2.103628 -1.052649 -0.338828 -0.227924 -1.751318 -0.412446 -0.643941 1.926355 1.104384 1.626688 
cranberry -0.098254 -0.079120 0.179000 -0.137677 1.100728 1.043918 1.107047 -0.240988 -0.669695 0.599741 0.229196 -0.357660 -0.863017 0.263088 0.611138 -0.683267 0.505439 -0.205146 -1.218930 1.028507 -0.161279 -0.559149 -0.834484 -0.169922 -0.083360 -0.233995 0.073220 1.093219 0.753075 -0.471940 
wine 0.105643 -0.662273 -0.272128 0.648360 1.553729 0.217177 -0.002493 0.987973 0.063275 0.531738 0.504787 0.647458 -0.040113 0.382546 0.007396 0.324118 0.598400 0.333914 0.783921 -0.375999 0.734712 -0.107140 -0.348427 -0.038198 -0.345328 0.652122 -0.118273 0.521911 -0.152081 -1.125203 
beef_broth -0.401114 0.356604 -0.103163 1.298399 0.961716 -0.552898 0.253726 0.151430 0.214472 -0.248146 -1.098907 -0.545154 -1.374555 -0.148512 0.284622 0.609838 0.386481 0.168438 1.104876 -0.994880 -0.455310 -0.790708 -0.806467 -0.211666 0.160696 0.862168 -0.361853 0.999111 -0.779930 -0.528397 
grape_juice 0.406980 0.031679 0.371396 0.566855 0.688026 0.127797 0.968267 0.412842 -1.565865 0.661308 -0.080395 0.996737 -0.190010 -0.222548 0.630974 -0.039332 0.345272 -0.837757 1.128627 -0.120190 -0.055473 0.324391 -0.578717 0.890202 0.661537 -0.516548 -0.232059 0.610431 0.246249 -0.978501 
pumpkin -1.232603 -0.140082 -0.451558 0.271758 0.622178 0.639100 -0.402869 0.515729 1.091097 -0.786100 -1.145815 -0.551903 -0.321835 -0.495133 0.464581 -1.196093 0.285709 0.498736 -0.351837 -0.580150 -0.937956 -0.435032 0.638528 -1.449499 0.202894 0.351675 0.399296 -0.357342 0.547336 0.505748 
raspberry 0.287470 -0.525185 -0.204819 0.120808 0.821467 1.673432 1.295273 -0.675666 -0.535817 0.989023 -0.538416 0.058224 0.733398 1.708046 0.039394 -0.500349 0.615724 -0.617876 -0.400511 -0.232630 -0.284615 -0.389335 0.195277 -0.119975 0.377314 -0.675917 0.382911 0.079291 1.307531 -0.208882 
whole_grain_wheat_flour -0.574193 -0.469682 0.691875 0.243069 0.729851 0.857075 -0.279917 -0.335415 -1.179236 0.028229 -1.228389 0.471227 0.566015 -0.623050 -1.376617 -0.651413 -0.515379 0.354214 -0.161800 0.554169 0.108365 0.597362 -0.492081 -0.181097 0.309881 0.282502 -0.294203 0.377047 0.277327 1.026681 
lemon_peel -0.187208 -0.821216 0.898024 0.359570 0.257330 0.741408 0.124577 0.625384 -0.733413 -0.371034 -0.123349 0.107402 0.799101 0.336963 0.033324 -0.597710 1.135120 -0.106218 0.495000 0.012500 -0.172125 -0.621051 0.396147 -0.568369 0.354946 -1.405678 0.831039 0.076414 0.299093 0.009584 
coffee -0.383749 -1.009157 0.030715 0.123056 -0.479227 1.555012 0.515929 0.444945 0.391340 0.212687 -0.665043 -0.383642 -0.216359 -0.769228 -0.384352 0.530419 0.632793 -0.527271 -0.707399 0.378852 1.265070 -0.822789 0.691158 -0.003434 0.209833 0.204020 0.826132 0.006947 -0.076279 0.760544 
sesame_seed -0.372830 -0.315547 -0.591781 0.410448 0.676499 0.478140 -0.331149 0.749812 -0.106250 0.626691 0.156547 1.465468 0.219708 -1.011888 -0.983710 -0.071884 -0.082991 0.251710 1.205673 0.785646 0.660390 0.538838 -0.254974 -1.445476 -0.088080 -0.000454 -0.101304 -0.249516 1.098006 -0.316579 
avocado 0.018755 -0.550839 -0.196277 1.525401 -0.640860 0.192405 0.272724 -0.758191 0.184981 0.406211 1.993461 0.985362 1.605366 -0.700006 0.198302 0.698792 0.369082 -0.456359 0.019749 1.292710 0.278924 -0.342393 0.327841 0.295593 0.147022 0.538663 -2.018899 -0.262075 0.395248 -0.080622 
sherry 0.181765 -0.410650 0.018012 0.530022 1.030594 0.408104 0.033596 0.721577 -0.049221 -0.170275 0.483939 0.753889 0.419609 -0.800052 0.003560 0.124274 0.206832 0.169754 0.232858 -0.244033 0.311167 0.287558 -0.200843 0.202061 0.309066 -0.408350 0.545213 0.731276 -0.496816 -1.309726 
sake 0.540540 -0.051548 -2.794960 1.544170 2.652012 0.454633 0.276257 -0.362969 1.095070 -0.320034 0.650775 1.383136 -0.115909 -0.864647 -1.231790 0.375596 -1.280108 -0.169433 0.031460 -1.749490 -0.188561 -0.705092 0.049003 -1.953467 0.245142 0.775348 -0.439202 0.212768 1.448263 -0.435601 
feta_cheese -0.305206 -0.714335 1.399076 0.028786 0.012162 0.016329 0.977186 -0.149490 -1.535664 0.143663 -0.012572 0.928522 0.589590 0.146546 -0.051552 0.120079 0.168384 -0.551919 1.270136 0.289526 -0.315908 -0.325449 -0.050670 0.096151 0.550996 -0.649252 -1.639646 -0.092482 0.218347 -0.193469 
apricot -0.224388 -0.565416 -0.299953 0.170200 0.491928 1.186115 0.460852 0.475394 -0.895327 -0.210974 0.150067 -0.726841 -0.739890 -0.065237 0.362480 -0.331497 1.185415 -0.156466 -0.774201 0.180258 0.535154 0.761957 0.131868 0.070379 0.131406 -0.388382 1.141697 0.758386 0.881187 -0.613747 
roasted_sesame_seed 1.142372 -1.050362 -1.252772 1.807719 1.046087 -0.532005 -1.184315 -0.824967 0.326250 -0.014039 0.012540 1.559831 0.206575 -1.959789 -0.242167 -0.185600 -0.747477 0.176772 1.382586 -1.823690 -0.167713 -0.930764 -0.310179 -2.997709 -0.804494 1.469694 -0.743085 -0.681197 2.239605 0.719136 
rum -0.648629 -0.595962 -0.828265 0.493191 0.279446 1.814579 1.070502 -0.283977 0.257211 -0.033022 0.166595 -0.980960 0.577909 0.145063 -0.139093 -0.955555 0.751259 -0.499934 -0.322351 -0.475990 0.786234 -1.150978 0.509718 0.544076 -1.125537 0.516877 0.356039 1.343400 0.282016 0.384467 
orange_peel -0.769745 -0.323777 0.065014 0.147654 0.797128 1.235721 0.836958 0.530210 -0.372215 0.078128 0.840885 -0.001591 -0.746033 -0.054186 0.384351 -1.320620 1.359637 -0.417317 -0.440982 0.402545 -0.291522 -0.196804 -0.022738 -0.647928 0.633889 -0.105554 0.738198 0.598966 0.752669 -0.475087 
squash -1.005174 -0.446307 0.544040 -0.184420 -0.802947 -0.436827 -0.301520 0.702354 -0.567338 -0.758824 -0.607169 0.139124 -0.888413 -0.102018 0.937319 0.063940 -0.489128 -0.047671 0.145178 0.189737 -0.603289 0.498964 0.193512 -0.632407 0.231075 -0.088328 0.070194 1.546430 0.074352 -0.808050 
crab -0.279443 0.898733 0.137541 -0.718273 1.238003 1.125288 -1.283375 -0.468592 1.629427 -1.042578 1.771080 -0.022754 1.001707 0.079976 0.895843 2.368729 -0.423625 0.148499 0.471873 0.366596 0.711083 -0.394077 0.095309 0.126916 0.052893 -0.679546 0.166096 -0.709916 -0.226110 0.646447 
marjoram -1.115988 0.127851 0.363192 0.780284 0.318693 -0.570519 -0.672705 -0.039599 -2.199166 0.087990 0.136641 0.412178 -1.799543 0.814608 0.705490 1.584602 -0.055462 0.724598 -0.584811 -0.498872 -0.682471 -0.626682 -1.420162 0.738076 -0.603269 -0.916482 1.465853 0.714943 -0.541640 -0.074570 
swiss_cheese 0.768764 0.641071 1.006837 -0.617068 0.660686 -0.734993 -0.703520 -1.539608 0.099192 0.408252 -0.079650 1.090578 0.114298 -0.020899 -0.163155 0.618116 -0.446494 -0.768611 -1.355686 0.890861 -0.552872 -0.711494 -0.216895 -0.623299 0.704524 -0.026680 1.107564 0.633870 -0.419915 -0.361340 
sweet_potato -1.717304 -0.092048 -1.035763 -1.030072 0.005749 0.337792 -1.214485 0.748888 0.295468 -1.016256 -0.224417 -0.591075 -0.742317 -0.315118 1.358143 -0.372065 0.687832 0.080778 0.792232 0.959423 -0.117878 -0.117346 -0.027853 0.328802 0.540923 1.177884 1.447757 0.894828 0.598316 -0.363420 
shiitake -0.117204 0.457438 -0.748469 0.934596 2.264031 -0.458713 -0.208985 1.126994 0.913311 0.279941 0.312572 1.548596 -1.177869 0.124574 0.124575 -0.244578 -0.898760 0.075467 0.455380 -1.437267 -0.803187 -1.852055 0.829766 -1.885432 0.156958 0.913066 0.192696 0.792045 0.728638 -0.615682 
radish 0.155260 -0.406721 -1.158324 1.170958 0.597237 0.193187 -0.041541 -1.128729 0.085085 0.963069 0.983979 1.285383 -0.760333 -1.819643 0.103059 0.242142 -0.409777 -0.454449 1.622605 -0.668549 -0.887939 -1.506102 1.020575 -2.138379 -0.283543 0.155774 -1.002868 -0.968471 1.889050 -0.014640 
peach -0.082518 0.118589 -0.464656 0.266974 0.381043 1.233825 1.086084 -1.005617 0.353318 -0.336423 -0.460822 -0.693794 0.220498 0.345817 0.498325 -0.358180 1.251217 0.171871 -0.507144 0.041078 0.727661 -0.505000 0.323391 -0.476230 -0.093565 -0.403612 -0.104220 0.054085 0.737859 -0.386883 
tarragon 0.965553 -0.325666 0.912768 0.137956 0.553915 0.389596 -0.069035 0.304188 0.008529 0.005384 0.643969 0.962510 0.287343 0.207591 0.417137 0.823449 0.196665 -1.117322 0.845016 -0.008079 -0.385998 -0.654403 -0.569132 0.415404 -0.345602 -0.749856 0.687430 0.153888 0.159954 -1.153489 
black_bean -0.580901 -0.464159 -0.519112 0.785874 -0.701895 -0.723144 -0.865075 -0.058429 -0.254623 0.482754 0.519771 -0.134052 -0.242478 -0.820553 1.131474 0.761156 -0.497087 -0.309279 -0.126727 1.040316 1.406040 0.290115 0.827382 -0.005224 1.690049 1.429809 -2.429856 0.598560 0.573145 -0.497371 
lamb -0.764336 -1.243324 0.766624 0.032335 0.264375 0.155667 0.145081 0.480530 -0.846088 -1.447066 0.199707 -0.082824 -1.481270 -0.067297 0.858684 0.823581 1.569331 -0.343263 1.519328 -0.916135 0.204214 1.291744 -1.005842 0.341646 -0.041283 -0.167770 -0.489505 0.760506 0.733293 -0.771418 
maple_syrup -0.102841 -0.087414 -0.162697 0.162684 0.977732 1.057793 -0.343604 0.081910 -0.130111 -0.126462 -0.551192 -0.658584 -0.193060 -0.829669 0.498919 -0.636944 -0.213482 0.080302 -0.905172 0.675378 0.024722 0.229254 -0.585337 -0.091848 -0.022946 0.264408 1.017107 0.187180 0.626898 -0.114845 
pear -0.482273 -0.502152 -0.281970 0.536239 0.461022 0.783830 0.884250 0.777342 0.977392 0.127028 0.727802 0.319811 -0.542630 -0.488187 0.904758 -1.183111 0.453042 -0.180583 0.475143 0.091687 -0.189338 -0.815421 -0.393770 -0.538209 0.400667 0.034937 0.344054 0.110997 1.764719 -0.369279 
fruit -0.608765 0.546865 -0.048361 0.584514 0.459902 1.531289 1.100119 0.112393 0.454386 0.277485 -0.084604 -0.281445 0.258422 0.489034 -0.166529 -0.430923 1.139187 0.412148 -0.196499 -0.125559 0.101026 0.219906 0.193267 0.298203 0.179218 -0.422327 -0.064766 1.038000 1.664531 0.770928 
blueberry 0.264947 0.175498 0.325306 -0.203551 0.965815 1.799069 1.149887 -1.232427 -0.089750 -0.451691 -0.970530 0.076296 0.434875 1.828101 -0.174839 -0.657855 0.804851 -1.074011 -0.760029 0.093900 0.896897 -0.059481 0.271604 -1.443709 -0.172888 -1.142614 -0.224119 0.463378 2.347675 0.843380 
clam 0.439945 0.437665 -0.443712 0.576571 1.171196 0.456267 -1.590588 0.333095 0.433097 -1.477909 1.384568 0.074106 1.328131 1.024024 1.869182 1.871574 0.000464 -0.216561 0.763512 -2.713311 -1.266279 -0.188516 0.662608 -1.766147 -0.525891 0.702997 -0.092477 0.371699 -0.110744 -0.554320 
smoke 0.217275 0.766789 0.018295 0.990491 -0.118408 0.362966 -0.652215 -0.820248 -0.042552 0.217409 0.119793 0.340679 -0.024672 -0.656055 0.840484 0.482434 -0.249574 -0.485919 -0.345988 0.018233 -0.577005 -0.150392 -0.662406 0.667210 0.490904 0.507101 0.312244 0.556650 -0.203102 -0.939794 
tuna -0.293860 1.271370 0.369353 -0.057516 0.268071 -0.145386 -0.195228 -0.691340 0.198445 0.642517 0.938221 1.214364 0.671250 -0.434946 -0.230403 0.590383 0.299205 -0.330921 1.442120 0.690012 -0.189166 0.853901 -0.188194 -0.596584 -0.126972 -0.167737 -0.820685 0.224186 0.620432 0.838199 
kidney_bean -0.800375 0.141323 -0.366093 0.583971 -1.042738 -1.200114 0.708952 0.065291 -1.502981 -0.042187 0.042652 -0.638290 -0.567923 -1.307673 -0.516170 1.557356 -0.363843 0.218418 0.143014 -0.368280 -0.327699 0.422712 -0.237852 0.313349 1.303960 1.543537 -1.574049 1.351823 0.119823 -0.379965 
peanut -0.010298 0.034424 -1.292584 1.150629 -0.012549 0.019605 0.183631 0.865466 1.105710 0.225394 -0.289384 1.006045 0.569717 -0.010121 -0.181031 1.002423 -0.602387 1.217989 0.372176 1.195907 1.164898 0.565707 0.078275 -0.004127 -0.642285 0.583183 0.343310 0.189161 1.291728 0.053533 
asparagus 0.356297 0.166001 1.673668 -0.247847 1.100389 -0.053962 -0.630301 0.495946 0.164321 -0.064995 0.617095 0.501561 0.218187 -0.471025 0.726200 -0.247112 -0.139791 -0.799821 0.615808 0.413249 0.105875 0.077041 0.430424 -0.780051 0.156628 -1.151847 0.123301 0.730225 0.003175 -0.352630 
salmon -0.214680 0.268844 0.575052 -0.720212 0.884653 1.462401 -0.093711 -0.196634 0.583825 -0.378369 0.386007 1.042778 0.258566 -0.135675 0.717585 0.770373 0.332858 -0.287570 1.519696 0.766447 0.357382 0.383701 -0.303106 -0.470383 -0.166758 -0.732530 -1.014722 0.142163 0.041578 -0.087638 
leek -0.070532 -0.458394 0.606375 0.950844 0.597186 -0.231673 -1.506965 0.249293 0.238935 -0.831245 0.309873 0.247463 -0.944913 0.153836 0.411445 0.593708 0.636998 -0.850510 0.647109 -0.784364 -1.209290 0.344831 0.201534 0.019257 0.415907 -0.267898 1.517687 1.157051 0.363089 -0.937374 
chickpea -0.893443 -1.222159 0.533411 0.125515 -1.118593 -1.247756 -0.120919 0.572797 -1.243599 -1.186480 0.071674 -1.081640 -0.190529 -0.986564 1.065645 0.125434 0.161099 -0.533722 1.407445 0.653484 -0.507913 0.825009 -0.077962 -0.639206 1.083014 -0.181898 -1.254390 0.488868 1.634463 -0.545433 
blue_cheese 1.111879 0.054770 1.153204 -0.155243 0.217582 0.461487 0.881922 -0.635091 -0.733508 0.895734 0.439186 0.891403 0.068496 -0.345860 0.470203 -0.643614 -0.182427 -0.779070 0.118866 0.636898 -0.705173 -0.758438 -0.684032 0.291658 0.126318 0.411977 0.035883 0.222236 0.264928 -0.800002 
brandy 0.859075 0.133960 -0.723021 0.451916 0.297652 1.029729 0.187891 0.446911 -0.816122 1.589010 0.633843 -0.896522 0.537009 0.840398 1.702920 -0.196637 2.046188 -1.648677 -1.268134 -0.984545 -0.673371 -0.354234 -1.270437 -0.587869 1.201905 0.317816 1.449315 0.007237 0.605682 0.216556 
artichoke 0.376368 -0.007801 1.918673 0.002738 0.218796 -0.212144 0.125583 0.161286 -0.877508 -0.124485 1.005864 0.723224 0.614499 -0.088615 1.192841 0.049261 -0.153773 -0.422259 0.540920 -0.542000 -0.226141 -0.040162 0.104879 -0.494199 0.926321 -0.799925 0.186728 0.117193 -0.166614 -0.045753 
horseradish 0.743002 0.610243 -0.045337 0.682040 0.288543 1.232071 0.152195 -1.090721 0.700482 -0.517552 0.513721 0.025053 0.796134 -0.317045 -0.465898 0.597930 -0.600466 -0.931840 0.503118 1.328351 -0.960887 -0.763565 -1.271945 -0.020819 -0.498156 0.657243 0.212255 0.063335 -0.744958 -0.638198 
mango -0.428962 -0.970665 -1.786633 0.582729 0.194418 0.534713 -0.097188 -0.531753 0.194572 -1.053728 0.690446 0.434073 1.078690 0.476232 0.808937 -0.343311 0.542396 -0.489531 0.230826 1.279469 1.427076 -0.748126 0.457813 0.269251 -1.107583 -0.672451 -0.892419 0.587047 1.074065 -0.951784 
date -0.445101 -0.826519 0.180983 0.204157 -0.545051 1.060543 0.966394 0.597031 -0.282509 0.368476 -0.018491 -0.917686 0.380160 -0.781335 0.509085 -1.043288 0.500385 0.959549 0.085458 -0.102946 -0.514600 0.701849 -0.345332 -0.112511 0.096233 0.812114 1.634866 1.255076 1.320352 0.284721 
cardamom -0.898481 -1.635365 -1.138842 -0.138287 0.174045 0.619411 -0.616854 0.701708 -0.615944 -1.077957 -0.125001 -1.464488 -0.496067 -0.914695 0.134078 -0.175746 2.318988 -0.222134 -0.269628 0.255599 -0.376310 -0.037962 0.160741 -0.586360 0.178719 -0.503431 0.083227 0.685037 1.224548 -0.881968 
white_bread -0.008276 0.120068 0.416580 0.494384 0.191357 -0.055763 -0.633807 -0.115294 -0.855517 0.160080 0.438011 0.507669 0.439743 -0.195741 0.526876 -0.166595 -0.456382 -0.030482 -0.552876 0.001309 -0.544565 -0.037737 -1.022684 0.883125 0.212656 -0.324454 1.279449 0.515788 -0.214935 0.099029 
oyster 0.390261 -0.492321 -0.983282 1.352394 1.963144 0.250315 -1.080371 0.716090 0.623261 0.563084 -0.387050 0.357356 -0.422543 -0.423217 -0.035818 0.989692 -1.183047 0.735928 0.878941 -1.377606 1.091748 -0.964622 0.659800 -1.185444 0.058351 -0.279897 -0.265078 0.633388 -0.286468 -0.689770 
cottage_cheese 0.198313 1.052022 1.359126 -0.410790 -0.509062 -0.922775 0.651254 -1.459535 -0.630924 0.854510 -0.274571 0.317350 1.213051 0.375760 0.097326 -0.319980 -0.155982 -0.461968 0.021411 -0.404407 0.204728 0.111622 -0.055188 -0.095783 0.109545 0.289877 0.015302 0.353108 -0.120128 0.887362 
grape 0.584926 -0.429075 -0.162098 0.192867 1.295411 0.790999 0.864527 -0.265859 -0.716144 0.519600 1.084689 -0.669754 -0.134822 1.182573 0.782686 -0.381864 -0.152835 0.612212 0.594789 1.750440 0.393654 0.300137 -0.242779 0.503956 -0.106248 -1.157878 -0.400127 1.224548 1.766870 -0.753636 
brown_rice -0.486195 0.526379 -0.484115 0.868246 0.900519 -1.358632 -0.600112 0.426019 -0.579700 0.399258 0.867491 -0.105185 -0.218739 0.358668 0.126372 0.011756 -0.418238 0.801636 -0.161208 1.035238 -0.089137 0.584857 0.245350 -0.218384 -0.576340 -0.189197 0.475021 1.321336 0.291081 -0.238669 
cauliflower 0.209442 0.058842 0.711208 -0.315616 0.136084 -1.110468 -0.537131 -1.002432 0.407783 0.483945 0.800987 0.142519 -0.755146 -0.878349 -0.419132 0.358050 0.138158 -0.217017 1.228499 1.128369 -0.939205 0.666811 0.135751 -0.850836 0.558471 -1.204494 0.615220 0.550020 0.879136 -0.170547 
cured_pork 0.759354 -0.038823 1.689968 0.331979 0.883466 -0.612670 -0.421895 -0.723276 -1.745702 0.620473 0.391358 1.575937 -0.167673 0.837746 1.245015 0.921715 0.108307 0.042627 -0.582556 -2.141250 -0.410360 -0.225617 -0.301688 0.442498 1.619876 0.645440 0.455666 0.719716 0.224250 -0.331633 
egg_noodle 0.491084 0.699344 0.451149 0.773534 0.338844 -1.414201 -0.064083 -0.838029 0.598793 0.410071 0.201574 -0.440572 -0.177436 0.544775 0.215778 0.532350 -0.522434 0.276746 -0.480374 0.688432 -0.891074 -0.525191 0.262183 -0.271922 -0.332078 0.451768 0.032954 1.041681 -0.632567 0.195987 
beer -0.261538 -0.345514 -0.418098 0.900512 0.125443 0.200281 -0.489702 -1.091028 0.850540 -0.922387 0.244151 -1.253290 -0.177956 -0.509787 0.257174 1.184774 0.018481 -0.538236 -0.525185 -0.163713 0.148566 -0.167827 -1.079212 0.704388 0.295168 0.764635 -0.272196 0.466028 -1.040241 -0.380744 
hazelnut -0.305283 -0.667369 0.319599 0.085569 0.347707 1.083735 0.589530 1.311073 -0.065104 0.924241 -0.144104 0.622259 -0.962408 -0.258021 0.166499 -0.266733 0.903292 -0.692832 -0.436308 -0.125480 -0.101880 -0.507245 -0.065982 0.190933 0.832631 -0.313498 1.245024 0.824303 0.590602 0.402576 
mandarin 0.411054 0.934686 0.130110 -0.126698 0.757967 0.520387 1.473752 0.055432 -0.133731 0.874227 1.462542 -0.527748 0.297544 1.279940 0.196179 -0.971295 -0.334711 0.730208 -0.487897 1.377000 0.462413 -0.926692 0.146360 -0.402651 -0.534241 -0.250886 -1.028610 1.066874 2.529570 -0.645811 
romano_cheese -0.151687 -0.238085 1.562359 -0.004342 0.708175 -0.524639 -0.171458 -0.277210 -1.304861 -0.331097 0.113835 1.436009 0.510128 0.200860 0.264982 0.599385 0.295560 -0.205856 0.272766 -1.359038 -0.595210 -0.520279 0.735826 0.598044 0.788415 -0.072509 0.189067 0.461258 -0.259910 0.160155 
plum -0.078275 -0.936852 -0.776193 0.687528 0.881581 0.738784 0.450855 -0.176186 -0.188664 0.053452 -0.262504 0.098090 -0.475067 -0.755331 1.091539 -0.505928 1.919611 0.240583 -0.183125 0.232237 -0.010402 0.294505 -1.243300 0.381601 0.404001 -0.338683 0.858452 0.137561 0.530324 -0.599691 
pimento 0.287762 1.325252 0.434274 0.219661 -0.086307 -0.669309 -1.016211 0.219458 -0.531106 0.740287 1.125583 -0.506441 1.415278 0.214285 0.412301 0.518581 0.793864 0.202871 -0.191392 1.024887 -1.175697 -0.394702 0.358397 -0.025588 0.989015 -0.363959 -0.551083 0.339097 0.136601 -0.151156 
smoked_sausage -0.622752 0.704126 -0.626746 -0.615029 0.108074 -0.551818 -0.624075 -0.821428 -0.271457 -0.597349 0.575996 -0.751116 -0.620087 0.161815 -0.242756 2.563694 -0.378873 -0.092681 0.025204 -0.074226 -1.281526 0.102738 -0.727029 0.383222 1.410073 1.561565 0.658507 1.514319 -0.365421 -0.691987 
scallop -0.278341 -1.139573 -0.268120 -0.559255 1.109512 0.386005 -0.369671 -0.052690 0.211200 -0.998220 0.935879 1.682646 1.348612 0.023425 1.419062 1.839952 0.452573 0.669551 1.230002 -0.430898 -0.501222 -1.012110 0.230193 -0.426631 -0.373089 -1.045194 0.733844 0.454300 -0.912352 -0.678738 
goat_cheese -0.108419 -0.925217 1.856692 0.359620 -0.084784 0.526459 0.000610 -0.472521 -0.512998 0.977018 0.056219 1.830465 -0.654692 -0.757638 0.917236 -0.786803 0.287294 -1.435099 0.940892 -0.267299 -0.141471 -0.348264 -0.534502 0.617580 0.153874 0.031321 -0.314780 0.404618 0.322947 0.148070 
lentil -1.039120 -0.445060 0.197227 0.291094 -0.561115 -1.313131 -0.713341 -0.397157 -0.707027 -0.883731 -0.192239 -0.230690 -1.037987 -0.524563 0.650136 0.863895 0.770491 0.599135 1.769949 0.234203 -0.567393 1.729885 -0.174577 -0.244159 0.167297 0.086219 -0.416480 1.631717 1.200930 0.550447 
currant -1.115257 -0.319913 0.855981 0.219852 -0.736768 1.316165 1.089774 0.511512 -0.926202 0.523075 0.591242 -0.814548 -0.788749 -0.997402 0.432109 0.341635 1.654537 0.090355 -0.867009 -0.284544 -0.447922 0.334022 -0.307784 0.055421 0.415176 -0.781532 0.314737 0.566580 1.060611 -0.099198 
saffron -0.660516 -2.184367 -0.148878 0.900072 0.662920 -0.710501 -0.385219 1.208498 -1.273979 -1.415280 0.590947 0.253861 0.220716 0.717241 1.056547 0.851050 2.133056 0.152881 0.463580 -0.783025 -1.775225 1.241101 0.673008 -1.153533 0.432721 -0.580825 0.937069 0.700436 0.095786 -0.326080 
barley -0.704171 0.471254 -0.509049 1.284729 2.254035 -0.056553 -0.695818 0.959177 -0.496342 0.280564 -0.368561 0.048371 -1.030044 -0.278543 -1.633439 -0.485063 -0.657546 -0.679808 1.462190 0.171837 -1.042647 1.157546 -0.245431 -0.212045 -0.083160 -0.180589 -0.674196 1.566498 0.609645 0.307200 
caraway 0.982419 0.350665 0.527161 1.423963 -0.702510 1.293459 -3.840173 -1.464544 -1.779129 -0.538754 -0.583220 -0.656395 -0.093442 0.308878 -0.783818 0.421994 2.177850 -1.369960 -1.098390 0.038496 -0.406433 -0.357971 -2.715242 -1.087240 -0.419652 1.435328 -1.241926 1.722459 0.823237 0.178438 
beet 0.579771 0.085988 0.952209 0.268251 -0.738118 1.278808 0.653428 0.393763 -0.465356 -0.065831 0.491368 0.260689 -1.266079 -0.600583 0.560160 0.598651 0.376634 -1.268895 1.854016 1.333115 -0.891635 -0.365209 -1.267754 -0.382065 -0.145841 0.635357 0.186365 0.432407 1.530153 -1.114655 
squid 1.441108 0.200248 -2.179747 0.518836 1.595431 0.325194 -0.178728 0.157991 0.117008 0.039069 -0.092169 -0.257900 0.970968 0.201171 1.421600 1.289787 -0.290135 0.184242 1.276838 -2.734450 -0.551791 -0.530961 1.266561 -3.121345 0.303627 0.055533 -0.576430 -0.155613 0.643659 0.787622 
corn_flake 0.379499 0.618278 -0.015487 0.135173 -0.035777 -0.597140 -0.085561 0.216428 0.430007 0.096886 -0.720384 -0.243527 1.018508 -0.050474 -0.478197 0.132848 -0.348475 -0.203781 -0.711663 0.327661 -0.011332 0.483046 -0.182985 0.502259 -0.419110 -0.127322 0.972205 1.091553 0.468786 0.410651 
anise -0.844614 -0.516951 0.345769 -0.341987 -0.299726 2.420343 -1.172416 2.091006 -0.751364 -0.530080 0.229698 0.455505 0.807050 0.380276 0.282822 0.587827 0.877175 0.728556 -0.670156 -0.881543 -0.705359 -0.948568 -0.334175 -0.997077 0.610811 0.226342 -0.191396 0.468851 0.551791 -0.146897 
roasted_beef 0.503996 1.403668 -0.157497 -0.158430 0.364208 -0.338302 0.586788 -0.455167 -0.160552 -0.275900 -0.247400 -0.121663 -0.729406 -0.145856 -0.552799 1.120069 0.739885 -0.894302 0.406409 -0.900939 0.334812 0.017168 -1.445585 0.350887 0.916372 0.608989 -0.231160 0.893822 0.369541 -0.683117 
pistachio -0.169035 -0.713398 -0.302710 -0.132739 -0.418049 0.664303 0.580838 0.781740 -0.405992 0.505646 1.167388 0.193261 0.179142 0.031702 0.403373 -0.131785 1.701082 -0.289590 -0.184769 0.098177 0.024244 0.077912 0.269932 0.257943 0.405424 -0.410836 1.185319 0.729550 1.487053 0.597338 
peanut_oil -0.333948 0.153722 -1.756329 0.645680 0.474428 -0.638256 -0.529985 0.792391 0.645183 0.093716 -0.985888 1.160491 0.531490 -0.293662 0.609888 0.412866 0.002429 0.402651 0.460063 0.314920 1.023137 -0.336394 0.507718 -1.040934 -0.455311 -0.087851 -0.276919 0.210211 0.507426 -2.127391 
cereal -0.057497 -0.346856 -0.271880 -0.664600 -0.319973 0.763277 0.560013 0.286707 -0.573718 -0.002010 -1.707952 1.394795 0.049232 -0.027894 -1.335264 1.244558 -1.036201 1.564719 -0.915874 0.677821 0.063734 0.992371 -0.655779 -0.086521 1.322644 0.149337 0.687412 1.504564 2.251032 1.095704 
cashew 0.226398 -0.250318 -0.313275 0.224543 0.576417 -0.788322 -0.311121 0.031128 0.560162 0.945749 0.593394 0.200351 -0.311779 -0.489464 -0.203824 0.073982 1.111609 1.086307 0.246090 0.958682 0.947182 0.850037 -0.074865 -0.962593 -0.051835 -0.562470 0.469067 1.085634 1.555675 -0.659130 
veal 1.390030 0.080429 1.906628 1.610850 0.989348 0.600735 -0.535013 -0.172030 0.147048 0.209982 0.286746 0.242065 -1.261786 0.417682 1.582046 -0.310628 0.694164 0.156294 0.666717 -2.164676 -0.466936 0.357636 -0.717317 0.896164 0.070593 0.430272 0.504474 1.630022 -0.533835 -0.494017 
seaweed -0.459846 -0.068711 -2.148894 1.100848 1.029687 0.968806 -0.143508 -0.248602 -1.177103 0.270816 0.852348 1.509871 1.057228 -0.467261 -1.220937 0.889748 -2.764693 -1.140932 2.012851 -0.373191 0.219719 -1.294714 -0.233980 -3.158770 -0.058425 0.399771 0.150195 -0.621058 1.070255 0.987649 
turnip -0.793024 -1.046891 0.367335 1.200475 -0.447736 0.422771 -0.832185 0.102591 -0.741033 1.124400 -0.185225 -1.154307 -3.216231 -0.285932 0.023281 1.353608 1.164290 -0.555630 3.055904 -0.102220 -0.611652 0.095014 0.379410 -0.799082 -0.005497 -0.187628 2.133914 1.485290 -0.649027 -1.051498 
sauerkraut 1.240486 0.449705 -0.527757 0.057977 -0.401312 1.743678 -1.070029 -3.239125 -0.408698 1.119291 -0.931814 -0.766674 -0.291204 0.341849 -0.682066 1.996964 0.346938 0.136041 -1.515934 -0.835935 -2.486450 -0.565621 -2.244681 -0.633177 0.604376 0.150942 -0.094407 2.033871 -1.006700 -1.297857 
berry 0.093069 0.133576 -0.403070 -0.390776 0.856175 0.985491 0.630254 -1.396867 -0.868791 0.583423 -1.153497 -0.625984 0.305236 1.824820 0.146161 -0.773803 0.527929 0.158339 -0.594372 -0.576284 -0.261131 -0.894011 -0.449504 0.383804 0.587103 -1.146908 1.009530 0.470787 1.909539 -0.828523 
kelp 0.723540 -1.422079 -2.962806 1.405690 2.606358 0.482319 0.466975 -1.132813 0.169063 0.101435 0.248648 -0.503917 0.486857 -1.501135 -0.056244 0.039937 -1.871189 -0.073279 3.376653 -3.776636 0.020809 -0.207254 1.065759 -1.957398 -1.471572 0.955419 0.608496 -0.432842 1.635438 1.828025 
tomato_juice -0.544422 0.965541 -0.232977 -0.023347 -0.033359 -0.328992 0.294837 -0.486694 -0.492338 -0.564239 -0.275582 -1.358622 0.152072 -0.657057 0.001307 1.364159 -0.003755 -0.070092 0.972803 -0.382426 -0.174256 -0.361908 -1.100534 0.896905 1.023570 0.512627 -0.422521 -0.123463 -0.644672 -0.205242 
cod -0.058602 -0.207448 -0.507885 -0.401715 0.453782 0.284791 -1.208834 -0.367136 0.354343 -0.884691 0.624705 -0.207456 0.234928 0.298938 0.580427 1.407575 0.366891 -0.617437 1.382196 -0.369908 -0.110487 0.274852 0.669290 -1.094775 -0.006958 -0.364885 -0.249412 0.690469 -0.271576 -0.164821 
provolone_cheese 0.118260 0.188814 2.315266 0.228730 0.629749 -0.366301 0.592513 -2.140633 -0.621474 0.502985 0.094655 1.518789 -0.207185 -0.625093 0.969509 0.116612 -1.369962 0.258986 0.256010 -0.787684 0.512312 -1.451238 0.512225 0.775652 1.556367 0.397647 0.163619 0.270948 -0.713475 0.049452 
mussel -0.169180 -1.932535 -0.599679 1.143762 1.679718 0.608073 -0.838466 -0.388524 0.958360 -1.728895 0.630403 0.091743 0.294761 0.258765 1.664847 2.769194 0.764059 2.507895 1.788796 -2.174401 -2.450305 -1.364069 1.268119 -0.332188 -0.253612 -0.617977 -0.617087 0.177849 -0.506876 -0.961509 
blackberry -1.106038 -0.250192 -0.191901 -0.341556 1.148901 2.053381 2.074485 -0.548652 -0.830525 -0.215113 -1.169621 0.434926 0.021876 1.798398 -0.998242 0.366660 1.082150 -1.237439 -1.056056 -0.789968 -0.192552 -1.243601 0.654624 -0.237827 0.173088 -0.758681 0.153604 -0.293466 1.340273 0.437747 
roasted_peanut -0.551470 -0.876351 -2.673223 0.914168 -0.009553 -0.006790 -0.819280 0.678034 0.362980 0.223999 -0.144838 2.065312 0.841121 -0.174549 -0.350437 0.540138 -0.080535 1.799806 1.246805 1.179738 1.625559 0.013631 0.245932 0.831633 -0.736967 1.251072 0.284121 1.198686 1.337324 -0.257389 
rhubarb -0.446426 -0.151819 0.236370 0.043732 0.131633 1.861987 1.209167 -0.672721 0.442910 -0.085604 -1.272818 -0.367750 0.433834 0.855531 0.036856 -1.055600 0.568564 -0.546526 -0.639849 -0.725830 0.247170 -0.666700 0.751291 -0.645387 0.013533 -0.200615 0.466540 0.164139 1.042811 0.275575 
chinese_cabbage 1.217726 -0.252461 -3.772945 2.012737 2.071530 0.477917 -0.110331 0.813222 -1.239952 -0.329886 2.563389 -0.346925 -0.330788 -1.327425 -0.653612 1.465531 -1.976752 0.955996 1.403076 -3.774469 -0.125038 -2.672369 0.748477 -2.632940 -0.604437 0.651444 0.387263 -0.265752 2.391945 0.085447 
corn_grit 0.731243 -0.828161 -0.295371 1.585468 -0.245630 -0.057406 -1.248249 -0.483176 -0.381940 -0.310967 1.328038 -0.707727 0.557987 -0.519939 0.691035 1.346193 -0.006230 -0.355125 -0.828585 -0.278469 0.145402 -0.175465 1.361826 0.710033 0.949889 1.414924 -0.113601 0.579179 -0.932505 -0.024428 
chicory 0.447799 -0.357538 1.254162 0.751962 -0.338180 1.851400 0.316036 -0.101787 -0.610033 0.969644 2.045281 1.939693 -0.508808 -0.774503 1.529025 -0.250923 -2.085950 -0.485428 1.851121 0.634536 -1.299861 -0.884553 -0.231097 0.046782 0.182041 -0.249917 0.203960 -0.006674 1.747035 -0.903531 
bourbon_whiskey -0.538643 -0.280173 -0.590607 -0.303763 -1.127311 3.075412 1.550211 0.471866 0.055339 -0.217729 -0.935754 -1.774403 -0.129721 -1.183999 0.869174 0.631089 -0.555559 -0.864026 -1.285981 -0.760939 1.060189 0.832421 1.170537 -1.625578 -0.805053 0.492697 1.077824 1.361839 -2.098382 -1.744934 
citrus -0.952711 -0.842782 -0.773852 0.978015 0.540022 2.827426 0.554425 -0.265489 -0.301354 0.878233 1.083395 0.364012 0.802946 -0.226913 -0.427698 -0.806915 1.658743 0.233146 0.596313 -1.181380 -0.190881 0.297863 -0.108817 0.233041 -0.478651 -0.103178 1.205130 0.542075 0.804467 -0.283349 
lima_bean -0.067077 -0.149462 -0.070097 2.108930 -0.142308 -0.251731 -0.708151 -0.062664 -0.483086 -0.720640 -0.295424 -1.442820 -0.948603 -1.084190 0.207074 1.407081 -0.200601 0.576004 0.875323 1.212606 -1.012615 -0.226173 0.576468 1.183971 0.488255 0.976804 0.200978 0.839121 -0.945664 -0.993050 
lovage -1.989058 2.419044 -0.833362 -1.820669 0.768950 0.971324 0.664703 1.059406 1.696187 -2.460324 0.722621 -0.904209 2.356662 -2.511362 2.053159 2.517149 1.135299 -0.265975 -1.829432 -1.558750 -3.623936 -0.197260 0.593706 0.002597 -2.688652 -0.113014 -0.365262 -1.098319 -1.411217 -1.381656 
melon -1.231014 -0.737770 0.023326 1.572135 1.389874 1.428380 1.698811 -0.525327 -0.536452 -0.461553 0.969607 0.752888 1.047255 1.586384 -0.715232 -0.445307 0.769758 1.201074 0.490876 1.660066 0.268292 -0.154382 1.421922 -0.642579 -1.003189 -0.070506 -1.721585 1.115053 0.915458 -0.776113 
parsnip -1.130460 -0.603985 0.498688 1.011409 0.344774 0.122211 -2.386409 0.224475 0.743053 -1.934095 0.307317 -0.593073 -2.931968 1.232463 -0.426238 0.223059 0.418425 -1.736955 0.258254 0.696083 -1.339790 -0.752188 -0.935686 0.064724 0.223348 -0.389572 0.223948 2.186533 1.417539 -0.756891 
fig -0.636479 -1.142859 0.557910 -0.188840 0.167979 1.520499 1.227510 0.717195 -1.666145 -0.438204 0.987774 0.601349 -0.309719 -0.592603 1.392263 -0.388310 1.335525 0.136882 -0.549338 -0.158974 -0.321424 -0.133267 -0.832821 0.631152 1.130361 -0.147159 1.696394 0.279600 0.964095 0.070990 
lemongrass -0.601457 -1.361595 -3.750047 0.656230 1.411879 -0.437220 -3.196420 0.395010 0.673048 -0.674250 0.035289 1.880415 1.521583 0.281234 0.881034 0.211021 1.023972 1.452919 1.618224 -1.011576 1.860386 -1.627636 1.281640 1.390898 -2.490582 0.426306 -1.260030 2.264745 1.611664 -1.377353 
whiskey 0.357963 0.303730 -1.746454 -0.517642 0.616036 1.063208 1.550373 -1.784960 0.259366 0.131768 -0.242713 -0.222332 0.792525 -2.516259 0.960160 -1.219313 2.525007 -0.753281 0.329835 -1.105897 1.164811 -0.463739 -1.101620 1.431567 1.203587 1.287940 0.984670 0.677309 -0.482122 1.331820 
watercress -0.215494 0.144247 0.029993 0.624270 0.279321 0.621414 0.489319 -0.198475 0.023377 0.566479 0.939277 2.008451 0.040949 -1.636789 0.847712 0.060799 1.092360 0.446557 0.984874 0.829369 -0.369767 -0.703341 0.130137 0.727262 -0.078313 0.127938 0.160251 -0.150161 0.692413 -1.325493 
tequila -0.885680 0.761680 -2.242041 0.342058 0.070582 1.269226 0.966798 -0.315241 -0.417016 0.756000 1.862962 -0.584071 1.694775 0.581072 1.237342 0.603307 1.043909 -0.942264 -0.923688 -0.365331 1.491205 -0.158074 0.551938 -0.709536 0.147432 0.662737 -2.433588 0.286008 -0.358895 -0.056270 
rye_flour -1.708289 -0.769824 0.093137 -1.381036 0.212700 1.529071 -0.418281 -1.903684 -1.005877 -0.327956 -0.510801 1.675578 -1.128046 0.201390 -2.406162 1.550110 0.333780 -0.116707 -0.818548 1.391590 -1.622247 -1.573604 -2.017089 -0.926539 1.287145 0.412164 0.264602 0.035312 0.569113 0.550201 
peppermint 0.436387 -1.037229 0.518829 -0.041119 -0.818333 1.742392 0.063629 0.584568 0.744994 0.980005 0.052903 0.478911 0.271224 0.042361 -0.338323 0.353821 0.186146 -0.438261 0.362455 0.451564 0.618924 -0.679268 0.848460 -0.592371 -0.534842 0.011743 0.589684 -0.338794 1.131281 0.765115 
savory -1.362119 -0.463802 0.863309 1.132580 0.753394 -0.054869 -0.863299 -0.118915 -1.073883 -1.265134 0.622477 0.638222 -1.235329 0.069780 -0.084094 0.923152 0.281156 0.860212 0.157543 -1.048932 -0.685550 -0.285931 -0.580712 0.754590 0.080189 -0.556978 0.230585 0.884343 -0.298615 -0.617685 
lobster 0.530222 -0.596245 0.165940 0.757927 0.573850 1.600077 -1.014632 -0.559964 0.346361 -0.444745 0.667555 -0.044023 1.192840 0.146755 1.472406 1.674089 1.584053 0.769136 0.246803 -1.561398 -0.862450 -0.534375 1.018654 -0.463670 0.222864 -0.957001 -0.016005 0.192050 -1.207454 -0.346881 
roasted_pork -0.175524 0.518109 -0.539462 0.034123 0.568047 0.705047 0.903064 0.111188 -0.163191 -0.659830 -0.683003 -0.036416 -2.083979 -0.247511 1.216041 0.932335 0.417021 -0.233733 -0.304462 -0.119789 -0.421651 0.551693 -1.623674 -0.067723 -0.268479 0.627990 -0.552262 1.157741 -0.271215 -1.218997 
mace -1.114294 -0.855737 -0.339440 0.292784 0.625918 0.627366 0.003105 0.851407 0.005988 -0.717871 0.306067 -1.193573 -0.834876 -0.932741 0.900470 -0.396098 1.258262 -0.129641 -0.683544 -0.043170 -0.746033 -0.300303 -0.721996 -0.669729 -0.050982 0.110614 0.945319 0.389377 0.596766 0.393828 
endive 0.945646 -0.874327 1.048405 0.725440 0.306961 0.273045 0.590644 -0.239935 -0.857828 0.060931 0.484557 1.884757 -0.228213 -2.064197 0.751568 -0.567059 0.986169 -0.660869 1.372172 -0.683140 -0.807170 -0.431427 -0.918369 1.527248 0.707089 -0.249569 0.764802 0.896500 0.688504 -0.673183 
brassica 0.379248 -0.901507 -0.476165 1.520860 0.291070 0.532852 -0.811133 -0.316554 0.851011 -0.782406 0.614730 1.766423 -0.982033 -2.049029 1.699001 0.168828 -0.372832 -0.321832 0.215196 -0.061373 -1.513764 0.132409 -0.557188 -1.033819 0.508180 1.717718 -0.012106 0.583710 0.947233 -0.047232 
grapefruit -0.622048 0.333486 -0.490174 0.545844 0.664695 1.406939 1.603848 -0.482134 -0.650283 0.420370 1.298020 0.616636 0.692607 0.332302 0.769722 -0.789990 1.120429 0.359695 -0.048979 0.696090 0.291747 -0.741690 -0.318640 -0.049098 -0.462430 -0.231346 -1.067490 0.378093 1.235732 -1.754888 
enokidake 0.132041 -0.085280 -1.569177 2.240506 2.471324 0.976593 1.126000 -0.365704 1.971768 -0.624747 -0.080666 0.036127 -0.900438 -0.488823 0.812778 0.646971 -2.045069 -0.502267 1.111648 -2.918486 -1.492113 -1.564708 -0.690726 -3.997294 -0.131505 1.203548 -1.697606 -0.176680 0.907333 1.260408 
porcini -0.130083 -0.681122 2.106675 0.741208 1.667693 -0.251810 -0.086282 0.598081 0.258395 -0.600993 0.012313 1.043242 -2.080965 0.394095 0.676864 0.186132 -0.280503 -0.030872 0.480411 -1.734424 -1.116894 -1.025964 0.139753 0.512980 0.418392 -0.554882 1.112083 1.797639 -0.674302 -0.492704 
kiwi 0.297425 -0.792936 -0.709982 1.302037 1.370330 1.696238 1.859838 -2.028297 0.168961 0.873573 0.529488 -0.784482 0.555524 1.828828 -0.298584 0.379198 0.052985 0.290202 0.312630 0.444720 0.622464 0.590517 -0.099702 -0.536865 -1.082599 -0.333547 -0.654842 0.142743 1.787337 -0.062107 
wasabi -0.660444 2.398727 -1.891535 0.293184 1.286799 -0.027183 0.747658 -0.475244 0.184349 0.110852 1.959745 1.591149 1.171889 -1.527101 -0.987515 2.727552 0.156907 -1.080525 1.146165 -1.082641 -0.865234 -0.268807 -0.273145 -1.749587 -0.530944 -0.214396 1.540070 -2.894330 3.038359 0.589917 
watermelon -1.405902 -1.204136 -0.477332 0.726198 0.788023 2.354396 0.164333 -0.898248 0.138121 -0.025063 1.308385 0.304456 1.113000 2.346144 1.733116 0.527889 0.166746 -0.305961 0.483386 1.146067 1.148764 -0.106587 0.226110 0.525045 0.653857 -0.516058 -1.171730 -0.217782 1.258538 -0.607888 
lime_peel_oil -0.902123 -1.168469 -1.032555 1.566685 0.305879 1.099721 0.189454 -0.687232 0.917993 -0.182389 1.092499 0.655555 1.624333 0.960490 1.393716 -0.022149 0.594189 0.024408 0.359722 1.087918 1.161446 0.255308 0.772208 0.557706 -0.157717 -0.099125 -1.759140 0.320133 0.187203 -0.245033 
okra -0.629901 0.232560 -1.343810 -0.236467 -0.781854 -0.175041 -1.204794 0.377020 0.186881 -0.374326 0.577614 -0.812406 0.598731 -0.444113 1.812300 1.607386 -0.045672 0.730250 1.009819 -0.475639 -0.229706 0.553825 -0.248407 0.419520 -0.128472 0.415844 -0.155703 1.851796 -0.593356 -0.566522 
macadamia_nut 0.073780 -0.174530 -0.480519 -0.536625 -0.140454 0.707635 0.324603 0.578832 0.243548 0.144683 0.669556 0.204822 0.504826 0.188265 -0.356147 -0.023169 0.141176 0.119473 -0.313117 0.566367 1.262119 -0.340823 0.365082 0.448901 -0.556932 0.402586 0.539009 0.620167 1.554795 0.737540 
smoked_salmon 0.827337 0.071961 1.466203 -0.230163 -0.233379 1.302922 -0.505504 -0.913792 1.105773 0.271194 0.905997 1.597138 1.063628 -0.327313 -0.137674 0.919151 0.147406 -1.859990 1.315382 0.528609 -1.586859 -0.357438 0.273411 -0.629780 -0.171973 -1.074516 -0.228450 -0.335266 0.913124 0.036867 
kale -0.034972 -0.794852 0.533314 0.979655 -0.214243 -0.562831 -1.385008 -0.457261 -0.429417 0.060549 -0.209049 -0.268417 -1.418109 -1.419946 1.041518 0.151748 -0.853942 -0.212843 1.829112 -0.557554 -1.650905 -0.720295 0.499455 1.039385 0.498839 0.136843 0.608001 1.434487 0.455303 -0.334303 
popcorn 0.274683 0.219883 -1.181254 -0.303042 -0.972198 -0.376976 0.469003 0.658857 -0.615228 0.363778 -1.131263 0.527618 1.029184 0.112535 -0.292961 0.998741 -0.783725 -0.035260 -0.402106 1.019363 0.695172 1.026340 0.906107 0.412264 0.371084 0.226239 1.027810 0.928496 0.766176 0.417320 
rye_bread 0.384883 1.230785 1.286030 0.567552 -0.570258 0.776365 -0.310643 -2.460818 -0.134643 -1.041415 0.045261 0.574045 0.653870 -0.511535 -0.931534 0.203012 -0.551466 -1.824131 -0.140591 1.123456 -2.141654 -0.997310 -1.789789 0.220413 -0.043678 0.101464 -0.152027 2.045929 -0.849106 0.211033 
star_anise -0.883049 -1.282651 -1.596168 1.078044 0.950525 0.917477 0.435594 1.101601 0.118041 -0.459620 0.440018 0.485350 -0.673413 -0.503503 0.756170 -0.194287 1.305303 1.091387 0.925187 -0.363380 0.590352 -0.244356 0.035620 -0.598841 -0.320065 0.116275 0.328836 0.152904 0.570054 -1.551603 
brussels_sprout 0.857134 -0.148065 1.470416 -0.231980 0.349446 -0.198103 -0.221961 0.473688 0.110172 0.144107 -0.012204 0.418999 -1.037285 -0.943500 0.478745 0.373603 0.215211 -0.832886 0.268913 0.900517 -0.794652 0.174593 -0.333121 -0.211866 0.412113 -0.247687 0.547650 1.129533 0.637724 -0.192690 
tea -1.253175 -0.601940 -0.677611 0.464907 0.141969 1.543878 0.242257 -0.277416 0.407473 -0.311394 0.342755 0.125622 -0.091135 0.066743 -0.048617 -0.313535 1.270610 -0.640873 -0.262644 -0.090475 0.535966 0.403129 0.077557 -0.094469 -0.752003 0.000633 0.239949 0.581192 0.352544 -0.138895 
thai_pepper -0.867681 0.784636 -2.601600 0.954863 0.425701 -0.647379 -0.224150 1.198617 0.138500 -0.892631 -1.069971 0.697443 0.881556 -0.179615 2.477746 0.832346 -0.819467 -0.212640 0.550668 1.138938 2.816384 0.779213 2.614280 -1.678261 -1.141755 0.655252 -0.798967 1.091040 0.748438 -1.422347 
champagne_wine 0.326401 -0.568177 0.380473 0.933635 0.988554 1.677190 0.812968 -0.413291 0.265672 0.190802 0.938805 1.312865 0.027585 0.210865 0.135831 0.156294 0.921707 -0.476175 -0.054947 -0.020020 -0.566983 -0.691380 -0.673272 0.197160 -0.152874 -0.358435 -0.188106 -0.035777 0.610971 -1.092595 
anise_seed -1.387062 -1.517461 -0.305621 0.980102 -0.162894 1.283957 -0.563640 -0.771839 -0.660145 0.424273 -0.048524 0.599323 -0.304321 -0.099836 0.327037 -0.625423 1.369467 -0.565463 -0.009378 1.031145 0.615343 1.009317 -0.723084 -0.519367 0.505768 0.454470 0.452637 -0.170265 0.560784 -0.221694 
yam -0.121391 -0.770670 -0.568374 1.152723 -0.082205 0.845937 -1.017194 -0.136571 0.092478 -0.399471 -1.386283 -1.185638 -1.930069 -0.276066 0.971145 -0.935488 0.050016 -1.495696 0.713772 0.064387 0.431473 0.513199 0.049983 -1.012465 -1.004297 -0.524219 0.875418 1.848840 0.280362 -0.372836 
bitter_orange -1.715248 -0.245433 0.047551 -0.438224 0.965702 1.592528 1.148148 -0.141283 -1.345510 0.124982 1.986168 -0.270617 0.405188 0.967581 -2.129874 -0.143125 2.850886 -0.742655 0.150813 -1.399807 1.215839 -2.960487 1.338952 0.315744 -1.706420 -0.897995 0.690777 1.951906 -0.722749 -0.902980 
wheat_bread 0.121730 0.296379 0.693644 0.590010 0.102817 0.087166 -0.139851 -1.021985 -0.408248 0.047893 0.166767 0.353809 0.635850 -0.078741 -0.354712 0.257409 -1.487808 -0.052168 -0.160465 1.493972 -0.381085 0.128706 -0.599394 0.110099 -0.288174 0.021212 -0.204786 0.705718 0.379217 0.199140 
