249 5
</s> 0.080054 0.088388 -0.076605 -0.065561 0.027332 
egg 1.215303 0.392047 0.378237 -0.365276 0.339784 
butter 1.224958 0.501583 0.399605 -0.295098 -0.069632 
wheat 1.289306 0.388578 0.263514 -0.442266 0.094942 
onion -0.781377 0.861982 0.789493 0.758873 -0.251877 
garlic -0.955512 0.473200 0.670388 1.289845 -0.195404 
milk 1.581100 0.386321 0.529478 -0.618280 0.018667 
vegetable_oil -0.032143 0.495609 0.112282 0.512128 0.495894 
cream 1.035621 0.099325 0.361690 -0.136752 -0.089945 
tomato -0.950607 0.790035 0.756483 0.996771 -1.042885 
olive_oil -0.203623 -0.183612 0.644611 1.547522 -1.461019 
black_pepper -0.296809 0.204851 1.039333 1.021541 -0.406182 
pepper -0.731438 0.913210 0.558749 0.827281 -0.716209 
vanilla 3.055784 0.845291 -0.364013 -0.241171 0.976770 
cayenne -1.279944 0.892737 -0.211776 1.715003 0.283151 
vinegar -0.544855 0.901815 0.476470 0.879470 0.477181 
cane_molasses 0.607686 1.587073 0.003093 -0.353017 0.817610 
bell_pepper -0.883518 0.493632 0.485274 1.273893 -0.538542 
cinnamon 1.716642 1.382528 -0.648659 0.317110 0.073842 
parsley 0.073708 -0.534410 1.249723 0.662972 -0.899110 
chicken -0.766803 0.606665 0.038493 0.923450 -0.522262 
lemon_juice 0.532008 -0.195705 -0.095738 1.195377 -0.547174 
beef -1.088089 0.851723 1.138985 0.578244 0.128310 
cocoa 2.679237 1.003897 -0.156413 -0.560337 1.400205 
corn -0.551232 1.375736 0.202470 0.337660 0.353079 
bread 0.143722 0.355948 1.275747 0.064455 -0.773720 
scallion -0.626726 -0.216405 0.550226 1.755874 1.219598 
mustard -0.140159 0.786700 0.738894 0.434585 0.132390 
ginger -0.038977 0.798422 -0.825775 1.970822 1.752053 
basil -0.227249 -0.599373 1.511843 1.046253 -1.891536 
celery -0.669431 0.944885 1.205441 0.552861 -0.808333 
carrot -0.772851 0.666392 0.915826 0.976396 0.059956 
potato -0.593320 0.680066 1.495643 0.338228 -0.401629 
chicken_broth -0.535540 0.673180 0.801386 1.172150 -1.038033 
yeast 1.281348 0.448130 0.687617 -0.809786 -0.007747 
rice -0.707062 0.332509 0.140461 1.660910 1.369983 
mushroom -0.329946 -0.003781 1.826215 0.424972 -0.343419 
cheese 0.177054 -0.125711 1.060230 0.220651 -1.034791 
soy_sauce -0.884654 0.140143 0.298513 2.387605 2.910916 
cumin -1.727529 1.978742 -1.374917 2.189883 -0.686661 
oregano -0.884753 0.040690 1.116844 0.855072 -1.463487 
parmesan_cheese 0.280497 -0.856843 2.006260 0.305327 -1.683378 
macaroni -0.210770 -0.778689 1.697972 0.790567 -1.401577 
thyme -0.074651 0.212678 1.734860 0.631731 -1.750864 
cheddar_cheese -0.585599 0.870178 1.522686 -0.446964 -0.392993 
lard 1.642558 0.648184 0.137751 -0.591948 0.344994 
lemon 0.797838 -0.238971 -0.270278 1.246542 -0.696315 
cream_cheese 1.344832 -0.154282 0.365091 -0.108347 -0.095092 
walnut 2.270620 0.616395 -0.319936 -0.159828 0.091536 
green_bell_pepper -1.379116 1.125858 0.999085 0.696064 -0.666520 
starch 0.590995 0.199082 -0.219591 0.500346 1.082263 
nutmeg 1.630080 1.285544 -0.188165 -0.258560 -0.331774 
honey 0.594908 0.736151 -0.628316 0.807120 0.727866 
apple 1.237475 1.410559 -0.517300 0.188072 -0.245825 
almond 1.693270 0.559158 -0.739228 0.453291 -0.082670 
cilantro -1.332494 1.076141 -1.350578 2.804168 -0.046057 
pecan 2.213623 1.035148 -0.381252 -0.379593 0.295861 
white_wine 0.086391 -0.888264 0.903168 1.465942 -0.952853 
bacon -0.255087 0.780384 1.738081 0.043788 -0.480162 
pork -0.802288 1.083836 0.524653 0.545138 0.484804 
raisin 1.562496 1.738341 -0.835239 0.227419 -0.316994 
bean -1.154299 1.107781 0.697120 0.843686 -0.059483 
rosemary 0.006841 0.235760 1.824094 0.485133 -2.375014 
fish -0.476544 -0.753302 0.238389 2.473237 0.979609 
cucumber 0.365406 -0.721538 0.366976 0.972241 0.767383 
olive -0.355078 -0.245803 1.120963 1.065276 -1.384352 
coconut 0.928176 1.470957 -1.849961 0.974148 1.005902 
orange 1.925793 0.181711 -1.000735 1.260134 -0.409045 
tamarind -1.311694 1.934976 0.979096 -0.134699 0.472462 
vegetable -0.419278 0.095557 0.937814 1.229351 1.204480 
orange_juice 1.423094 0.397584 -1.266413 1.437755 -0.326904 
buttermilk 1.299197 0.419502 0.203436 -0.464452 0.053213 
pineapple 1.508654 0.597082 -1.274288 1.130749 0.433014 
shrimp -0.498217 -0.904306 0.867659 2.283547 0.955178 
coriander -1.383692 2.348605 -2.122684 2.696617 -0.399281 
bay -0.758366 0.998924 1.039127 1.335437 -0.965465 
lime_juice -0.567145 0.902291 -1.816761 3.236401 0.065086 
red_wine -0.154286 0.311493 0.502045 1.121040 -1.358365 
gelatin 2.591929 0.411791 -0.854702 0.622207 0.907503 
pork_sausage -0.451870 0.478597 2.224456 0.300196 -1.496829 
sesame_oil -0.836572 -0.682155 0.477160 3.260835 4.033258 
chive 1.048347 -0.853923 0.926102 0.069721 -0.164564 
seed 0.186717 1.623478 0.048191 0.495645 -0.195116 
mozzarella_cheese 0.177616 -0.782011 2.234082 -0.036002 -1.809091 
ham 0.164304 0.014471 1.721254 0.166442 -0.793766 
oat 2.108134 1.683298 -0.310314 -0.707534 1.284631 
turmeric -1.605908 2.277766 -2.272206 2.977726 -0.222168 
nut 0.745818 0.112635 0.295251 0.604056 0.392291 
shallot 0.441987 -0.755039 0.666967 1.980326 -1.101705 
lettuce -0.256343 -0.154854 0.094545 1.729279 -0.054766 
cider -0.489593 1.687070 -0.123829 0.648698 0.225304 
dill 0.095127 -0.139455 1.273103 0.640739 -0.378548 
pea -0.892031 0.503488 0.848806 1.241657 0.055453 
zucchini -0.242212 0.296785 0.538463 0.669419 -1.398120 
cherry 2.591425 0.528896 -1.137697 0.774103 0.159311 
lime 0.306097 0.217574 -1.727573 2.641952 0.094571 
yogurt 0.572655 0.619455 -1.232805 1.438795 -0.480723 
strawberry 3.410980 -0.841692 -1.092896 1.493867 0.336590 
soybean -0.379685 -0.430452 0.451764 2.152880 3.186098 
celery_oil -1.791804 2.583809 0.665967 0.023906 1.128505 
peanut_butter 0.796704 1.449979 -0.610961 -0.163928 2.536787 
banana 2.132380 0.544181 -1.359763 0.778922 0.709817 
meat -0.407800 0.876568 1.055060 0.433158 -0.396073 
tabasco_pepper -0.967375 1.258715 0.727162 0.618678 0.270506 
milk_fat 1.750223 -0.270079 0.394180 -0.058304 -0.425500 
cabbage -0.965621 1.191109 0.768413 0.998620 0.911012 
mint 0.505565 -0.273753 -1.243713 2.403871 -0.664459 
fennel 0.158006 0.005072 1.684189 1.225908 -2.272946 
sage 0.300719 0.565744 1.595562 -0.021190 -2.236829 
broccoli -0.338786 0.343675 1.168814 0.286221 -0.050770 
turkey -0.327291 0.911667 0.937323 0.307905 -1.152204 
fenugreek -1.455493 2.327747 -1.963979 2.907830 -0.158544 
cranberry 2.016105 0.925800 -0.553859 0.472768 -0.562274 
wine 0.124461 -0.469871 0.130359 1.502729 0.272351 
beef_broth -0.853922 0.563823 1.731664 0.808602 0.272612 
grape_juice 0.520917 -0.449003 0.561629 1.346979 -1.572352 
pumpkin 0.790244 0.329233 -0.306202 0.126494 1.503235 
raspberry 3.173525 -0.812632 -0.740845 0.985998 0.075957 
whole_grain_wheat_flour 1.258710 1.028155 0.447080 -0.498358 0.382837 
lemon_peel 1.824049 -0.693555 -0.250991 0.855368 -0.973861 
coffee 1.974836 0.803891 -0.399800 -0.470249 0.718855 
sesame_seed 0.082552 -0.050891 -0.125764 1.464816 2.210488 
avocado -0.656647 0.123138 -0.729023 2.411664 -0.297513 
sherry 0.197208 -0.099382 0.592307 1.167529 -0.403331 
sake -0.288505 -1.278632 1.129784 2.702786 4.337264 
feta_cheese 0.264411 -1.063826 0.254911 1.456183 -1.632234 
apricot 1.848217 1.038436 -1.007463 0.513794 -0.656790 
roasted_sesame_seed -0.761285 -1.609949 1.506386 2.744396 3.850186 
rum 2.441628 0.533008 -1.473542 0.929229 0.229879 
orange_peel 2.238187 0.229180 -0.604763 0.754993 -0.542346 
squash -0.317560 0.881441 0.550999 0.444530 -1.174167 
crab -0.161414 -0.451721 0.869757 1.332735 0.586809 
marjoram -0.133900 0.622281 1.838317 -0.298244 -2.020942 
swiss_cheese 0.370788 0.535709 2.628728 -0.795951 -0.492848 
sweet_potato 0.329232 1.981019 -0.744324 0.770188 -0.344512 
shiitake -0.005256 -1.890198 2.117624 1.906956 2.635768 
radish -0.307976 -1.626276 1.074468 2.854851 2.828074 
peach 1.599274 0.307259 -1.253392 1.095951 0.191932 
tarragon 0.603095 -1.152359 1.136680 1.290751 -1.035004 
black_bean -1.926301 1.552570 -0.367426 1.957637 -0.285687 
lamb -0.299426 0.492303 -0.394651 1.662575 -2.036124 
maple_syrup 1.121251 1.433181 0.041749 -0.175910 0.414313 
pear 1.503045 -0.591299 -0.308085 1.435949 0.869355 
fruit 2.604410 0.320156 -1.011223 0.979349 0.362904 
blueberry 3.411687 -0.730252 -0.952634 1.067257 0.729302 
clam -0.584228 -1.689598 1.887283 3.075482 0.480938 
smoke -0.431671 1.031410 1.498507 0.708089 -0.599839 
tuna -0.290580 -0.374101 0.776330 1.264324 0.291566 
kidney_bean -1.911370 2.163236 1.073717 0.893604 -0.310556 
peanut -0.035738 1.259471 -0.866791 0.959275 2.577805 
asparagus 0.309974 -0.854284 1.412412 0.932077 -0.828594 
salmon 0.231315 -0.861453 0.183851 1.553228 0.017526 
leek 0.080870 -0.148601 1.633684 1.247582 -0.987986 
chickpea -1.271458 1.029300 -0.531542 1.970208 -1.178011 
blue_cheese 0.874879 -0.333883 0.751244 0.429939 -0.964442 
brandy 2.899175 0.097853 0.241409 0.618172 -0.810305 
artichoke 0.341441 -1.418247 1.467377 1.085011 -1.727047 
horseradish -0.190493 0.746228 1.294246 0.472064 0.604178 
mango 0.183266 0.377726 -2.395411 2.995566 0.102928 
date 2.513564 1.594402 -0.724069 0.024255 -0.326967 
cardamom 0.653405 1.858356 -1.744144 1.452756 -0.342830 
white_bread 0.586857 0.299051 1.331748 -0.178459 -1.218724 
oyster -0.540751 -0.953546 1.404305 2.064018 2.143661 
cottage_cheese 0.595516 0.074031 1.181961 -0.502373 -1.232008 
grape 1.303495 0.301366 -1.581094 2.096605 -0.645815 
brown_rice -0.696041 1.140619 0.308202 0.717506 -0.233298 
cauliflower -0.658293 0.477386 1.022125 0.461039 -0.331800 
cured_pork 0.564069 -1.062636 2.598801 0.789817 -2.243120 
egg_noodle -0.499487 0.661948 1.651507 -0.275214 -0.333646 
beer -0.976879 1.850595 0.524052 0.558503 -0.172224 
hazelnut 2.559397 -0.082563 0.267866 -0.121687 -0.232480 
mandarin 1.784916 -0.107609 -1.387608 1.556006 0.319986 
romano_cheese 0.473664 -1.064663 1.669173 0.793107 -1.914626 
plum 1.283090 1.058459 -0.796001 1.111040 -0.677461 
pimento -0.501269 0.339087 0.935459 0.625190 -1.126484 
smoked_sausage -1.217585 2.191571 2.068277 0.248325 -0.323739 
scallop 0.056535 -1.571045 0.888344 2.746562 -0.413399 
goat_cheese 1.161837 -1.017057 1.114279 0.920428 -1.679441 
lentil -1.162981 1.493344 0.082587 1.422660 -0.867374 
currant 2.026192 1.220126 -0.441141 0.621770 -1.120944 
saffron 0.098213 -0.186440 -0.196295 2.288949 -1.573142 
barley -0.560241 0.781095 1.209380 0.849936 1.375861 
caraway -0.205961 2.871438 1.322324 0.159757 -0.338918 
beet 0.441372 0.535723 0.740871 1.296113 -0.479313 
squid 0.004694 -2.614268 1.301700 3.168944 2.691803 
corn_flake 0.600595 1.349461 0.293255 -0.642039 0.433342 
anise 1.531049 -0.086276 0.187512 0.683573 0.221670 
roasted_beef -0.604419 0.955276 1.338244 0.429502 -0.151057 
pistachio 2.253084 0.212564 -0.942503 0.732736 -0.523799 
peanut_oil -1.111523 0.522010 -0.492903 2.412322 2.107701 
cereal 1.637644 1.525731 0.781395 -0.805711 2.340856 
cashew 0.055199 1.208178 -0.703386 1.160799 0.550070 
veal 0.419848 -0.896463 1.793799 0.536047 -1.871711 
seaweed 0.475463 -1.654798 1.753784 2.814267 3.892508 
turnip 0.182318 1.084186 2.096183 0.929302 -1.001662 
sauerkraut 0.157040 1.957817 2.908361 -0.756943 0.213496 
berry 2.764338 -0.241762 -0.283436 0.545413 -0.324005 
kelp 0.690496 -2.864766 1.166477 3.310659 4.785778 
tomato_juice -1.316321 1.364116 1.129184 0.359079 -0.371957 
cod -0.467741 -0.463447 0.524396 1.808621 0.053316 
provolone_cheese 0.624077 -0.962150 2.680627 0.446311 -1.778029 
mussel -0.748375 -1.841902 1.259104 3.805653 -0.089675 
blackberry 3.660895 -1.075774 -0.526377 0.536520 0.073265 
roasted_peanut -0.249902 1.354482 -1.587908 1.907750 2.668241 
rhubarb 2.983218 -0.326140 -0.643293 0.099885 0.737970 
chinese_cabbage -0.494729 -2.725440 1.316355 3.887573 4.917180 
corn_grit -1.029624 0.977722 0.800836 0.922608 -0.792847 
chicory 1.153532 -1.910015 1.501693 2.123593 -0.483700 
bourbon_whiskey 1.307824 2.614482 -0.507760 0.182456 1.464030 
citrus 3.097208 -0.057518 -1.080724 1.585661 -0.262777 
lima_bean -1.671922 2.290135 1.237183 0.891572 -0.839639 
lovage -1.029065 0.534634 0.954086 0.365301 0.852587 
melon 1.869864 -0.030817 -2.185889 3.319092 0.058746 
parsnip -0.157358 1.103595 1.413457 0.883522 -1.043135 
fig 2.590702 0.196778 -0.207790 0.646918 -1.772698 
lemongrass -1.367528 -0.122325 -2.535134 4.836146 1.763270 
whiskey 1.673962 2.467896 -0.215511 0.086425 -0.765670 
watercress 0.470454 -0.322026 0.312440 2.130500 -0.438264 
tequila 0.236567 0.771529 -2.316002 2.907309 -0.256013 
rye_flour 1.775592 1.683412 2.162972 -1.263098 0.523390 
peppermint 2.135522 -0.957974 -0.450350 0.069012 1.300864 
savory -0.197509 -0.066928 1.425495 0.948325 -1.720268 
lobster 0.637980 -1.586256 0.896719 2.014433 -0.839241 
roasted_pork -0.538154 1.521891 0.369690 0.295875 -0.344231 
mace 1.275792 1.418582 -0.433407 0.385562 0.078856 
endive 0.833934 -0.578877 1.371847 1.700945 -1.633148 
brassica -0.534530 0.259243 1.665105 1.915615 1.239442 
grapefruit 1.326760 0.007951 -1.652524 2.565766 -0.474640 
enokidake 0.150322 -1.981143 2.669967 2.991439 4.972286 
porcini 0.796988 -1.428706 2.743320 0.538668 -1.608805 
kiwi 2.455877 -0.535290 -1.665284 2.320220 0.945675 
wasabi -0.075469 -1.062546 1.613710 2.606033 3.348719 
watermelon 1.939578 -0.723627 -1.871662 3.864011 -0.765622 
lime_peel_oil 0.539236 -0.267883 -2.158214 3.383161 -0.406272 
okra -1.507395 1.521693 0.358788 1.567765 -0.428510 
macadamia_nut 1.406213 0.291612 -1.239622 0.346832 1.060438 
smoked_salmon 0.956610 -1.418399 1.835534 0.689614 -0.077444 
kale -0.496569 0.443051 2.105988 1.051950 -0.797052 
popcorn 0.468319 1.872928 -0.613934 0.017486 1.236014 
rye_bread 0.330774 1.722685 2.783311 -0.598170 -0.879290 
star_anise 0.356087 -0.094497 -1.479824 2.304106 0.851458 
brussels_sprout 0.378263 0.343479 1.553215 0.296202 -0.693133 
tea 1.647694 0.778487 -1.253662 0.924898 0.184655 
thai_pepper -1.370650 1.731451 -1.963771 3.993182 2.497546 
champagne_wine 1.474034 -0.751751 -0.056600 1.671305 -0.465417 
anise_seed 1.145260 1.382462 -0.945252 0.907078 -0.331455 
yam 0.580113 1.620283 0.009273 0.818192 0.366561 
bitter_orange 3.688407 -1.034422 -1.532696 2.021011 -2.399630 
wheat_bread 0.202308 0.789986 0.955037 0.147869 -0.236784 
