249 35
</s> 0.011436 0.012627 -0.010944 -0.009366 0.003905 0.008632 0.002688 0.000604 -0.010296 0.006339 -0.012447 0.003570 -0.002147 -0.002735 -0.009474 -0.005378 0.007370 0.008644 0.008483 0.004564 0.004414 -0.010865 -0.011702 0.014199 0.010861 0.008829 -0.001726 0.011473 -0.001414 0.002099 -0.000426 -0.008524 0.003749 -0.003821 -0.010930 
egg 0.442085 0.310249 0.332077 -0.248395 -0.428067 0.248395 -0.079842 0.445096 0.130052 -0.213133 -0.003083 0.167320 -0.114463 -0.106108 0.255493 -0.217674 0.027120 0.379167 0.543214 0.311616 0.449389 0.095623 -0.321123 -0.518030 0.442992 0.293173 -0.355036 -0.269211 0.048838 0.234015 0.088309 0.110959 0.190851 -0.562150 0.593361 
butter 0.711926 -0.063907 0.064502 0.200705 -0.780565 0.393255 -0.379476 0.769459 0.068246 -0.656132 0.101842 -0.074981 -0.081735 -0.028119 0.218679 -0.001165 -0.597422 0.199364 0.312748 0.358517 0.072810 0.074013 0.008904 -0.261428 0.624494 -0.182278 0.223384 -0.339982 -0.049601 0.430290 0.306407 0.148540 0.319214 -0.198121 -0.203425 
wheat 0.302367 0.255980 0.241202 -0.225746 -0.799364 0.024206 0.427277 0.204444 0.122563 -0.216394 -0.011091 0.226586 0.243838 -0.165611 0.107305 -0.245410 0.141301 0.509548 0.173801 0.300798 -0.044274 0.255226 -0.317115 -0.432560 0.589565 0.293436 -0.324596 0.140470 0.008412 0.079106 0.045153 0.157043 0.197198 -0.775557 0.265996 
onion -0.229527 -0.313898 0.126624 0.061093 0.043667 -0.171475 -0.265954 0.128617 -0.729679 0.106249 0.121505 -0.128719 -0.027259 -0.012400 0.384720 -0.457723 0.162268 0.061320 -0.250882 -0.290228 0.537541 0.479971 -0.289486 -0.010096 0.120522 -0.216186 -0.045793 0.436658 0.414972 0.370360 -0.036922 -0.524246 -0.507014 0.561635 -0.490758 
garlic -0.300169 -0.204878 -0.086645 0.306290 0.475630 -0.507744 -0.505422 0.272871 -0.799468 0.212080 0.467766 0.024055 0.025001 -0.286377 0.295820 -0.403922 0.562292 -0.200624 0.334252 -0.459670 0.630054 0.341556 -0.087049 0.439453 0.426937 -0.290190 -0.173447 0.368906 0.216023 0.133425 -0.417391 -0.583321 -0.102377 0.145256 -0.487761 
milk 0.474065 0.057795 0.318642 0.154291 -1.047740 0.672409 -0.144227 0.764261 -0.031252 -0.440467 0.012939 0.398835 0.256454 0.256960 0.891916 0.166668 -0.349237 0.346119 -0.047879 0.174578 0.158978 -0.128253 -0.196195 -0.793958 0.403488 0.317727 0.419752 -0.345058 -0.269132 0.058871 0.393848 0.470448 0.597382 -0.152685 0.203678 
vegetable_oil 0.296950 0.465837 -0.025619 0.063788 -0.210709 0.366500 -0.068565 0.215733 -0.719831 -0.068243 0.116945 -0.474260 -0.079763 0.152539 -0.323253 0.069168 -0.070538 0.310401 0.011504 -0.091682 0.406741 0.035918 0.048501 0.087637 0.229784 -0.801410 0.586512 0.118193 0.229276 0.897928 0.371729 -0.107628 0.107176 0.237734 0.215517 
cream 0.700749 0.164508 0.416564 -0.197833 -0.730557 0.706054 -0.385719 0.173035 0.167552 -0.303318 -0.138745 0.058389 0.159103 -0.110714 0.370538 -0.143850 -0.089770 0.080967 0.184926 -0.026402 0.316138 0.045646 -0.528853 -0.240981 0.453623 -0.056987 0.122684 -0.111975 0.548744 -0.019556 0.487248 0.030877 0.573754 -0.332719 0.134192 
tomato -0.966558 -0.753348 0.279837 0.393048 -0.253875 -0.724678 -0.140720 0.229502 -0.654865 0.105205 -0.103303 0.422899 0.331944 -0.388767 0.555766 -0.384564 0.386466 -0.315884 0.388121 -0.680763 0.633298 0.125768 -0.270259 0.486365 0.812525 -0.458158 -0.385040 0.195271 0.057107 -0.603159 -0.873755 -0.314810 -0.584961 0.731864 -0.407622 
olive_oil 0.028211 0.035833 -0.139967 0.136665 -0.577688 -0.083057 -0.608469 1.143895 -0.076998 0.076371 0.771485 -0.424976 0.469344 -0.519023 -0.294735 0.051970 0.269167 -0.101326 0.439996 -0.316616 0.417839 -0.024583 0.551923 0.652546 0.434512 0.047540 1.241225 0.574278 0.222702 -0.135652 -0.346317 -0.486973 0.047789 1.027312 -0.228015 
black_pepper -0.073746 -0.411155 -0.024608 -0.138033 0.390448 -0.565969 -0.539886 0.224693 0.020734 -0.362163 0.963334 -0.079566 -0.208879 -0.027856 0.144955 -0.388836 0.265359 0.053146 -0.105134 0.170062 0.417114 0.504471 -0.418553 0.365366 0.427106 -0.445464 -0.239999 0.622336 0.250087 -0.216351 0.007858 -0.111801 -0.057039 0.125933 -0.427119 
pepper -0.139175 -0.180888 -0.023774 -0.016294 0.249987 -0.337229 -0.602030 -0.187411 -0.378097 0.036866 0.078010 -0.137976 -0.457509 0.040185 -0.009384 -1.046160 0.286682 0.304996 0.060372 -0.050767 0.458736 0.219574 0.190226 0.394424 0.101568 -0.378002 -0.429438 0.834389 0.209300 -0.127535 0.297775 0.147390 -0.109557 0.650369 -0.578183 
vanilla 1.256584 0.453431 0.089563 1.073636 0.480998 1.228258 0.928954 0.288346 1.243158 -1.293611 -1.000453 1.243781 0.871485 0.790042 0.878325 -0.065656 -0.286546 -0.181153 0.559650 0.216078 0.498952 0.327231 -0.002537 -0.461798 0.677643 0.851013 0.682326 0.140764 -0.073253 0.225712 -0.243679 0.547484 -0.456996 -1.049275 0.283713 
cayenne -0.371596 0.056696 0.064623 0.734382 0.532482 0.223792 0.217736 -0.560013 -0.980111 0.110388 0.513954 0.196324 -0.101415 -0.204114 0.406716 -0.592825 0.913549 0.223508 -0.330676 -0.536829 0.514898 -0.000419 -0.549344 0.806507 -0.013396 -0.862510 -0.048926 0.211941 0.457935 -0.172119 -0.368054 -0.330805 -0.008263 -0.365222 -0.578780 
vinegar -0.310113 -0.688044 0.111582 -0.187468 0.746157 0.233451 -0.039230 0.089872 -1.122791 -0.846238 -0.008192 -0.452896 -0.564367 -0.040297 -0.816930 -0.190493 0.434673 -1.141943 1.062101 0.140752 1.131917 -0.180201 -0.000996 0.089662 -0.056252 -0.760928 -0.232344 -0.130664 0.098746 0.785312 -0.806929 -0.211631 -0.370846 -0.227445 -0.287160 
cane_molasses -0.368350 1.013104 0.143587 -0.400477 -0.290619 0.298765 1.148081 0.986334 -0.348395 -0.779783 0.188430 0.611189 -0.333047 0.874023 -0.396922 0.207831 0.833723 0.809055 0.028848 -0.210886 0.439586 -0.299442 -0.253411 -0.404953 -0.045824 -0.396679 -0.034893 0.404180 -1.165747 0.703095 0.387514 0.256154 -0.251304 -0.218076 -0.502353 
bell_pepper -0.066257 -0.335913 0.106492 0.009504 -0.067239 -0.305852 -0.429165 -0.104954 -0.705421 0.235971 0.394561 0.140591 -0.128458 -0.304684 0.206217 -0.354037 0.309963 0.016183 -0.075776 -0.260248 0.476581 -0.176039 -0.206769 0.816722 0.277609 -0.634842 -0.078791 0.409814 0.051967 -0.013824 -0.561301 -0.258313 -0.222185 0.296528 -0.258930 
cinnamon 0.714947 0.580570 0.642756 1.064731 0.077185 0.278616 0.298610 0.893865 1.188852 -0.598774 0.394137 0.672702 -0.140550 0.289661 -0.510239 -0.423539 -0.382710 0.981226 0.390767 0.781956 0.278364 -0.087857 -0.444951 0.773710 0.030731 0.214199 -0.099702 0.423644 -0.264537 0.371242 -0.228127 0.527269 -1.160012 -0.808147 -0.391447 
parsley 0.258239 -0.733727 0.361446 -0.305616 -0.376443 -0.641826 -0.682350 0.907214 -0.465041 -0.426245 0.238070 -0.052339 0.283344 -0.347219 0.296863 0.318450 0.264241 -0.331695 0.115136 -0.268578 0.277801 0.340770 0.061272 0.431691 -0.084164 0.319076 0.163667 0.423695 0.630876 -0.080204 -0.143608 -0.048686 0.291363 0.195055 0.283621 
chicken 0.681579 0.103521 -0.182355 0.839118 0.137793 -0.458914 -0.347514 -0.735735 -0.078300 0.007311 0.339786 -0.159615 -0.315549 -0.360472 0.432937 -0.281683 0.644162 0.065859 0.008980 0.519746 0.049632 0.038930 1.015223 -0.106874 0.044418 -1.017593 -0.010012 0.410026 -0.416886 0.328948 -0.204211 -0.588581 0.096330 1.209313 0.010349 
lemon_juice 0.025037 0.059678 0.041684 -0.629364 -0.131033 0.316979 -0.459679 0.244502 -0.070582 0.029393 0.032495 0.022529 -0.239673 0.004600 -0.489672 -0.044576 0.729167 0.156135 0.291723 0.913311 0.671347 -0.071640 -0.165080 0.202802 0.278372 -0.018891 0.314661 0.419587 0.857672 -0.694492 -0.672795 0.066201 -0.021073 -0.284810 0.440693 
beef -0.540787 -0.527746 0.352318 -0.054100 -0.158753 -0.602987 0.335019 -0.306053 0.066566 -0.448633 0.900642 -0.286494 0.387232 -0.210803 0.072880 -0.159999 0.416225 -0.398551 0.052923 -0.662692 0.459062 0.293434 0.181897 0.223207 0.341912 -1.241508 -0.651321 0.259236 -0.572957 0.740703 0.846632 -0.998466 -0.473867 0.232978 -0.478744 
cocoa 0.586942 -0.117848 -0.056457 0.301981 0.399642 1.376404 0.759222 -0.150445 0.946070 -0.726253 -1.045711 1.504824 0.582525 1.282335 1.228586 -0.361388 -0.915628 -0.073470 0.258218 0.240050 0.665277 1.157830 -0.109260 0.190349 -0.071603 0.068795 -0.292634 -0.102434 -1.244874 0.916552 -0.813993 1.081720 0.494596 -0.871367 0.099063 
corn -0.726247 -0.280122 -0.003703 -0.316592 -0.236238 0.646514 0.463451 -0.545553 -0.764297 0.406285 0.241478 0.009662 0.198291 0.195062 0.576331 0.331213 -0.105659 0.527224 0.093338 -0.220682 0.773289 0.426672 -0.685369 0.175935 0.740538 -0.588183 -0.132375 -0.048465 -0.558163 0.812887 -0.237560 -0.237564 0.147811 0.431614 -0.853451 
bread -0.195091 -0.350188 0.417209 -0.821668 -0.414496 -0.668911 0.239959 -0.101381 -0.634152 -0.551828 0.093162 -0.190626 -0.197834 -0.476106 0.057076 -0.098052 -0.321248 0.215736 -0.017978 -0.099563 0.407615 0.693705 0.058922 -0.024883 0.646346 0.294042 -0.231484 0.461450 0.153575 -0.007630 -0.435606 0.304916 0.254248 0.373132 -0.224436 
scallion -0.240978 0.419917 -0.644825 0.553343 0.484966 -0.353649 -0.522036 -0.527248 -0.526924 0.135325 0.435307 0.207392 -0.172913 0.104759 0.448691 -0.503318 0.387958 -0.319258 -0.304370 -0.463979 0.496397 0.314941 -0.122807 -0.003836 0.160021 -0.996119 -0.038439 0.706054 0.571997 0.312676 -0.278606 -0.407181 0.420844 -0.565574 0.576876 
mustard 0.010573 -0.233444 0.809303 -0.688568 0.238132 0.238195 -0.308977 0.475483 -1.201472 -0.720026 -0.382804 0.101828 -0.434011 0.448110 -0.560165 0.785322 -0.496737 -0.126840 0.030899 0.124305 1.132847 0.719019 -0.291757 0.462363 -0.193338 -0.604587 0.159438 0.118004 0.525129 0.484769 -0.164010 -0.365037 -0.539899 0.077916 0.011022 
ginger 0.728564 0.826374 -0.740504 0.861333 0.312227 0.816762 0.163439 -0.029707 -0.327058 -0.337020 1.361098 0.283390 -0.193198 -0.021843 -0.677886 0.050521 0.034092 0.983375 -0.989999 -0.377988 0.404347 0.115247 0.231903 0.505996 -0.229979 -0.803150 -0.610065 0.225394 0.932965 1.177625 -0.971859 -0.435931 -0.366418 -1.066418 -0.378791 
basil -0.441456 -0.875086 -0.045608 -0.342521 -0.292237 -0.906591 0.350131 0.500520 -0.398076 -0.557266 0.853321 0.049149 -0.253305 -0.444736 0.175677 -0.279521 0.187933 -0.164866 -0.115428 -0.546521 -0.210429 0.198150 1.011716 0.839342 0.692837 0.362038 0.701830 0.999150 -0.855420 -0.977642 -0.916756 -0.516003 0.046007 0.755771 0.301300 
celery 0.037264 -1.064757 -0.309143 0.042318 -1.087909 -0.498411 -0.386564 0.238894 -0.779538 -0.628578 0.058828 0.231233 0.332170 -0.437117 0.155228 -0.528369 1.031567 -0.542529 -0.186706 0.235361 -0.270384 0.426524 0.209780 -0.230813 -0.775952 -0.423924 -0.057186 0.759322 0.105037 0.170672 0.335948 0.225155 -0.256057 0.487991 -0.431956 
carrot -0.064254 -1.224461 -0.695777 0.307732 -0.392037 -0.443621 -0.972613 0.106744 0.250392 -0.224713 0.907901 0.125777 0.209304 0.154329 -0.175245 -0.494012 0.631253 -0.096525 0.061928 0.141933 -0.388787 0.236052 0.002567 0.120030 -0.493258 -0.600040 0.275303 0.411487 0.710830 1.018462 0.245849 -0.237234 -0.555736 0.194246 -0.428272 
potato -0.669780 -0.783211 0.452052 0.092088 -0.686968 -0.083098 -0.978925 -0.347220 0.007714 -0.717741 0.990370 0.200345 0.192055 -0.492656 0.613608 -0.381800 0.451524 0.657225 -0.420817 -0.211710 -0.148290 0.659607 -0.589532 0.013814 -1.315091 0.669976 0.019700 0.415670 0.333578 0.487716 0.161644 -0.126445 -0.168743 0.550635 0.160060 
chicken_broth 0.528359 0.037866 0.535167 1.025151 -0.255950 -0.362218 -1.035037 0.499812 0.170268 -0.250349 0.866955 0.073937 -0.263942 -0.148649 0.508548 -0.664188 0.994228 -0.466267 0.196744 0.201594 -0.596622 0.394107 0.630480 0.119750 -0.465501 -0.231198 0.322255 0.577161 0.403694 0.245605 -0.112127 -0.334649 0.365989 0.640694 -1.086703 
yeast -0.004751 -0.068538 0.419447 -0.215051 -0.320197 0.197765 0.864870 0.367285 0.273830 -0.308166 0.102710 -0.210412 -0.452594 -0.324307 0.645459 0.343315 -0.648125 0.479081 0.294531 0.183000 0.361603 0.160338 -0.146038 -0.470487 0.909606 0.505474 -0.020389 0.027494 -0.232552 0.575948 -0.445614 0.470880 0.635411 -0.027219 0.370816 
rice 0.081116 -0.154039 -0.915534 -0.030175 -0.453057 -0.213083 -0.432200 -0.781071 -0.360527 0.446415 1.043892 -0.136804 -0.272267 0.464507 0.312926 -0.403060 0.705946 0.083643 -0.373672 0.058705 -0.208645 -0.219336 0.064864 0.277664 -0.208014 -0.549656 0.075437 0.187223 0.652610 1.309895 -1.147093 0.191704 0.184948 -0.402012 -0.250404 
mushroom 0.196848 -0.702474 0.259563 0.182535 -0.389090 -0.680021 -0.629007 -0.170415 -0.584632 -0.580984 0.896365 0.545348 -0.609756 -0.224713 0.824785 -0.366634 0.090274 -0.709076 -0.512811 -0.446105 -0.247647 0.352512 0.951798 -0.128854 -0.189326 0.061107 -0.077879 0.214567 -0.066262 -0.008230 0.237461 -0.253819 0.380638 0.184506 -0.059510 
cheese -0.129925 0.308086 1.087311 -0.220382 -0.215739 0.425708 -0.309732 0.096304 -0.135956 0.380642 0.429509 0.111447 -0.297571 -0.703551 0.431620 -0.792756 -0.290092 -0.530376 0.408876 -0.523809 0.328431 0.151458 0.331659 0.235376 0.819010 0.546745 -0.201766 -0.079986 -0.102541 -0.709830 0.009824 0.110354 0.577382 0.450541 0.531643 
soy_sauce -0.516611 0.275797 -0.965320 1.058385 1.055184 -0.510005 -0.786722 -0.569986 -1.234583 0.083202 0.931556 1.000829 -0.244087 1.136624 -0.501851 0.223323 0.247811 -0.629938 -0.751866 -0.710401 0.591828 -0.198483 0.875521 -0.541664 0.210889 -1.540536 0.116962 0.114032 1.131039 1.519502 -1.056094 0.734367 -0.441109 -0.875776 0.244802 
cumin -1.563673 -0.288668 0.164377 1.654984 -0.556867 1.686202 0.122552 -0.139594 -0.251187 0.956058 -0.397297 0.156824 -0.303775 0.151364 -0.621537 -0.687344 1.045382 0.901890 0.050968 -0.489243 -0.291276 -0.093739 0.551048 1.615675 -0.579624 -1.287273 -0.054924 1.126886 0.821903 0.192575 -0.436872 0.637297 0.122434 0.630563 -0.582555 
oregano -0.635576 -0.647014 -0.107251 0.440202 0.045222 -0.959861 0.120331 0.667148 -0.645273 0.155915 0.589804 -0.151081 -0.293745 -1.016255 0.706618 -0.305010 -0.377754 -0.585392 -0.231899 -0.457863 0.823741 0.105319 0.149403 0.783417 0.379518 -0.095437 0.353995 0.584157 -0.615460 -0.611250 -0.239661 -0.197822 -0.642860 0.848676 -0.262186 
parmesan_cheese -0.363135 -0.313486 0.311333 -0.279602 -0.535603 -0.358483 -0.666746 0.404390 0.073403 -0.135148 0.853467 -0.271197 -0.508893 0.210633 0.971329 -0.827135 -0.337886 -0.567623 0.216125 -0.672450 -0.349800 0.597489 1.399289 -0.126147 0.196050 0.661204 0.622267 0.618744 -0.505257 -1.463733 -0.280993 0.004810 0.421211 0.851570 0.476610 
macaroni -0.169239 -0.798252 0.069402 -0.609062 -0.519699 -1.269550 -0.665451 -0.686841 -0.861750 -0.070139 0.972732 0.049219 -0.102270 -0.808228 0.257781 -0.617797 -0.440858 0.283548 -0.250694 -0.692728 -0.010458 -0.087955 0.712588 0.357297 -0.282126 1.200333 0.781475 0.472272 -0.067954 -0.762161 -1.156326 0.423141 0.075370 0.472481 0.420319 
thyme -0.344985 -1.256475 0.129531 -0.443916 -0.487916 -0.492293 -0.840963 0.934269 -0.125866 -0.537380 1.188158 0.190866 0.709759 -0.028009 0.542612 -0.199726 0.592731 -0.509749 -0.538090 0.805853 -0.283363 0.557912 0.244170 -0.426100 0.635279 0.920972 0.203348 0.430938 0.329373 -0.189219 -0.506227 -0.266016 -0.407961 1.148105 -1.199082 
cheddar_cheese -0.565687 0.413828 0.941063 0.516392 0.078882 0.691606 -0.303630 -0.613849 -1.332849 -0.449775 -0.187186 -0.008466 -0.529354 -0.367001 1.085203 -1.269656 -0.921408 -0.120038 0.165249 -0.414912 -0.227151 0.386722 0.376291 0.100398 -0.078391 0.184925 0.032472 0.091175 -0.628677 -0.036073 1.029771 -0.285545 -0.033683 1.127255 0.570859 
lard 0.408465 0.145433 0.331588 0.187064 -0.496170 0.313954 0.686772 0.468253 0.252411 -0.432894 -0.009662 0.061905 0.329014 -0.087786 0.351434 0.212685 -0.304201 0.473285 0.297354 0.001872 0.189478 0.128530 -0.433775 -0.213391 0.476065 0.608774 0.598729 -0.121947 -0.433846 0.705722 -0.072403 0.993045 0.091862 -0.410730 0.019990 
lemon 0.347718 -0.508069 0.331210 0.236351 -0.411103 0.260790 -0.215537 0.386564 0.053980 -0.090753 0.000609 -1.023227 0.450303 0.467295 0.035552 0.284199 0.276597 0.333998 -0.502708 0.868944 0.664152 -0.236831 0.205122 0.211793 -0.014798 -0.172887 0.719214 0.694378 0.242577 -0.401420 -0.499979 0.114896 0.238142 -0.348733 0.220998 
cream_cheese 0.896931 0.077366 0.191306 -0.824553 -0.652766 0.624327 -0.078131 -0.060207 -0.307781 -0.504883 -0.087429 -0.076489 0.297428 -0.187561 0.298502 -0.151689 -0.333174 0.419133 0.147171 -0.302964 0.720088 -0.691476 0.076826 -0.070628 0.314497 -0.018578 0.176135 -0.090551 -0.533901 -0.683422 0.393867 0.694723 0.052692 -0.495329 0.994113 
walnut 0.469866 0.683501 0.218983 0.237839 -0.978987 -0.254135 0.470166 -0.321203 1.519730 -0.484117 -0.434850 -0.031986 0.231544 -0.319391 -0.287813 0.028216 -0.347611 0.159831 1.484888 0.302260 0.538543 0.339215 -0.150918 -0.408501 0.118786 0.699773 0.818529 0.067436 0.203113 0.372221 -0.434822 0.655867 -0.918445 -0.664802 -0.050468 
green_bell_pepper -0.454621 -0.278158 0.287597 0.613359 -0.166788 -0.530774 -0.204636 -0.366316 -1.754315 -0.016428 0.055802 0.185649 0.131650 -0.416437 0.425894 -0.634796 0.705388 -0.312865 0.105500 -0.392805 0.238922 -0.236842 -0.159073 0.310624 -0.170777 -0.016297 -0.320285 0.524929 -0.311678 -0.401150 0.008424 0.448952 -0.807064 0.851444 -0.303439 
starch 0.540874 0.021979 -0.109524 0.056971 -0.461187 0.092028 -0.061043 -0.095800 -0.213463 0.147575 0.484458 0.023032 -0.384953 0.909725 -0.101042 -0.288928 -0.133364 0.065639 -0.865005 -0.019253 0.383635 -0.226062 0.002662 -0.365013 -0.023229 -0.429097 0.153048 -0.328667 0.566234 0.620482 0.177940 -0.109475 0.048196 -1.243626 -0.946677 
nutmeg -0.260136 0.319705 -0.245669 0.542143 -0.407749 0.021016 -0.400574 1.174385 0.947385 -0.486690 0.238736 0.464400 0.535199 -0.789364 0.036729 -0.159142 -0.142473 1.259406 0.405212 0.713966 0.450355 -0.091086 0.112352 -0.584790 0.274355 0.538198 0.677594 -0.219207 -0.000665 0.260191 0.193515 0.177487 -0.631768 -0.882133 -0.730423 
honey 0.390290 0.845872 -0.289197 0.045777 -0.113404 0.209020 0.981112 0.123197 -0.244044 0.339901 0.516182 0.441088 -0.345150 0.508171 -0.611098 0.283448 0.419290 0.051823 0.221368 0.537880 0.606815 -0.223250 0.034698 -0.549037 0.309875 -0.188764 -0.146253 0.440891 0.266590 0.714999 -0.881520 -0.324005 -0.134811 -0.046093 0.029228 
apple 0.648667 0.045615 -0.359199 0.835537 -0.415978 -0.146380 0.493739 0.373274 0.555410 -0.635800 -0.198660 -0.200505 -0.508046 -0.114495 -0.841872 -0.001862 -0.731785 0.682222 0.658890 0.278652 0.967218 -0.009073 0.340986 -0.740208 -0.800788 -0.016403 -0.224596 0.641056 0.557228 0.461049 -0.078909 0.403360 -0.628388 -0.211712 -0.532700 
almond 0.993940 0.427409 0.308373 0.208791 -1.103830 0.521457 0.207484 -0.049304 0.883550 0.078333 -0.337558 -0.009515 -0.380883 0.607202 -0.114384 0.296335 -0.046864 -0.024168 0.276265 0.971624 0.274080 0.135605 0.455079 0.115195 0.036888 0.038208 0.593091 0.446236 0.311033 0.411852 -0.236126 0.036691 -0.474959 -0.363556 -0.047821 
cilantro -0.378862 0.673691 -0.540662 0.882287 0.831568 0.710238 0.065602 -0.553969 -0.542374 0.979190 0.065594 0.353568 0.258258 -0.638943 0.662434 -0.639973 1.078590 0.293873 -0.255416 -0.531769 0.810345 -0.272332 -0.223453 1.478636 0.011828 -1.305994 0.965372 0.546047 0.951305 -0.119681 -0.738567 0.409157 0.601791 0.331561 -0.858813 
pecan 0.305777 0.819733 0.376332 0.313797 -0.584720 0.688367 0.365348 -0.375347 1.262962 -0.724620 -0.211956 0.294219 0.050815 -0.012788 -0.117017 -0.294744 -0.241494 0.343968 0.701295 0.077320 0.504444 0.120438 -0.347760 -0.823060 0.337792 0.773863 0.475550 -0.362320 0.086555 -0.054620 -0.144281 0.746044 -0.973835 -0.390899 -0.298161 
white_wine 0.096532 -0.002438 0.228586 -0.997321 -0.817556 -0.680691 -1.006573 0.275342 -0.046509 0.036694 0.441282 -0.100164 0.286238 0.259886 0.120074 0.366978 0.731738 -0.028175 -0.337046 -0.153320 -0.081674 -0.153630 0.404278 0.181926 0.294024 0.087795 -0.071682 1.441679 0.892808 -0.558594 -0.630508 0.278307 0.108648 0.099651 -0.125387 
bacon -0.676711 -0.344115 0.526529 0.042264 -0.755011 -0.130235 -0.311636 -0.638631 -0.287345 -0.768028 0.502251 -0.003707 0.074428 0.108928 -0.117847 -0.400385 -0.294988 -0.400015 0.669302 -0.081874 -0.068337 0.462473 -0.130774 -0.431351 0.417056 -0.393992 0.356656 0.549925 0.035504 0.019894 0.943579 -0.308249 0.300839 0.835812 -0.388376 
pork -0.095354 -0.670111 0.370454 0.095934 0.582796 -0.120098 0.287469 -0.218196 0.008518 -0.685906 1.181350 0.166859 0.253577 0.034323 -0.089870 0.568503 0.575467 -0.244432 -0.225003 -0.146582 0.243846 -0.426088 0.366479 -0.720529 0.312767 -1.512508 -0.186065 0.277240 -0.426377 0.691900 0.251946 -0.887536 -0.610406 0.026477 -0.882287 
raisin 0.574670 0.805937 0.094187 0.806334 -0.630294 0.287554 0.684175 0.774013 1.004617 -0.245461 -0.539440 0.218112 0.070587 -0.223721 -0.370369 -0.615505 0.371329 0.264074 0.635841 0.914651 -0.068286 0.195345 0.274324 -0.187346 -0.387411 -0.023166 0.244635 0.936597 -0.600599 0.580688 -0.264586 0.223931 -1.028819 -0.362685 -0.198263 
bean -0.505049 0.126174 0.586536 0.045692 0.084434 -0.480892 -0.530180 -0.121583 -0.274968 0.465121 0.540950 0.534812 0.244899 -0.343476 0.240543 -0.862330 0.590018 -0.603114 0.244752 -0.114995 0.382684 -0.146367 -0.439028 0.245477 -0.337265 -0.731106 0.083860 0.224087 -0.495818 0.976194 -0.219813 -0.394289 -0.073005 0.494682 -0.819978 
rosemary 0.322609 -1.538141 0.379760 -0.375672 -0.687664 -1.356813 -0.125612 1.065264 0.110382 -0.492894 1.294816 -0.305644 -0.448520 -0.626295 0.347423 -0.698610 1.100899 -0.804652 0.059598 -0.055481 0.254088 0.405293 0.473821 -0.157196 0.513259 0.982261 -0.154901 0.134525 0.162646 -0.801739 -0.272791 0.025493 -0.388614 0.583590 -1.050231 
fish 0.154587 0.581793 -0.293625 0.376065 0.737288 -0.060131 -0.568281 -0.563012 -0.157242 -1.034336 0.700865 -0.599446 0.098524 -0.448299 0.409203 0.385332 0.840366 -0.591994 -0.258956 -0.586159 0.116533 -0.630963 0.091233 0.843807 0.326446 -1.381025 0.339663 1.262414 0.544894 0.121792 -0.915349 -0.425285 0.514291 -0.811238 0.630132 
cucumber -0.128996 0.878080 0.040512 -1.477976 0.657320 0.136636 0.232559 0.420625 -0.245189 -0.285334 -0.089838 -0.034526 -0.110905 0.793785 0.528385 0.550185 0.429000 0.042365 0.020041 0.045354 0.832323 0.112082 -0.662526 0.604256 -0.849343 -1.435836 1.107165 0.729713 0.477449 0.443595 -0.294326 -0.643137 0.376230 -0.303333 1.503623 
olive -0.128803 -0.306331 0.039629 -0.405570 -0.129959 -0.717154 0.258658 0.131045 -1.058690 0.020485 0.421161 0.286104 0.108486 -0.884825 0.262300 0.095714 0.202533 -0.390517 0.241670 -0.145691 0.470659 -0.073805 -0.005822 0.959183 0.531982 -0.010341 1.341408 1.416655 -0.292228 -1.069631 -0.121147 -0.086392 -0.226004 0.712213 0.599756 
coconut 1.075049 1.323688 -0.733700 0.955982 0.117625 0.900564 -0.187294 -0.146081 0.209233 -0.430474 -1.165021 1.520560 -0.489546 0.176720 -0.072679 -0.248597 0.951482 0.474440 -0.225914 0.369566 0.461805 0.957095 0.289497 0.997102 -0.666612 -0.294128 0.165092 -0.365066 0.035749 0.568911 -0.054400 0.859201 -0.557553 -0.644558 -0.014250 
orange 0.070789 0.470716 -0.249716 0.865013 -0.907537 0.636331 0.301109 0.218366 0.613080 -0.076078 -0.003280 -0.200043 0.713677 0.186241 -0.992489 0.258496 -0.431468 -0.396703 -0.644527 0.927630 1.362354 -0.259103 0.572030 -0.430252 -0.253903 0.345910 0.870612 0.522441 0.166543 0.074161 -0.426081 0.017435 0.255176 -0.607976 -0.575553 
tamarind -0.817101 -0.753989 0.593932 -0.622208 0.796759 0.248704 -0.113084 -0.457827 -1.443360 -0.654801 0.474781 -0.431691 -0.399890 0.853571 0.340651 0.993262 0.031009 0.633240 0.440877 -0.298718 0.370833 -0.080063 -0.582463 0.047378 0.511633 -1.356980 -0.183898 0.308304 -0.054726 -0.235735 -0.074413 0.137591 -1.572152 0.283378 -1.724677 
vegetable 0.012675 -0.325975 -0.463593 0.505468 -0.221026 0.175196 -0.708166 0.202054 0.342294 0.149887 1.342405 -0.043127 -0.203613 0.510281 -0.201923 -0.770851 0.174831 -0.376504 -0.141599 -0.130262 -0.242197 0.338337 -0.360713 0.214500 0.203137 -0.340690 -0.117944 0.500197 0.150062 1.314887 0.076374 -0.487634 -0.350213 -0.375743 0.558963 
orange_juice 0.869549 0.718545 0.167302 0.600781 -0.044868 0.428851 -0.159408 0.448316 0.147290 -0.376095 0.006575 0.156976 0.215847 0.494095 -1.217761 -0.080899 0.546531 -0.050828 -0.466501 0.894885 1.612653 -0.216558 0.997837 -0.083900 -0.437290 0.298120 -0.515922 -0.161792 -0.166139 0.200524 -1.250305 0.030425 -0.458749 -0.250714 -0.294236 
buttermilk 0.015942 -0.423981 0.514008 -0.065860 -0.525192 0.355440 0.538552 0.390102 0.342738 -0.303439 -0.068806 0.160244 -0.009694 -0.459670 0.912284 0.071032 -0.441461 0.312868 0.511155 0.772746 0.258456 -0.507193 -0.237031 -0.121257 -0.011990 -0.088687 0.461223 -0.216895 -0.034315 -0.048791 -0.145707 0.526992 0.254228 -0.628159 0.949407 
pineapple 0.579305 0.453902 -0.968171 0.438788 -0.914884 0.668021 -0.009411 -0.662430 0.088614 -1.007023 -0.423565 -0.004816 -0.310381 1.053531 -0.449002 -0.346096 0.115117 -0.347969 -0.699008 0.499720 1.509592 -1.119616 -0.252867 -0.631743 -0.918714 -0.184476 0.472078 0.106867 -0.288195 -0.247089 -0.371727 0.764586 -0.199626 0.072360 -0.439003 
shrimp 0.129966 0.516989 -0.956365 0.206533 0.879971 0.104412 -1.323273 -0.523270 -0.679451 -1.448771 0.954947 -0.313303 0.034019 0.083254 1.256051 0.281149 0.287123 -0.623023 -0.570862 -0.421140 0.042787 -1.157384 -0.031859 0.811765 0.503137 -0.696402 -0.687006 1.060900 0.647222 -0.267498 -1.405425 -0.007604 0.205203 -0.327702 0.085448 
coriander 0.267587 0.523175 -0.891204 0.512659 0.504583 1.608954 -0.815895 -0.270145 0.120966 0.901234 -1.043024 0.593888 0.395920 -0.869443 -0.041881 -0.920531 1.562107 0.930021 -0.166106 -0.437329 -0.164717 -1.065580 1.846886 2.193816 -0.090962 0.411305 -0.067846 1.428884 1.592223 1.769957 -0.596401 -0.582106 -1.212794 0.852104 -1.032627 
bay -0.548693 -1.046613 0.516590 0.131463 -0.816370 -0.239582 -0.961094 0.865830 -0.242432 -1.553898 1.282365 0.425784 0.880514 0.345147 -0.038943 -0.229233 -0.349112 0.871377 -0.702406 0.075256 -0.494382 0.064909 -0.173742 1.019703 -0.889538 -0.637604 -0.454688 0.403319 0.738204 -0.360456 -0.551641 -0.727447 -1.019695 0.607884 -1.640227 
lime_juice 0.445062 0.819457 -0.715071 0.633994 0.106836 1.131572 0.431803 -0.936931 -0.815602 0.435696 0.317527 1.121396 -0.060880 0.072218 0.454622 0.003957 1.298145 -0.576205 -0.585901 0.611505 1.302161 0.195352 0.109157 1.974030 -0.155952 -1.539018 -0.349790 -0.257210 0.579195 -0.402394 -1.403789 0.506984 0.353817 0.832669 -0.326582 
red_wine 0.013775 -0.769922 0.851241 -1.066947 -0.792241 -0.418995 -0.419076 0.488996 0.072265 0.423311 0.723595 0.044339 0.979820 0.153430 -1.000348 0.400258 0.774488 -0.341741 0.142538 -0.290394 0.680237 0.162292 0.160398 0.105464 0.085903 -0.135275 0.113423 0.598379 0.177147 -0.143442 -0.790054 0.112176 -0.906108 0.637191 -0.872891 
gelatin 1.545847 -0.072169 -0.563469 -0.472830 -0.146001 0.759191 0.590511 -0.702782 0.724956 -0.941099 -0.485437 0.382946 0.620288 1.370726 0.276280 -0.824943 0.199281 -0.349695 -0.052850 0.784138 1.278298 -0.708536 0.000708 -0.019156 0.452071 0.836447 0.320076 -0.168749 -0.436449 0.408182 -0.101612 0.581518 0.116336 -0.294966 0.344767 
pork_sausage -0.857504 -0.909166 0.282254 0.685000 -0.380406 -0.420457 0.267306 -0.399245 -0.294188 -0.995473 1.303068 0.253694 -0.466095 -0.515021 1.534703 -0.521509 -0.633172 -1.516144 0.382169 0.224804 -0.183407 -0.474068 0.624499 0.510782 0.631555 1.004297 -0.748748 1.136644 0.098005 -0.972538 0.598459 -0.709371 -0.330580 1.118044 -1.818586 
sesame_oil -0.692638 1.090539 -1.443502 1.807901 0.196786 0.045400 -0.370060 -1.424559 -0.709745 0.511934 2.212501 0.344096 0.412546 1.282387 -0.741957 -0.641309 1.253499 -1.784421 -0.607816 -0.813008 -0.138557 -0.724865 0.645054 -0.172669 0.884193 -0.827960 -0.272324 -0.001951 1.109841 1.731830 -1.038599 0.128807 -0.500923 -1.340224 0.762237 
chive 0.627203 -0.156940 1.093077 -0.587966 0.004153 0.070284 -0.911321 0.373344 0.061458 -1.408296 -1.522574 -0.494667 1.013835 0.473297 -0.154878 -0.258706 0.303261 -0.136625 0.521460 0.070708 -0.398007 1.017628 -0.929563 -0.235251 0.758276 -0.475750 0.474781 0.377682 0.692682 0.078763 -0.549122 0.269676 0.509488 0.233672 1.388345 
seed 0.372609 0.013831 -0.452736 -0.391724 -0.479745 0.728427 0.893106 -0.097128 -0.284727 0.389464 0.367681 -0.360639 1.657198 -0.476291 -0.314205 -0.262329 0.028599 0.121425 1.033252 0.740708 0.608558 -0.361889 -0.171919 0.101308 -0.301568 -0.638716 -0.905848 1.326974 0.883380 0.711777 0.029475 0.176235 -0.762888 0.987607 0.419957 
mozzarella_cheese -0.642896 -0.270499 0.817707 -0.274272 -0.507929 -0.577346 0.252419 0.415450 -0.746568 -0.148845 1.453750 -0.495800 0.094688 -0.983337 0.771223 -0.939344 -1.345017 -0.230645 -0.336367 -1.160237 0.100243 0.235446 1.268898 -0.324184 0.366088 0.916663 0.008943 0.213905 -0.814597 -1.743668 -0.523940 0.333711 -0.597040 0.746611 0.883661 
ham -0.155210 -0.271900 0.796131 -0.082572 -0.308115 0.305417 -0.871760 -1.307889 0.064832 -0.634996 0.328896 -0.292022 -0.338399 -0.267455 0.355995 -0.208319 -0.628976 -0.638568 0.388850 0.228400 0.304673 0.231584 0.385475 -0.409230 0.802170 0.235345 0.294249 0.447768 -0.013951 0.079695 0.366197 -0.574900 0.462327 1.147153 -0.033147 
oat 0.175489 -0.952957 -0.677604 -0.067535 -0.437621 0.573780 2.034804 0.421358 0.548885 -1.026463 -0.629988 0.320580 0.431947 0.753565 0.373504 -0.065852 -0.236125 0.362441 1.560091 0.837780 -0.660765 -0.024374 0.518185 -0.630331 0.701155 0.146411 0.585083 -0.086804 0.132686 0.943031 -0.639323 0.948333 -0.903255 -0.745948 -0.596610 
turmeric 0.704248 0.456313 -1.666666 1.641243 -0.011817 -0.467960 -0.815379 -0.318191 -0.095757 -0.335837 -1.069139 0.927205 0.146085 0.353886 -0.636196 -1.182709 1.350969 1.713202 0.395321 0.361586 -0.369305 0.502894 1.729723 3.506585 -0.223139 -1.289373 0.168011 0.438310 1.524709 0.926339 0.923876 -0.231021 -0.259067 0.796438 -0.749678 
nut 0.520089 0.368665 -0.315866 -0.536045 -1.316828 0.085095 0.095868 0.064151 0.230231 0.765309 0.874525 -0.459858 -0.001612 0.005235 -0.244636 -0.348569 -0.051136 -0.072540 0.390628 0.084886 0.064663 0.379725 0.427544 -0.664108 -0.208070 0.139248 -0.100048 0.614799 0.070878 0.516687 -1.045127 -0.296343 -0.187846 -0.444485 -0.003189 
shallot 0.480230 -0.290466 -0.053910 -0.224489 0.659445 -0.119699 -1.113556 0.487810 0.532137 -0.764545 0.385501 -0.152495 0.492581 -0.190042 -0.255288 0.133685 0.728875 -0.504761 -0.653468 -0.479704 0.659550 0.902397 0.610802 0.249066 0.086702 -0.162578 0.524704 1.312834 0.683707 -0.442263 -0.630604 0.209364 1.028141 -0.044321 -0.938722 
lettuce 0.060950 -0.228107 0.049081 -0.709392 -0.423161 0.202462 0.596119 -0.498163 -0.906084 0.291337 -0.160393 0.572785 -0.891275 -0.002868 -1.278077 0.119623 -0.059818 -1.207723 -0.189268 -0.752265 1.083530 0.326746 0.000069 0.510838 -0.215104 -0.679018 0.408265 1.164124 0.947518 0.108040 -0.760877 -0.248309 0.438051 -0.119007 0.973529 
cider -0.374953 0.243167 0.154181 -1.062452 -0.249696 0.267316 0.190390 -0.324791 -0.474376 0.032789 0.172222 -0.229435 0.319262 -0.110660 -1.293640 0.557380 0.067390 -0.114195 0.858086 0.695236 0.944460 -0.176044 -0.195364 -0.224267 -0.139534 -1.293938 -0.050824 0.606142 0.767894 0.822391 -0.161649 0.614707 -1.193149 0.495791 -1.233509 
dill -0.327361 -0.834548 -0.114875 -0.528958 -0.448500 0.135485 -0.544762 -0.007430 -0.617380 -0.698682 -0.372464 0.028000 0.286534 0.802127 -0.145004 0.377474 -0.017006 0.160142 0.056036 0.145690 0.301824 0.698014 -0.278095 0.267348 -0.015133 -0.306100 0.645157 1.173312 1.076296 -0.420541 0.473713 0.057237 0.131681 0.764688 1.248165 
pea 0.537995 0.172249 -0.384162 0.162477 -0.125419 -0.505414 -0.878859 -0.317828 -0.594605 0.255110 0.162972 0.422793 -0.131507 0.168998 0.643062 -0.763956 1.007192 -0.385965 -0.015750 -0.092458 -0.494933 0.306372 0.404219 0.138252 -0.574327 -0.681077 0.494572 1.290045 0.032768 0.417157 0.252483 -0.081301 -0.013780 0.369558 0.390233 
zucchini -0.314711 -0.479044 -0.131537 -0.039902 -0.649360 -0.140455 -0.517168 0.610056 0.264124 0.133032 1.011645 0.331029 0.170224 -0.646882 -0.047052 -0.850156 -0.045341 0.908507 -0.038152 0.049778 -0.217751 -0.106092 0.519997 0.540007 -0.260798 0.342407 0.508978 0.045165 -0.464385 0.075074 -0.749443 -0.892530 -0.258903 0.830525 0.512819 
cherry 0.993585 0.664953 0.138657 -0.096802 -0.341126 0.379454 0.459374 -0.770197 1.255852 -0.805712 -0.993606 0.399871 1.091598 0.476300 -0.614855 -0.142726 0.125502 -0.197816 0.455436 0.457227 1.396508 0.333779 0.555952 0.182606 0.479444 -0.076869 0.746036 0.146354 -1.160784 -0.033023 -0.316144 0.534941 -0.938891 -0.902553 -0.183377 
lime 0.065385 1.000934 -1.059068 0.314911 -0.183516 1.314312 0.184695 -0.673556 -0.471701 -0.236877 0.062473 0.869941 0.528988 -0.365704 -0.205027 -0.259602 1.127478 -0.624098 -0.777085 0.386972 1.805204 -0.112400 -0.146502 1.357219 -0.111582 -0.772883 -0.177825 -0.568500 0.641968 -0.576264 -0.272879 0.220575 1.005230 0.037855 -0.216907 
yogurt 0.207967 -0.024074 -0.009230 0.197939 -0.812939 0.813432 0.420666 0.247448 0.391492 0.505997 -0.576511 0.000906 -0.119382 0.173052 -0.787564 -0.239286 0.560516 0.631406 0.809836 0.243681 0.949911 -0.211039 0.336695 0.890147 -0.383006 0.188740 0.203657 0.264438 1.845548 0.086932 -0.356946 -0.537413 -0.298061 -0.140800 0.690795 
strawberry 1.103428 -0.288661 -0.396924 0.007217 -0.371993 0.298985 1.367372 -0.455794 1.641259 -1.119432 -0.372415 -0.025012 0.992468 1.310215 0.489678 -0.620656 -0.837605 -0.073827 0.065453 -0.075579 2.337528 -0.659624 1.011970 0.022797 -0.447680 0.272640 0.806376 -0.550954 0.958707 -0.802413 -0.209247 -0.306800 -0.208503 -1.175688 0.444773 
soybean -0.456068 0.758051 -1.324501 0.913915 0.212837 0.378088 0.002120 -0.300056 -0.372549 0.670669 1.870582 0.675038 0.895154 0.401957 0.164172 0.456349 0.209426 -0.863005 -0.172359 -0.547371 0.169662 -0.199752 0.962880 -0.189442 0.408953 -1.055777 0.585428 -0.104952 1.160991 1.507040 0.316122 -0.796966 -1.147419 -1.327727 0.973833 
celery_oil -0.988955 0.823501 1.995254 -0.389534 0.774522 -0.144218 0.975764 -0.452195 -2.232646 -1.204079 0.701110 -0.013892 -0.648806 1.459116 -0.859239 0.379474 1.218870 -0.222407 0.573463 -0.615971 0.828395 -1.735827 -0.094881 -0.145842 -0.501253 -1.269730 -0.015203 0.202866 -0.654649 -0.047896 0.956840 0.545385 -2.069766 0.532601 -0.973886 
peanut_butter 0.192845 0.883787 -0.989165 0.077394 0.471457 0.977081 0.781852 -0.951621 0.102519 0.019458 -0.612357 1.496579 -0.891119 0.654456 1.007937 -0.617284 -0.177360 -0.746200 1.800988 -0.631476 -0.584640 0.151604 1.172817 0.262610 -0.893642 0.056337 0.414325 -0.908257 0.499593 1.565991 0.054722 0.176293 0.180497 -0.763273 -0.373798 
banana 1.163075 0.117333 -0.678905 0.232385 -0.339940 0.722709 1.066807 -0.664864 0.766404 -0.821960 -0.124370 0.868782 0.379330 0.869744 -0.079043 -0.257789 -0.167789 0.660040 -0.059289 0.349092 0.804185 -0.614870 0.358716 -0.114800 -0.374821 0.384321 0.244449 -0.187575 -0.166043 0.150144 -0.621349 0.216964 -0.019999 -0.159786 0.349717 
meat -0.383646 -0.566037 0.258233 0.408780 -0.248351 -0.054240 -0.171322 0.009135 -0.008149 -0.135388 0.556250 0.281587 0.007544 -0.326293 -0.391569 -0.391073 0.439402 -0.741764 -0.131471 -0.384049 0.587982 0.227598 0.460118 -0.706854 0.305719 -0.308181 -0.886980 0.738234 -0.178046 0.572424 0.581294 -0.411909 -0.102597 -0.029047 -1.185167 
tabasco_pepper -1.024741 0.096718 0.194957 0.002288 0.353994 0.312004 0.120723 -0.533599 -1.382195 -0.911566 0.112609 -0.279048 -0.082504 0.478717 0.259826 0.252950 0.074850 0.413896 0.162902 -0.269776 0.896464 0.244865 -0.319405 0.296965 0.007568 -0.881050 -0.638981 0.412258 -0.260884 -0.302981 0.211823 -0.676069 -0.281364 0.142696 -0.617431 
milk_fat 0.445886 0.286676 0.874326 -0.259070 -0.340116 0.751585 -0.622912 0.335915 1.260975 -0.393365 0.269099 0.347490 0.042566 -0.679705 0.323825 0.135123 -0.196343 0.533791 -0.252159 0.177323 0.345561 0.235813 0.056383 0.178538 0.743801 0.591546 0.012970 0.400576 -0.014506 0.008546 0.471931 -0.149271 0.742344 -1.066083 -0.129055 
cabbage -0.532378 -0.405491 -0.443486 -0.084225 0.352824 -0.201774 -0.064750 -0.449245 -0.468156 -0.021479 0.341695 0.382507 0.296056 0.057936 0.108630 -0.134261 0.663129 -0.545347 0.235075 0.015592 0.368176 -0.629090 0.072661 -0.468814 -1.112413 -0.788833 0.531230 1.261684 0.896993 1.430264 0.303812 -0.123206 -0.317172 0.284277 -0.194644 
mint 0.465736 -0.556246 0.018629 0.500888 0.232646 0.915069 0.457510 0.187910 0.491405 0.370464 0.537760 -0.013111 -0.044645 -0.012289 -0.811632 0.120908 0.941298 -0.276933 -0.023022 0.311776 0.860409 -0.416366 0.021979 1.320980 -0.028083 -0.151965 1.052426 0.556201 1.048210 -0.319274 -1.239306 -0.368135 0.752198 -0.384411 0.168217 
fennel -0.537298 -0.604145 0.465718 -0.958590 -0.682181 -0.816018 -0.040568 2.462262 0.433007 -0.567162 0.765056 -0.679348 0.610524 -1.379874 0.134990 -1.378164 -0.079646 -0.068572 -0.893320 -0.682794 -0.025600 0.302492 1.122042 1.011949 0.293591 -0.557148 -0.198162 1.075606 -0.472535 0.542062 -1.018656 0.745483 0.637062 0.464168 -0.455934 
sage 0.161952 -0.580986 0.864229 0.452696 -1.337534 -1.841603 -0.235988 0.777464 0.514302 -1.543003 1.173677 0.567543 -0.782243 0.411786 -0.244220 -0.453739 0.205548 -0.501829 -1.271281 1.470230 -0.817807 0.793135 0.394940 -0.460281 0.673071 0.643584 -0.437004 0.288576 0.054877 -0.154396 -0.052472 0.423064 0.086674 1.732060 -1.303602 
broccoli 0.122267 0.090118 -0.778335 -0.146639 -0.738873 -1.081399 -0.557209 -0.881303 -0.210784 0.845193 0.169704 0.914852 -1.216602 -0.268698 0.926421 -0.711946 -0.222612 -0.037661 -0.237184 0.327216 0.501513 0.230346 0.902902 -0.324673 -0.779442 -0.279228 0.232216 0.787789 -0.242019 0.306587 0.341492 0.042525 0.485804 0.459249 1.139549 
turkey 0.089706 -0.216628 0.430457 -0.141948 -0.545183 -0.838180 0.361764 -0.582236 0.301803 -0.477497 0.932830 -0.088823 -0.581741 -0.692094 0.612181 -0.114322 -0.054554 -0.501030 -0.122896 0.941745 0.484398 -0.163354 0.651639 -0.415588 -0.114941 -0.690425 -0.225753 0.087282 -0.136132 0.344069 -0.210101 -0.689667 -0.507064 1.324595 -0.575402 
fenugreek 1.034204 -1.038715 0.530290 1.802131 -0.558516 0.384886 0.166527 -1.035225 0.539253 0.270746 0.001195 -0.196263 -1.288865 -1.170478 0.412109 0.580526 3.001590 2.220093 -1.129290 -1.903569 0.543558 1.290295 1.666482 1.300729 0.277292 -1.479991 0.769942 -0.693543 1.854095 0.225827 0.016834 1.000702 -2.265858 0.023178 0.493476 
cranberry 0.476247 0.294883 0.375627 0.349071 -0.569452 -0.169962 0.794251 0.126991 0.699207 -0.796504 0.111092 0.555117 0.136024 -0.011231 -0.998673 -0.187061 -0.042780 -0.106976 -0.303217 1.302948 1.375614 -0.508725 0.946209 -1.279485 0.063980 0.189824 0.467570 0.169124 0.315005 -0.282283 0.167551 0.260429 -0.822678 0.007305 -0.212220 
wine 0.617360 0.114081 0.155172 -0.788171 -0.532008 -0.345100 -0.161042 0.058655 0.155907 0.512061 1.321232 0.112112 0.672627 0.483933 0.049411 0.471124 1.363352 -0.493055 -0.597910 -0.394852 0.648577 -0.077574 0.250767 -0.493525 -0.288904 -0.684037 -0.080231 0.177339 0.623787 0.398593 -0.782009 -0.186719 0.515007 -0.292295 -0.795593 
beef_broth -0.184629 -1.016917 0.495840 0.652354 -0.327812 -0.949333 -0.342184 0.566503 -0.054888 -0.470377 1.522724 -0.138299 0.986338 0.184057 -0.126273 -0.078517 1.293959 -0.626511 0.149130 -1.343154 0.141033 -0.156900 -0.076185 -0.359737 -0.594016 0.299623 -0.892601 0.801060 -0.173080 1.228258 0.412349 -0.305990 -0.853274 0.155596 -0.718937 
grape_juice -0.042031 -1.025678 0.164945 -0.878037 -0.676830 0.187853 -0.380520 0.313249 0.116235 0.373961 0.933571 -0.012558 -0.183688 0.025552 -1.362471 0.424108 0.308136 -1.165352 0.708814 0.216928 0.821822 0.205878 1.118145 0.027607 0.154655 -0.032690 0.519625 0.820478 -0.248334 -0.469335 -1.085681 0.142222 0.191671 0.576272 -0.321661 
pumpkin -0.532780 0.214237 -1.032183 1.776350 0.148557 -0.135153 0.180864 0.423757 0.635114 -0.674061 0.516774 0.150458 0.296022 -0.319227 -0.393140 -0.381980 -0.519215 1.076632 0.023826 -0.263220 -0.517855 0.093372 -0.331204 -0.648779 -0.021721 0.143549 -0.622167 0.665065 -0.068796 0.601401 -0.420713 0.419776 0.139967 -2.070205 0.105449 
raspberry 0.968669 -0.140241 -0.013433 -0.789073 -0.385563 0.482312 0.666650 0.206412 0.682649 0.002056 -0.471979 0.617265 1.096469 1.189314 -0.009223 -0.128550 -1.019490 -0.707873 -0.097007 0.353229 1.464533 -1.404812 0.761495 -0.141286 0.361761 0.943357 0.414006 0.657956 0.498373 -0.134709 -0.423834 0.149748 0.307093 -1.227792 0.042795 
whole_grain_wheat_flour 0.413945 -0.029130 0.541844 0.015355 0.034311 0.066835 1.756812 0.780017 -0.033038 0.274931 0.563392 -0.184905 -0.067762 0.370836 0.268275 -0.655500 -0.211730 0.318572 1.081593 0.436375 0.067373 0.462004 0.086190 -0.249685 0.239979 0.727364 -0.472476 0.026623 0.100273 0.836566 -0.881512 0.519206 -0.315367 0.168365 0.747008 
lemon_peel 1.015358 -0.243313 0.583751 0.335574 -0.627389 -0.049455 -0.601854 0.713996 0.687152 0.520017 -0.026429 -0.133246 0.320836 0.740022 -0.175556 0.081786 -0.291090 0.584460 0.076137 0.544610 0.192762 0.340064 0.355462 -0.033714 0.159066 0.130739 0.916213 0.988498 0.392735 -0.827503 -0.907035 0.782124 0.371396 -0.793073 0.396801 
coffee 0.960968 0.550131 1.321638 0.628282 -0.137578 1.059295 0.862785 -0.334101 0.261117 -0.528840 0.265799 1.377491 0.961638 0.450698 0.105670 0.961913 -0.013923 0.456962 0.845323 -0.165680 0.135808 0.542639 -0.213288 0.097661 0.193358 0.298515 0.099139 -0.182316 -0.791951 0.349374 0.382357 0.269012 0.430930 -1.212545 -0.235473 
sesame_seed 0.207114 0.962364 -0.666906 0.160679 0.334074 0.303131 0.457696 -0.177076 -0.459458 1.017808 0.915120 -0.101931 -0.373311 0.962696 -0.333194 0.291480 0.629857 -0.465375 0.753627 0.663178 0.166751 0.824270 0.325847 -0.397315 -0.321436 -1.013636 0.379744 0.360716 0.583833 1.363945 -1.033546 -0.262404 0.394391 -0.568552 1.279628 
avocado -0.713784 0.619143 0.731062 0.649189 -0.300945 0.316547 1.068497 -1.483991 -0.802765 0.410715 -0.239546 -0.546662 0.783998 -0.450015 -0.560689 -0.403654 0.206382 -0.458594 0.221421 -0.698080 1.644631 -0.068522 -0.485161 1.376006 0.630997 -1.180394 0.521102 -0.011213 0.538024 -0.347006 -0.931699 -0.157081 1.409206 0.516001 0.444366 
sherry 0.295482 0.540550 0.360715 -0.656059 -0.255642 -0.160449 -0.729153 0.022187 -0.279587 0.304040 0.976959 -0.098732 0.073061 0.564364 -0.325020 0.373663 0.656048 0.214127 0.328892 0.188364 0.136286 0.515375 0.573641 -0.274924 0.301272 -0.272087 -0.021606 0.736954 0.361955 -0.072626 -0.719144 0.058846 0.415982 0.014663 -1.109672 
sake -1.495046 1.747098 -1.728936 -0.138335 0.751402 0.429463 -0.070155 -1.486223 -0.393254 -0.007588 2.424158 -0.987028 0.529249 1.829653 0.073787 -0.801768 0.828983 -1.498962 -1.161165 -0.079557 0.279164 0.180270 0.547926 -0.531124 0.778167 -0.090540 0.467879 -0.148404 1.518798 1.509256 -0.004668 0.584613 -0.625054 -1.846626 0.168382 
feta_cheese 0.058299 -0.833103 0.907206 -0.287158 0.073042 -0.246006 0.699630 0.963174 -0.056486 0.734846 0.339912 -0.574496 0.275708 0.157140 -0.593246 -0.754217 0.460227 -0.798254 0.985581 -0.403354 0.741493 -0.234726 0.356440 0.588048 -0.074696 -0.004575 1.291595 0.564919 0.223096 -1.365253 -1.004695 -0.659599 0.071813 0.250368 1.326784 
apricot 0.787038 0.341405 -0.098379 0.642756 -0.681459 -0.042957 -0.065199 0.181971 0.949803 0.133386 -0.044241 0.904140 0.047283 0.651106 -0.727539 0.221913 -0.024500 0.375076 0.004573 1.580583 0.687594 0.041645 0.502830 0.199146 -0.149369 0.081620 0.485576 0.569389 -0.239435 0.237377 -0.087669 0.504013 -0.346051 -0.202752 -1.290475 
roasted_sesame_seed -1.105488 1.194210 -0.964134 0.521082 1.540209 -0.220820 0.222721 -0.295507 0.472748 0.486723 2.291276 -0.999260 -0.351540 1.097858 0.611604 -0.300412 -0.004423 -1.253588 -1.374833 -1.579836 0.236255 1.103616 -0.427305 0.732266 0.166966 -0.064350 0.978564 0.788983 1.838473 2.395777 -0.517751 0.311640 -0.688645 -0.771909 2.310274 
rum 1.461797 0.429592 0.338744 0.696857 0.136470 0.922314 0.699795 -0.138836 1.194736 -0.775375 -0.420629 0.446354 1.177334 0.830977 -0.007471 -0.345958 0.488490 0.113167 -1.126153 0.038918 1.338013 0.083764 -0.360651 -0.035620 0.716837 0.260623 -0.226930 -0.020881 -0.223146 0.143372 -0.390057 1.169328 0.116313 -0.594572 -0.936396 
orange_peel 0.346922 0.761833 0.493272 0.446144 -0.103685 0.130810 0.495945 0.364223 1.506349 -0.244640 -0.109028 -0.534878 0.333811 0.161516 -0.608902 -0.369531 0.101870 -0.011514 -0.651320 1.604472 0.802560 0.478088 0.452232 -0.871273 -0.223843 0.121453 1.148914 1.229080 -0.248784 -0.204738 -0.215850 -0.352849 -0.229518 -1.209962 -0.596181 
squash -0.016081 -0.533573 -0.527692 0.710833 0.740803 -0.329827 -0.392723 0.367931 0.120186 -0.277175 0.777452 0.425206 0.452259 -1.278780 0.011198 -0.852975 0.476466 0.678409 0.759411 0.733313 -0.760722 -0.162863 0.849951 -0.356234 0.036270 -0.115034 1.032470 0.893231 -0.330889 0.119268 -0.087655 -0.097545 0.053193 0.748281 -0.606027 
crab -0.446180 0.942494 0.536596 0.220224 0.132235 -0.119516 -1.239256 -1.015145 -0.327152 -2.153764 0.839654 -0.454948 -0.602118 0.881003 1.399263 0.757838 -0.326881 1.044388 -0.090745 0.575818 0.525526 0.514234 -0.414478 1.099482 0.191263 -1.143074 -0.969415 -0.699320 0.747307 -1.359736 -0.778741 -1.195347 0.076102 -0.069205 0.737050 
marjoram 0.480196 -1.153318 -0.221172 0.097923 -0.887067 -0.876887 0.250474 1.294384 0.006022 -0.897083 1.103731 -0.515554 -0.135717 -0.883397 0.476956 -0.251942 -0.409433 -1.175889 -0.150917 1.828470 -0.626224 1.679641 1.101055 -0.075561 -0.259476 0.001485 -0.380903 0.486789 0.710326 -0.826526 0.647092 -0.346474 -0.921834 0.707980 -1.506700 
swiss_cheese -0.827439 0.493081 0.985499 -0.683291 -0.417679 0.046605 -0.118297 -0.228834 -1.083781 -0.989327 -0.193210 0.499809 -0.629520 -0.287396 0.500099 -0.630734 -0.917808 0.370916 0.004654 -0.012056 -0.041663 0.109603 1.598783 -1.062853 -0.102015 0.556728 -0.104684 0.963203 0.491519 -0.232333 1.422869 0.029679 0.494896 0.526793 0.888666 
sweet_potato -0.454023 -0.119882 -0.360216 0.801848 0.920723 1.548264 -0.620136 0.025721 1.069236 -1.030392 0.237344 0.706157 0.489415 -1.673352 0.056343 -0.770837 0.208616 1.144506 -0.073160 1.088586 -0.436739 0.829578 0.650790 -0.536829 -0.741897 -1.362774 0.295453 0.278019 -0.100980 0.180169 -0.647820 0.165545 -0.715618 -0.576492 -1.065233 
shiitake -0.498193 0.652773 -1.243459 0.962512 0.190380 -1.581779 -1.128313 -0.558700 0.131243 -1.029817 2.089324 -0.403737 1.060465 0.539327 0.224316 -0.438937 0.047057 -1.209190 -0.868568 -1.288425 -0.237890 0.912129 1.468314 -1.215491 0.209024 -0.163107 0.102741 0.123657 0.369012 1.144265 -0.218056 -0.550871 0.583799 -1.471623 0.355389 
radish -0.579502 1.061324 -0.990745 1.362719 0.657745 0.459583 -0.054664 -1.373518 0.007644 -0.314786 1.557629 -0.292650 0.380775 0.149538 -0.875840 -0.315543 -0.025470 -2.605124 -0.105011 -1.066848 0.269294 0.970656 -0.502493 0.816916 0.244532 -0.432503 0.296263 1.344236 1.249924 0.686098 -0.054959 -0.072122 -0.162912 -0.863944 1.990793 
peach 0.867342 0.249511 -0.086626 0.749022 0.090680 0.525417 0.483909 -0.355602 0.560699 -0.405809 -0.317232 0.390441 0.063443 0.632458 -0.181655 0.345395 -0.044822 0.390175 -0.131394 -0.269497 1.578910 -0.859570 -0.014681 0.301388 -0.469741 0.228110 -0.054015 0.544195 0.461991 -0.386651 0.117743 0.160287 -0.448172 -1.028110 -0.713633 
tarragon 0.168930 -0.228761 0.521998 -1.419602 -0.193791 -0.067458 -1.162691 0.484472 0.098930 -0.971851 0.227976 0.239658 0.318894 0.456582 -0.365832 0.572506 0.480460 -0.274117 -0.159142 -0.018802 0.321631 0.462876 0.473706 0.121839 0.059519 -0.375694 0.847176 0.881770 1.176351 -0.699322 -0.101622 -0.472145 0.941561 0.233420 0.248301 
black_bean -1.392974 0.582085 0.971806 1.463485 0.461667 -0.066245 1.070942 -0.816607 -0.739589 0.689548 1.080537 1.499342 -0.214137 -0.769625 0.307166 -1.330296 0.056119 -0.317532 -0.288644 -0.445024 0.351263 -0.822326 -0.204622 1.092952 -0.256481 -1.473612 0.917933 -0.311666 -0.430562 0.465205 -0.897919 -1.151835 0.351935 0.939625 -0.325799 
lamb -0.228915 -0.968776 0.267266 0.372620 -0.287815 -0.497432 -0.287381 1.472207 2.061630 0.081113 1.116455 -0.158511 0.484752 -0.013279 -0.921107 0.070031 1.477712 0.345922 0.179447 0.777468 0.049828 -0.499566 0.917929 1.159025 -0.331439 -0.881992 0.561053 1.009977 0.033297 0.169455 -0.495257 -0.636711 -0.743124 1.123114 -0.230401 
maple_syrup -0.077199 0.535193 -0.046137 -0.104501 0.359604 0.196941 0.340531 0.501931 0.209842 -0.659931 0.184813 0.480230 -0.410538 0.307555 -0.572254 -0.454221 -0.078958 0.828055 0.331259 0.796323 0.396275 0.298961 0.046222 -0.526648 0.003649 0.212736 0.083807 0.386027 -0.083068 0.728440 0.087495 0.494516 -0.491375 -0.472579 -0.821222 
pear 0.186868 0.372009 -0.167840 0.399676 0.046462 -0.003018 -0.152412 -0.700171 1.714204 -0.451756 0.398401 0.065476 0.443210 -0.348522 -1.476269 -0.148854 -0.305291 0.153773 0.090691 -0.188675 0.889456 0.379021 0.214666 -0.452805 0.732291 -0.802910 0.512690 0.487783 0.405190 0.625140 -0.868588 -0.205880 0.315162 -1.587938 -0.070643 
fruit 0.519928 0.128123 0.016622 0.645159 -0.764772 0.230594 0.610110 -0.387829 1.639918 -0.808211 -0.753333 0.151908 0.312471 1.359145 -0.006945 -0.413710 0.137707 -0.144586 0.282049 0.373647 1.016009 -0.587177 0.427453 -0.372121 0.001091 0.402043 0.324387 0.134156 -0.003037 0.113763 -0.996266 0.146683 -0.152691 -0.661318 -0.152921 
blueberry 0.757090 -0.227275 -0.168992 0.356723 0.387266 0.288864 1.362896 -0.365004 1.748671 -0.126562 -0.046648 0.657406 -0.351459 1.987743 0.259063 -0.122893 -0.257061 0.883759 0.114485 0.410554 2.152062 -1.094370 0.993017 -0.075036 -0.082762 1.347726 1.036623 0.281158 0.985533 -0.439874 0.076559 0.331553 0.277351 -1.231641 1.205305 
clam -1.174933 0.056250 -0.533802 -0.145902 0.332936 -1.518315 -1.886203 0.157078 -0.274607 -1.913946 1.344159 -0.866636 0.642657 0.435792 1.933918 -0.134006 0.894966 -0.248882 -1.398650 -0.092246 -0.015067 -0.780768 0.337387 2.218430 0.480117 0.080916 -0.475108 0.921489 1.058621 0.060224 -0.553588 -0.039828 0.835130 -1.138285 -0.077763 
smoke -0.933171 0.232165 0.880115 -0.144690 0.268903 -0.036920 -0.264720 -0.247804 -0.476904 -0.928430 0.393664 0.669948 -0.224435 -0.500061 0.274578 0.148628 0.039291 -0.800724 -0.066321 0.101824 0.772777 0.457103 -0.098641 -0.096639 -0.106940 0.222326 -0.086749 0.957645 0.353682 0.343892 0.247714 0.073948 0.145571 1.155284 -0.907870 
tuna -0.251524 0.122276 0.304466 -0.531618 -0.185143 0.347779 0.328997 -1.170122 0.137276 -0.563621 -0.171408 -1.428278 -0.790024 0.206092 0.319718 -0.932367 0.518780 -0.634584 0.169165 0.394472 0.538641 0.303057 0.264899 0.700442 0.016138 -0.886242 -0.108662 0.639518 -0.281566 0.387600 -0.548261 -1.192992 0.197100 0.316547 1.869367 
kidney_bean -1.413792 -0.603117 1.233152 0.751408 0.172134 -0.104565 0.105085 -0.354269 -0.576330 0.900763 0.787677 0.002848 0.590779 -0.443816 0.741965 -1.273359 0.850193 -1.171753 0.974452 0.017345 0.049713 -0.275455 -0.363131 0.627315 0.033955 -0.694382 0.913601 -0.011042 -0.855612 0.638172 0.287495 -0.273416 -1.937532 1.362406 -1.184829 
peanut 0.436978 0.840840 -0.971091 -0.115180 -0.106637 0.355297 0.315676 -1.127606 -0.152370 0.027740 -0.091095 0.420145 -0.061692 1.137343 0.682929 -0.079056 0.820400 0.097936 0.690049 -0.672641 0.188823 0.460011 -0.154065 0.178717 -0.733912 -1.100588 0.437249 -1.020802 0.381742 1.627818 -1.153801 0.015372 0.036707 0.206163 -0.336364 
asparagus 0.360619 0.579597 0.757238 -0.100090 0.209534 -0.978066 -1.597999 -0.364938 -0.149553 -0.180112 0.691652 0.117484 -0.091433 0.081825 -0.359592 -0.247222 0.426331 0.853791 0.387016 0.321110 0.069982 0.246208 0.792542 -0.379519 0.262603 0.257266 0.706693 0.873614 0.191896 -0.339310 -0.575201 -0.348982 0.698880 0.183125 1.093279 
salmon 0.607445 0.419826 0.421432 -0.213149 0.880978 0.384112 -0.192245 -0.344991 0.123977 -0.720153 0.772827 -0.902055 0.047043 0.014449 0.018857 0.659733 0.744693 0.334852 0.481843 0.432321 0.938039 -0.277525 0.513285 0.315609 -0.221142 -0.486779 -0.249845 0.560762 0.444692 -0.451443 -1.040118 -1.036274 0.226626 0.079190 1.161042 
leek -0.293560 -0.816686 -0.048604 0.078403 -0.277740 -0.143589 -1.917999 0.264692 1.054715 -0.564029 1.200985 -0.079858 0.456486 -0.444114 0.286803 -0.213340 -0.015477 0.313122 -0.026276 0.372992 -0.341107 0.808353 0.542616 0.316720 -0.423430 0.579917 0.186605 1.276536 1.115142 0.844906 -0.076471 -0.316891 0.962191 0.212226 -0.786293 
chickpea -0.643898 -0.724643 0.480859 1.164773 0.028371 -0.862311 -0.503528 0.579917 0.687262 1.036321 -0.081140 0.840915 0.213881 -0.900504 -0.874906 -0.983684 0.400555 0.516643 0.711015 0.368490 -0.157017 -0.691937 -0.288833 1.519517 0.478897 -1.234805 1.359427 1.544950 0.048668 0.730389 -1.220444 -0.548184 -1.318270 0.882560 0.745678 
blue_cheese 0.010357 0.168510 0.615613 -1.436347 0.255040 -0.264775 0.421912 0.210157 -0.045360 -0.644164 0.018416 0.161151 0.242736 -0.273578 -1.403775 -0.341938 -0.736924 -0.531809 0.171740 -0.263585 1.079499 0.122611 0.582958 -0.619247 0.260898 -0.772622 0.422600 0.866624 -0.017998 -0.522566 0.176035 0.069877 0.488510 0.248983 0.614086 
brandy -0.654283 -0.044367 2.048990 -0.747810 -0.768401 0.116615 -0.115226 0.601266 0.397267 -0.523242 -0.678611 -0.315146 0.472512 -0.032863 0.377484 0.973327 -0.870524 -0.481610 -1.656507 1.254957 1.751452 -0.409535 1.355394 0.398492 0.165088 0.981508 0.922068 0.558801 -0.538086 1.484981 -0.404735 0.015710 0.366862 -2.203535 -1.415450 
artichoke 0.017431 0.112850 0.816812 -0.458554 -0.298546 -1.095648 -0.933652 0.473232 -0.416214 -0.217029 0.381079 0.106154 -0.363893 -0.411841 -0.244083 0.011705 -0.089428 -0.503842 0.076342 -0.138140 0.149162 -0.047249 0.744363 0.453488 0.578232 0.963456 0.887448 1.137633 -0.161357 -0.960159 -0.957239 -0.598809 0.497242 0.158591 0.774509 
horseradish -1.033381 0.041138 0.585358 -1.138807 0.476530 0.315118 0.268785 -0.351851 -1.345069 -1.584039 -0.241410 -0.698070 0.653081 0.718134 -0.574697 0.025326 0.026201 0.495814 0.062614 0.022421 1.212938 0.243993 -0.491756 -0.308276 -0.116733 -0.380546 -0.536861 0.565082 0.724535 0.322297 -0.009830 0.281085 0.234270 0.462177 0.408500 
mango 0.632000 0.731926 -0.540055 0.976227 0.120052 1.189558 0.813874 -0.533607 0.105937 0.063637 -0.351872 0.644201 0.729174 0.397021 -0.789657 -0.332448 0.941465 0.460665 -0.923603 -0.563195 1.320361 -0.145782 0.761223 1.345371 -0.167881 -1.387580 0.003637 -0.164027 1.752999 -0.468526 -0.703949 -0.291648 0.808287 0.178312 -0.293292 
date 0.806633 0.757589 -0.076323 0.491848 -0.757996 -0.240751 0.352912 0.576078 1.119438 -0.705671 -0.731992 0.449043 0.601621 0.016433 -0.422904 0.044994 -0.676021 0.378738 0.108020 0.765386 0.147767 0.539012 0.078145 -0.072639 0.194982 0.067361 1.051898 0.794919 -1.111331 1.542712 -1.327679 1.281642 -0.965823 -0.289068 -0.840843 
cardamom 0.041779 0.293610 0.721315 1.899981 -0.227565 0.656627 0.034397 0.773014 1.142181 0.631045 -0.374056 0.553192 0.944869 0.277541 -0.539999 0.031672 0.484670 1.232729 -0.163231 1.347066 -0.340658 -0.380538 0.508950 1.050861 -0.064337 -0.720042 0.096984 1.468062 0.955801 0.762867 -0.052067 0.206376 -0.924968 -1.074967 -1.188562 
white_bread -0.058374 -0.149441 0.760143 -0.979770 -0.703648 -0.431361 0.044435 0.414436 -0.243602 -0.498539 -0.008731 -0.010279 -0.452726 -0.493157 0.184890 0.063849 -0.500939 -0.057744 -0.147165 0.396537 0.087371 1.101930 0.522055 -0.334629 0.550858 0.369857 -0.182682 0.290560 0.457982 0.097838 -0.630860 0.359634 0.338899 0.572979 -0.776869 
oyster 1.037935 0.522919 -0.279602 0.624405 0.297946 -1.016834 -0.811930 -0.104614 -0.742979 -0.306907 2.765614 0.157568 0.027006 1.441640 0.132064 -0.335153 0.570188 -0.719960 -0.354728 -0.929661 -0.485539 0.203969 0.015105 0.251567 -0.082861 -0.555554 -0.761851 -0.065954 0.995208 0.954746 -0.269036 0.011663 0.688317 -0.817364 -0.429229 
cottage_cheese 0.139973 -0.487364 -0.099782 -0.681281 -0.598519 0.389562 0.168220 -0.095973 -0.187086 0.294647 -0.362500 -0.149001 -1.128208 -0.767237 0.803074 -0.635247 -0.738484 -0.493757 -0.049189 -0.795240 1.032087 -0.037767 0.225992 -0.045046 0.543793 0.933793 0.098620 0.353624 -1.095651 -0.563041 0.384512 0.711396 -0.150998 0.635968 1.136684 
grape 1.645752 0.047233 0.101483 -0.578375 -0.764106 -0.635087 0.173745 -0.221331 0.463789 -0.149407 -0.067381 1.050878 0.212372 1.151592 -1.424499 -1.623799 -0.266583 -0.353553 -0.194648 0.995880 1.353441 -0.805908 0.538217 0.221769 -0.461612 -1.324157 0.252116 -0.245275 1.208722 -0.463238 -1.085614 -0.640843 -0.479555 0.420064 -0.140610 
brown_rice 0.334367 -0.309083 -0.420061 0.628537 -1.022683 -1.030866 -0.131421 -0.993136 -0.698614 0.054021 0.027247 0.010105 -0.241726 -0.244988 -0.042685 -1.283357 0.303200 0.260982 -0.472878 0.911155 -0.335815 0.832605 1.015017 -0.331233 -0.484314 -0.432470 0.073268 -0.158744 0.200561 0.726756 -0.550260 -0.368591 -0.179551 0.484290 -0.361046 
cauliflower 0.387291 -0.232903 0.504055 0.458686 -0.628316 0.166053 -1.126719 -1.429002 -0.174652 0.154356 -0.259736 -0.253767 0.001423 -0.153049 -0.434696 -0.984027 -0.383279 0.242117 0.626981 0.279595 -0.831846 0.596309 0.689947 -0.215072 -0.367363 -0.227831 0.416187 1.210891 0.641567 0.738088 0.068905 -0.807529 -0.454315 0.471941 1.354655 
cured_pork -1.354203 -0.208611 1.183960 -1.302661 -0.836727 -1.436253 -0.369231 0.918659 0.584437 -0.169671 1.399767 0.089059 -0.200871 -0.279474 1.312915 -0.319893 -0.811801 -1.521969 -0.045597 -0.617639 0.481639 0.295361 2.291854 0.399234 0.163049 1.300328 0.277258 0.461159 0.045776 -0.627647 -0.347404 -0.099370 0.113166 0.712823 -0.479753 
egg_noodle -0.550026 -0.627699 0.066618 -0.185596 -0.759699 -0.594284 -0.175144 -1.270513 -1.445555 -0.973131 0.082675 -0.169499 0.201726 -1.186813 0.475026 -0.803829 -0.085913 0.427806 -0.561477 -0.515549 0.151059 0.120912 0.741983 -0.553902 -0.921706 0.750092 0.049182 -0.367614 -0.036945 0.239609 0.361529 0.371226 0.129514 0.151084 0.048997 
beer -1.090477 0.155253 0.892958 0.512532 -0.015470 0.588084 -0.034308 -0.019505 -0.600163 -0.909150 0.936815 -0.157667 0.519689 -0.262342 0.234508 0.194478 0.313872 0.890576 -0.395226 -0.200638 0.816407 -0.252994 -0.792951 0.340398 -0.087387 0.293538 -0.689323 -0.027273 0.441377 0.452564 0.636239 0.348090 -0.385586 1.227520 -1.428928 
hazelnut 0.664351 0.262393 1.218350 -0.278173 -0.671081 0.284485 -0.137745 0.149555 1.778937 -0.466334 0.518023 0.565784 0.346792 0.096056 -0.260254 0.400956 -0.049456 -0.519599 0.625694 0.787105 -0.129875 0.556915 0.532168 -0.740838 0.409589 0.135601 0.489234 0.250766 -0.403512 0.447014 -0.381941 -0.107882 0.314384 -1.093858 -0.543546 
mandarin 1.027175 0.741813 -0.659999 0.149749 -0.675447 -1.261828 0.517876 -1.320290 0.102281 -0.459655 -1.346490 0.645375 0.318739 0.878556 -1.056170 -1.163111 -0.299006 -0.749655 -0.279659 0.404262 2.046009 -0.805659 0.838558 -0.945086 -0.144068 -0.428834 0.882463 -0.699609 0.960213 -0.219819 -0.624399 -0.433725 -0.573676 -0.266990 0.487718 
romano_cheese -0.765719 -0.532805 0.490664 -0.091792 -0.609751 -0.441173 -0.632509 1.031483 0.432097 0.031850 0.902631 -0.337635 0.332043 0.284716 0.931355 -0.652530 -0.013428 -0.384786 0.320700 -0.683995 -0.301872 0.651858 1.473091 0.310285 0.208123 0.638043 0.580678 0.775528 -0.202779 -1.694952 -0.331249 0.209672 0.506656 0.561041 0.373686 
plum 0.134879 0.210280 0.451017 0.148266 -0.635043 0.758907 0.139526 0.727983 1.068033 0.078365 0.247391 -0.094618 -0.142566 -0.155738 -1.092428 0.479535 0.047582 0.048417 -0.207446 0.208160 0.774296 -0.309581 0.641653 -0.092307 -0.351782 -0.389667 -0.279813 1.270652 0.420165 0.700675 -0.823068 0.346226 -0.570528 -0.521208 -1.275754 
pimento -1.003401 -0.452665 1.179492 0.459317 -1.044155 -0.894666 -0.589948 -0.443972 -1.177889 -0.458499 -1.797093 -0.317463 -0.483077 -0.285624 0.583854 -0.810493 -0.396189 -0.325857 -0.220777 0.319685 0.231973 -0.434051 0.226143 0.300880 -0.031375 -0.117194 0.180197 0.741415 0.471516 -0.019779 -0.791538 -0.330102 0.720915 0.183823 0.282844 
smoked_sausage -2.373167 -0.948718 0.426925 -0.545927 -0.574913 0.361341 -0.825565 0.279165 -0.111090 -1.292162 0.695066 0.325090 0.753476 -0.265190 1.115525 -1.169352 -0.015851 -0.224141 0.554840 0.530140 -0.096493 -0.554937 0.499886 -0.060324 -0.681710 -1.260825 -0.514795 0.107901 -0.261752 0.357508 0.861883 -0.085310 -0.994023 0.809425 -1.109912 
scallop 0.659193 1.284750 0.267266 -0.130653 -0.058384 -0.079884 -1.559983 0.203615 -0.411032 -0.977189 0.992228 -1.218569 1.500657 -0.338572 1.253978 0.645536 0.675591 0.233254 0.075664 -0.391899 -0.274792 0.297651 1.311425 1.229838 -0.017722 -0.909122 -0.495191 1.108686 1.099517 -1.160781 -1.000742 0.279322 0.623392 -0.289401 0.246863 
goat_cheese 0.132525 -0.013643 0.919585 -0.755259 0.263714 0.430180 -0.079249 0.342389 1.347121 0.018960 1.344151 0.071867 -0.026571 -1.283193 -0.926012 -0.079038 -0.174900 -0.876741 0.436261 -0.108189 0.864475 0.764518 0.111866 -0.490919 0.297730 0.462284 1.001472 0.814347 0.127602 -0.753713 -0.588685 0.142010 0.620733 0.784253 1.053725 
lentil 0.142075 -0.696585 -0.617056 1.164255 -0.826895 -0.374939 -0.140833 0.344889 1.172159 0.453821 0.565507 0.567432 0.176533 -0.981035 0.555179 -0.729466 1.406294 0.265384 0.236664 0.160808 -0.683045 0.142756 -0.066297 0.958250 -1.002423 -0.661297 -0.046315 1.470787 0.055264 1.098576 -0.377093 -0.266548 -1.050363 1.937886 0.595971 
currant 0.288925 0.429395 1.172347 1.259584 -1.602540 -0.088962 0.156143 0.264199 1.473395 0.105557 -0.443861 0.238958 0.359612 -0.024750 -0.492374 0.251880 0.319114 -0.652305 1.392149 1.489287 0.563336 -0.340229 -0.628601 -0.283821 0.330305 0.199183 0.756397 1.404095 -0.356574 -0.431592 0.197252 0.145669 -0.906636 -0.310985 -0.932650 
saffron -0.450403 -0.364720 0.110864 0.416810 -1.509806 -0.491515 -1.210555 1.119542 0.593300 0.913096 0.620567 -0.793930 1.658301 -0.972762 0.640313 -0.182031 0.972478 0.857817 -0.401670 1.188343 -0.770779 -0.112709 1.685717 1.727137 -0.570597 0.661717 0.946801 1.584953 0.767554 0.220009 -1.226478 0.123106 0.340887 -1.154684 -0.635201 
barley -0.854540 -1.586246 -0.106924 0.243563 -0.137052 -0.476837 0.614233 -0.257208 0.013186 -0.295377 1.170133 -0.706959 0.137930 1.511477 -0.779164 -1.720574 1.487213 -0.384209 -0.071456 0.948734 -0.920653 0.734507 0.876234 -0.543427 -0.179030 0.832396 -0.126543 0.129074 0.164929 2.029721 -0.935099 -0.943431 0.177201 0.022244 0.425618 
caraway -1.640062 -1.610058 2.342422 0.971488 0.642588 -0.969837 1.642834 1.435654 0.627852 -0.512380 0.067111 0.301562 -0.456278 -0.297863 0.972771 0.708285 0.139567 0.328327 -1.141786 1.594285 1.758782 -0.042563 0.139461 0.533124 -0.696579 0.242318 -0.606937 1.088974 2.656004 2.254536 1.560047 1.685245 0.857955 1.280501 0.503472 
beet 0.014821 -0.862049 0.704219 -1.114880 0.570234 -0.217069 0.347853 -0.541606 1.144704 -1.130197 0.392657 0.320840 1.017147 -0.744550 -1.442281 0.671452 0.584179 -0.508359 0.783706 0.575860 1.334463 0.966722 -0.404553 0.077433 -0.600896 -1.423461 1.404326 1.288809 0.308392 0.809794 -0.013625 -0.586367 -0.150263 0.452462 0.703503 
squid -0.246156 0.593257 -1.222460 0.593063 -0.258118 -1.324576 -1.149282 -0.296136 -0.066472 -0.563157 1.728237 -0.548064 0.741145 0.967076 1.524493 0.675797 0.776881 -1.662414 -1.653603 -1.327422 0.047019 -1.382071 0.565526 2.130007 0.139245 -0.188607 0.538537 0.920602 0.270406 1.144858 -0.010312 0.327173 0.055707 -2.629959 1.262855 
corn_flake 0.147041 -0.075321 -0.403493 -0.487900 -1.046878 0.241378 -0.101651 -0.229546 -0.250001 -0.664224 -0.858981 0.465653 -0.853169 0.317531 0.629576 -0.476505 0.192711 0.782638 -0.031341 -0.009995 -0.341540 0.109982 -0.086278 -0.573004 0.425230 0.087811 0.446879 -0.128749 0.114226 0.817719 0.251711 0.613493 -0.145953 0.382135 -0.216424 
anise 0.004901 0.585195 1.237929 1.007679 0.566680 -1.656590 0.770546 0.990373 0.599825 -0.555564 0.272730 0.077681 0.977905 0.061164 1.273079 1.238745 0.127872 0.195516 0.442151 1.646314 -0.114800 0.332036 0.302916 0.504439 0.787521 -0.235207 0.530199 0.347119 0.819220 -0.052048 -0.921089 0.311054 0.851511 -1.765934 -0.804951 
roasted_beef -1.139992 -1.152457 0.734424 -0.366662 -0.232151 -0.308826 -0.214947 -0.271312 0.423335 -0.157047 0.414278 -0.190672 -0.002300 0.466907 -0.073143 0.517725 0.423865 -0.304348 0.291745 -0.510173 1.104370 -0.025010 1.035953 0.140293 0.410022 -0.715106 -0.313382 0.300165 -0.362370 0.816764 1.542167 0.223614 -0.757237 0.429198 -0.269076 
pistachio 0.360826 0.364753 0.853796 0.289412 -0.921886 0.303821 -0.253168 -0.028060 1.826477 0.224714 -1.016082 0.376630 0.413666 0.697340 -0.118525 0.211101 0.058835 0.062214 0.242052 0.707341 0.581560 0.501899 0.792986 0.397740 0.003813 -0.091015 0.563672 0.403562 -0.312257 0.375995 -0.978201 0.030715 0.305115 -0.754288 -0.196571 
peanut_oil 0.453851 0.557595 -1.519506 1.056999 0.892390 0.351408 -0.566214 -0.619418 -1.386249 0.419773 0.760986 0.533440 -0.023508 0.074396 0.169409 0.249680 1.012815 -0.062191 0.074001 -0.769342 0.527764 -0.055477 1.204960 -0.010378 -0.317280 -1.628307 0.556498 -0.071710 1.132501 1.034178 -0.214047 0.144320 0.661946 -0.553171 -0.740454 
cereal -0.566586 0.445353 -1.052934 0.049059 -0.728611 -0.367925 1.928743 -0.021943 0.833958 0.342751 0.135348 2.064609 0.268227 0.994996 1.507856 0.530323 -0.470055 0.070316 2.598862 0.482039 -0.685043 -0.457493 1.407220 -0.612277 0.512570 -0.063338 0.269851 -0.079411 -0.003495 1.379975 -0.257198 0.755796 -0.444569 0.820250 0.320959 
cashew 1.188262 0.999896 -0.155732 0.396333 -1.008083 0.172097 -0.324297 -1.023467 0.218451 0.685377 -0.279488 -0.014560 -0.892451 0.130435 0.113843 -0.525548 0.344716 0.174107 -0.015268 0.394437 0.012360 0.308985 1.252603 -0.310766 -0.999072 -0.977648 0.298431 0.425083 0.771714 1.382055 -0.371916 -0.293691 -0.405699 -0.117151 -0.069674 
veal -0.044470 -0.599461 1.158098 -0.872208 -0.333932 -1.313797 -0.916672 0.862337 1.612527 -1.590527 1.518081 -0.594087 -0.450688 0.256539 -0.407997 0.119131 0.327369 -0.827182 -0.839922 -0.878575 0.218948 -0.077134 0.684653 -0.245325 -0.767519 1.840068 0.362041 0.904065 0.051015 0.423247 -0.307493 -0.010838 0.705472 1.253786 -1.574760 
seaweed -1.168207 1.271161 -0.636271 -0.456352 0.916306 -0.074382 1.036821 -0.797249 -1.860545 -0.175413 1.959704 0.094425 1.723409 1.708340 0.519912 -0.827405 0.232116 -1.880623 -0.586260 0.501502 -0.024092 1.280371 -0.255563 1.005640 0.735952 0.033387 1.100745 0.042245 0.922459 1.208925 -1.006912 -0.529035 -0.528054 -1.819805 2.549854 
turnip 0.976989 -1.596571 0.841085 -0.125045 -0.524101 0.954451 -2.077903 -0.096731 0.549373 -0.639818 2.784847 0.007806 1.727530 -0.685688 -1.045117 -0.676343 0.701565 -0.625563 0.057711 1.550631 -0.595771 1.469784 0.264845 0.435183 -3.191726 0.434147 0.577345 1.173837 -0.306420 0.918157 0.888852 0.675916 -0.804568 -0.108925 -0.419626 
sauerkraut -0.970706 -0.676687 1.650346 -0.494246 -0.114015 0.155866 0.396705 -0.196458 -1.046040 -1.324726 0.569149 -0.702329 0.950870 -0.019786 1.854367 0.316421 -1.253605 -1.400263 0.221919 1.595215 0.625666 -1.868974 0.034165 -0.383515 -0.240275 0.452243 -1.252974 1.354941 1.706117 1.128122 2.162570 2.736737 -0.716360 1.345395 -0.673985 
berry 0.755941 -1.064492 -0.652121 -0.342663 -0.229339 0.007247 0.275163 1.116970 1.067231 -0.457391 -0.622982 0.954600 0.556137 1.295309 -0.276788 -0.600890 -1.858058 -0.534711 0.116957 0.120276 1.780215 -1.222694 1.508210 -0.261076 0.253367 0.426071 -0.633147 0.668722 0.748223 0.009470 0.473096 0.164858 -0.103291 -0.902467 -0.375246 
kelp 0.418683 0.612081 -2.345786 0.603593 -0.011987 -0.105010 -0.688340 -0.374667 0.534810 -0.144868 3.020837 -0.708321 1.739161 2.413339 0.040256 0.117538 -0.011250 -1.604457 -2.070594 -1.695601 -0.726437 1.084803 -0.908355 2.285928 2.050681 0.140218 -0.087033 0.755141 -0.430016 2.585143 -1.262644 0.915999 -0.929335 -1.676954 1.692862 
tomato_juice -1.128350 -0.750118 0.578614 0.039756 -0.046105 0.255092 -0.417945 0.708604 -0.840449 -0.750682 0.279946 -0.290347 0.094602 0.181815 -0.005632 -0.124218 0.124049 -0.128851 0.162259 -0.602078 0.458461 -0.086949 -0.544576 0.628071 0.451586 -0.728119 -0.645145 0.239148 -0.466343 0.066487 0.138336 -0.542679 -1.653119 0.769880 -0.494444 
cod 0.048992 0.027783 0.202530 0.375348 0.354714 0.010215 -1.058122 -0.110595 0.124501 -0.874145 0.632634 -0.280966 0.703086 0.285000 1.095310 -0.060601 0.636860 0.359415 -0.769357 0.337521 -0.185593 -0.628593 0.226460 1.677868 -0.077707 -0.686095 -0.731223 1.007895 0.340277 0.353930 -0.119514 -0.604625 0.226636 0.220536 0.958172 
provolone_cheese -0.235137 0.587240 1.187261 -0.601627 -0.261399 -0.465651 0.225228 0.208059 -0.312717 -0.699903 1.462423 0.609672 -0.476939 -0.388336 0.436211 -0.844577 -1.393693 -1.258446 -0.126094 -2.002978 0.499862 0.397330 0.611095 -0.535332 0.498504 0.952054 -0.147857 1.226665 -0.562406 -1.881621 -0.505375 -0.129988 -0.052530 1.410504 0.250703 
mussel -0.034259 0.823698 -0.824744 1.180757 -0.714404 -0.884446 -2.176047 0.995759 0.029933 -1.737429 1.907583 -2.116894 2.471349 0.686079 1.150527 -0.237735 0.822457 -0.449600 -0.144975 -1.389161 -1.375311 -1.188444 -0.200687 1.524670 -0.574896 -0.665411 -1.253619 1.787532 2.410285 -1.075160 -1.566753 0.370824 -0.529550 -0.263205 -0.916215 
blackberry 0.399099 -1.020477 -0.425169 0.395261 -0.154953 0.804576 1.386623 0.385733 2.022518 -0.147577 0.387134 -0.031378 1.060798 1.863185 0.542652 0.202212 -0.413810 -0.214823 1.006393 0.025668 1.736651 -0.810818 1.125356 -0.257832 0.567016 0.930355 0.249598 0.186360 0.403566 -1.395267 0.702529 0.130800 0.032748 -1.894116 0.197332 
roasted_peanut 0.233162 1.190550 -0.877222 -0.057634 0.520179 1.151913 0.825410 -0.645702 -0.078389 0.720832 0.229515 0.560467 0.692512 1.180802 0.900945 -0.911930 1.437836 -0.649790 -0.050112 -0.434472 -0.263482 1.180875 0.889816 0.094656 -1.003425 -2.408639 0.164934 -1.353947 1.020257 1.337478 -1.766324 1.290656 0.347308 0.665274 -0.658164 
rhubarb 0.959252 -0.057948 -0.217711 0.856856 0.243857 0.233412 0.618035 0.121054 1.212730 -0.293266 -0.226449 0.709517 0.532424 1.133854 0.263479 0.330554 -0.931957 0.294197 0.251604 -0.331684 1.291014 -0.916147 -0.190729 -0.808431 0.320884 1.157480 0.565221 0.573175 -0.203563 -0.299332 -0.206371 0.833182 0.058852 -1.482002 0.186365 
chinese_cabbage -1.835693 1.648709 -2.432622 1.313023 0.093313 -1.857149 -1.058749 -1.271714 -0.292032 -0.419617 3.335168 -0.643765 1.548308 2.851885 -0.428760 0.286063 0.777264 -2.788752 -1.702299 -0.341404 0.180354 2.432707 0.045233 1.835727 0.277813 -0.662200 1.473228 -1.034890 1.262177 1.087363 0.371225 2.113333 -1.478428 -2.450078 0.501003 
corn_grit -1.531885 0.051467 1.223776 0.483674 -0.782845 -0.281320 -0.625412 -0.835025 -0.395341 0.109621 1.150890 0.528697 0.434740 -0.105182 1.152349 -0.489377 -0.388792 0.441984 -0.430323 -0.538116 0.144909 0.520303 -0.920985 1.450378 -0.302073 0.120933 0.335126 -0.335050 -0.268283 -0.026994 -0.190412 0.734971 1.246249 0.819703 -1.661738 
chicory 0.312245 0.793477 0.239045 -0.871414 0.924592 -0.936899 -0.296841 -0.867322 0.562451 -1.185797 1.170194 0.154485 1.040094 -0.371083 -1.508912 0.225447 -1.307940 -2.386299 0.809323 0.434895 0.687566 1.312116 -0.239835 0.026473 0.944066 -0.339132 1.743186 1.414584 0.531503 -0.089694 -1.376281 -0.798471 0.992447 0.752710 0.856957 
bourbon_whiskey 1.146292 1.003089 -0.006370 0.373597 1.435512 0.816033 -0.034624 -0.181656 -1.572410 -1.682811 1.122542 0.902492 1.092265 -0.060269 -0.339644 1.084587 1.161460 1.001733 0.283648 1.842477 0.553612 -1.342181 -0.204633 1.013272 0.360570 0.491156 0.948361 0.427593 -2.790720 0.370587 0.998975 2.129211 0.218355 -1.206589 -2.102166 
citrus 0.821560 1.038113 -0.187844 1.005690 -0.836778 0.496120 0.084860 0.320392 1.380529 -0.412953 -0.366992 -0.574419 1.128505 1.943496 -0.917490 1.028098 -0.174880 -0.684514 0.099405 1.217234 1.400592 0.412959 0.277325 0.328727 1.054100 0.676093 -0.603626 1.546323 -0.329972 0.430280 -1.259241 1.342239 0.829710 -0.487935 -0.655972 
lima_bean -0.947679 -1.214183 0.705293 0.720560 0.052676 -0.184799 -0.514546 -0.487573 -1.527812 -0.924877 0.584225 0.483268 1.245847 -0.180444 -0.501472 -1.059464 0.604666 0.300826 0.664670 -0.195417 -0.453169 0.692092 -0.915486 0.283694 -1.295613 -0.380854 -0.323408 0.868863 -0.024765 0.244698 -0.463310 0.339958 -0.717327 1.233980 -1.878359 
lovage -3.244882 0.818894 -1.981182 1.311349 -0.074920 0.377752 -2.219821 0.543869 -1.447196 -3.305830 -1.696521 -1.279433 0.973030 -0.363668 1.387031 3.149426 3.748004 1.493992 1.106414 0.391875 0.829277 -0.462421 -0.599038 -0.064841 1.206807 0.509654 -0.969752 1.395848 -1.057522 -1.356071 0.578680 -0.430348 0.307704 -0.987752 -0.909781 
melon 1.501712 0.479988 -0.717782 0.900094 -0.309378 0.356795 2.009180 -1.155964 -0.179568 0.129728 0.165487 -1.350137 1.463464 1.012725 -0.151550 -1.570974 1.279422 -0.031740 0.231008 0.456078 2.191504 -0.108584 0.548014 0.149067 -1.266097 0.060719 1.386991 -0.143819 1.040081 -1.290143 -1.876739 -0.100761 0.295396 -0.084198 -0.193514 
parsnip -1.541786 -1.722314 0.869656 0.858492 0.299614 -0.017104 -0.734176 0.540852 1.898134 -1.378267 1.292287 1.442812 1.707045 -0.352505 -1.090102 -1.706477 0.883548 0.921334 -0.268950 1.501773 -0.528700 0.570735 0.523271 -0.876593 -1.383246 0.535263 0.486285 0.172903 2.734932 0.355417 1.221979 -0.930459 0.470475 0.787511 -0.205296 
fig -0.255481 0.690462 1.050879 -0.137507 -0.689624 -0.286197 0.184449 1.221068 1.984155 0.065056 0.220628 0.369510 1.058750 -0.129514 -0.621341 0.949987 -0.606873 0.310388 0.533930 1.011293 0.799283 1.040612 1.212709 -0.243782 0.262509 -0.274481 0.980423 1.097417 -0.797167 -0.736014 -1.508389 0.538578 -0.521596 -0.571070 -1.185468 
lemongrass 0.824556 1.514938 -1.381775 1.563738 0.942971 0.714532 -1.074045 0.117085 1.200092 0.102237 0.501417 0.525512 0.686445 0.947128 1.799708 -0.755312 2.238592 -0.921304 -2.856545 -1.600934 -0.177917 0.280485 1.815087 1.385033 0.414343 -3.026287 -1.194624 -1.462443 3.404635 0.568349 -2.367033 1.408010 0.970788 1.062353 -1.008636 
whiskey -1.027944 0.939673 1.868296 -0.368623 0.006864 3.303772 -0.011166 -0.141759 1.625346 -0.268831 0.197250 0.191416 -1.105617 -0.227331 -0.533273 0.801138 0.129026 -0.220760 -1.706549 -1.256431 1.483642 0.252047 0.339005 -0.816605 1.051236 -0.148265 -0.678419 0.703187 -1.171293 0.018268 -0.951883 1.378908 -1.854958 -0.296456 -1.023441 
watercress -0.206828 1.116255 -0.034302 -0.557768 0.181345 0.896690 0.062661 -0.391477 0.432891 -0.467759 -0.073460 -0.044748 0.232041 -0.649124 -0.636729 0.253839 1.258925 -1.661219 0.548194 -0.306924 0.866153 1.411333 0.140510 -0.504495 -0.451090 -1.254203 0.297994 1.643908 0.822929 -0.721423 -1.158071 -0.409963 0.124809 0.013248 -0.272755 
tequila -0.928520 1.029590 0.699737 1.415823 -0.235171 0.451049 1.045926 -1.250919 -0.945892 0.250476 -0.221110 0.113690 0.773123 0.734609 0.448272 0.272063 0.813700 -0.652321 -1.764713 0.837533 2.518375 -1.675479 0.187633 1.508060 0.607106 -0.691966 0.090782 -0.686392 -0.927788 -0.842979 -0.847225 -0.336891 0.548078 -0.892709 -0.491834 
rye_flour -1.622049 -0.111347 1.136073 -0.076001 0.541392 1.293304 2.485934 0.398514 0.274968 -0.044164 0.869220 -0.273064 2.295516 -0.382312 1.496409 0.174134 -1.070313 -0.203335 1.450119 2.122245 0.365934 0.886769 1.315513 -1.387958 -0.044395 -0.110473 -1.085295 0.715756 1.662802 -0.262914 1.099942 0.434492 -1.145828 0.052514 1.726681 
peppermint 1.073448 0.878564 0.778895 -0.843550 0.227451 0.652268 0.341504 -0.377293 0.670004 -0.931229 -0.491414 0.656717 0.810209 0.612651 0.368233 0.397397 -0.092382 -0.351510 0.311853 0.157826 -0.203633 0.089452 -0.622004 0.408676 -0.200903 0.135783 0.813363 -0.172753 0.358510 0.435613 -0.442620 -0.079751 0.743426 -1.093765 0.883498 
savory -0.332640 -0.487289 -0.056291 0.860226 -0.307388 -1.151798 -0.681331 1.043031 0.624487 -0.181882 1.415773 -0.496037 0.887928 -0.140663 0.035257 -0.378291 0.294077 -0.380845 0.847767 0.492632 -0.112311 0.996545 0.375618 0.122301 -0.112195 0.547258 -1.084630 0.814506 1.257609 -0.836395 -0.318457 -0.558986 -0.327111 0.944093 -1.216519 
lobster 0.605656 0.759168 0.751145 0.378470 -0.826923 -0.363422 -1.126712 0.270562 -0.155752 -1.061846 0.797166 -0.780713 0.836894 0.161837 1.761311 1.279893 0.715466 -0.485444 -0.224987 -0.214080 -0.031708 -0.929363 -0.446920 1.520182 -0.133263 0.605698 -0.866588 1.538730 1.062223 -1.255267 -0.531048 0.015177 0.787983 -0.829851 -0.805745 
roasted_pork -0.124785 -0.930605 -0.113714 0.280002 0.322131 -0.437281 0.623235 -0.475466 0.308187 -0.872350 1.160832 -0.034981 0.507914 -0.816331 -0.420683 1.014615 1.157522 -0.136690 -0.214465 1.039076 0.582763 -0.949741 0.748078 -0.740345 0.177998 -0.594756 -0.114309 0.959843 -0.054797 0.766231 0.712100 -0.600860 -1.163813 0.605385 -1.558446 
mace -0.357921 0.324937 0.570384 1.251624 -0.498520 -0.113174 -0.157769 1.047538 1.195839 -0.630065 -0.149466 0.012133 0.612363 -0.586656 -0.668426 -0.067222 0.410532 0.761515 -0.250732 0.883044 0.275160 0.373074 -0.088908 -0.315641 0.314337 0.417165 -0.391481 0.583578 0.249648 1.198874 -0.207315 -0.274714 -0.737753 -1.413657 -0.740443 
endive -0.308580 -0.196306 1.292071 -0.971028 -0.388320 0.404072 -0.995291 0.001111 1.487780 0.187506 0.791262 0.262798 0.353775 -0.446384 -1.577105 0.730306 0.246944 -0.999171 0.327749 -0.676199 0.136974 1.048015 0.852097 -0.701656 1.201369 -0.055977 0.905110 1.947774 0.684398 -0.046645 -1.391078 0.699423 -0.130105 1.099291 -0.218666 
brassica -2.170991 0.887955 0.305100 0.531512 1.056742 -0.569439 -0.498348 -0.634191 1.555690 -0.285092 1.706089 0.625623 0.862060 -0.625244 -0.330184 0.122505 0.285542 -0.425973 0.352180 -0.743384 0.616339 0.239443 -0.707473 -0.300091 0.300423 -0.225926 -0.082674 1.658159 0.702659 1.733784 -0.953985 0.139235 0.507358 0.757549 -0.004098 
grapefruit 0.342885 0.954086 -0.252621 -0.036743 -0.170679 0.024003 0.858654 -0.364341 0.013377 -0.196898 -0.577301 -0.346067 0.590219 0.260417 -1.380873 -0.150388 0.675804 -0.841051 -0.465788 0.496814 2.672417 -0.597112 0.920165 -0.045293 -0.227932 -0.779691 0.104495 0.712347 0.735156 -1.009090 -1.376592 0.089610 -0.183813 -0.504899 -0.603115 
enokidake -1.873775 0.048397 -1.425281 0.878849 1.186136 -1.194789 0.188492 -1.284050 -0.128760 -1.953756 4.382113 -1.215364 1.717124 1.025065 -0.022082 -0.362492 0.466914 -0.769813 -2.059781 -1.395963 0.480001 -1.264285 -0.952576 -0.599071 1.058203 0.318960 0.417095 0.578534 0.710648 1.485146 -0.394569 0.752992 -1.133252 -2.508580 2.090938 
porcini 0.397396 -0.648557 0.573775 -0.040839 -0.438161 -1.618586 -1.357546 0.864333 1.551324 -0.788524 2.158042 0.034323 1.438500 0.161807 0.006411 -0.308239 0.392524 -0.053700 -0.167305 -0.914130 -0.877001 0.674198 1.397471 -1.359099 0.395437 0.996435 0.152417 1.465110 -0.058280 -0.497369 0.315563 -0.412313 0.641196 0.762980 -0.708659 
kiwi 1.501888 0.247191 -1.156094 -0.376962 -0.792274 0.299374 1.161502 -1.202114 0.295969 -0.153967 0.607467 -0.318717 0.885477 1.628187 -0.548226 -0.603034 -0.423258 -0.264737 -0.318142 0.726764 2.739549 -1.121784 -0.041398 1.085160 -0.536415 0.735447 0.058056 -0.346737 1.252179 -0.018540 -0.551476 0.605739 -0.676302 -0.411344 0.464840 
wasabi -2.983359 0.715565 -2.138997 -0.081411 -1.296547 0.804556 -0.840430 -1.539404 -0.523927 -0.619870 0.049890 -0.468894 -0.410367 1.915490 0.293945 1.465117 0.814344 -2.161631 0.835566 0.342883 0.783300 2.035170 0.083533 1.200875 0.355034 -0.348549 -0.066345 1.177363 0.794349 0.673708 -0.120294 -0.256117 -1.028932 -2.039736 2.624860 
watermelon 0.482043 0.717897 -0.195032 0.534200 -0.555577 0.504001 1.035357 -0.173999 0.365348 -1.160439 0.693078 0.868367 0.902523 0.506353 -0.376700 0.222276 -0.903582 0.259180 -0.676229 0.728807 2.407163 -1.230215 0.020685 1.495837 -0.415167 -0.672885 -0.106212 -0.174493 1.385900 -1.374607 -2.459316 -0.987526 0.972000 0.159810 0.033052 
lime_peel_oil 0.249661 1.085261 -0.064341 0.967081 -0.440973 1.000990 0.837400 -0.816238 -0.274640 -0.003466 0.195478 0.328062 1.021263 0.000061 -0.321438 -0.371104 0.473239 0.472408 -0.915046 -0.307804 1.706205 -0.873214 0.099682 1.100609 -0.153493 -0.494991 0.018872 -0.448893 0.870699 -0.891114 -2.480606 -0.485737 1.386014 0.558839 0.031607 
okra -0.549020 0.038128 0.099526 0.455071 -0.397996 0.128832 -1.180687 0.649198 -0.226771 -0.988576 0.484765 0.483046 -0.115879 -0.466649 0.711884 -0.284520 1.356763 -0.239908 -0.441726 -0.036795 -0.214841 -0.636460 -0.654243 1.575767 -0.548424 -1.617577 -0.337125 0.203927 -0.268976 0.453452 -0.403121 0.172702 0.073948 0.739661 -1.310164 
macadamia_nut 0.630925 1.095184 -0.282806 -0.298323 -0.033723 0.565520 0.284337 -0.995483 0.836178 -0.406076 -0.815589 0.758301 0.097924 0.110330 0.323262 -0.002952 0.107783 0.085689 0.039110 0.345121 0.489950 0.607783 0.447109 0.318950 0.103360 -0.238355 0.602419 -1.131456 0.454766 0.110301 -0.486848 0.666096 -0.286792 -0.343249 0.188739 
smoked_salmon -0.178405 0.011671 0.564821 -0.945183 0.879241 0.419802 -0.870085 -0.853928 0.408463 -1.218792 -0.152472 -1.358021 0.323536 0.310779 0.058896 0.068873 -0.263222 -0.100892 1.282725 0.143345 0.953479 0.642249 0.002733 1.046484 0.473149 0.443382 0.639866 1.154086 1.124074 -0.040781 0.055111 -0.582127 1.942083 -0.002966 2.206323 
kale -0.136652 -1.376250 0.506699 0.730953 0.595527 0.337851 -1.233853 -0.504484 0.393792 -0.873432 1.502433 0.521325 0.670338 -1.175404 -0.547791 -0.876331 -0.240846 -0.970679 0.181967 -0.481324 -1.258751 1.016971 -0.072878 -0.008189 -0.174637 0.392035 0.741062 1.471865 0.674347 0.657941 -0.693221 0.343132 -0.152017 1.334486 -0.888350 
popcorn -0.027606 -0.236090 -0.937365 -0.863833 -0.428272 0.704916 0.832958 -0.296063 -0.226529 0.122060 -0.793006 1.551414 -0.695542 0.138475 0.875092 -0.761405 0.628511 -0.179156 1.693200 0.007499 -0.393597 -0.196638 0.631670 0.859221 -0.101979 -0.512755 0.343189 -0.648405 -0.656655 0.716075 -0.287036 0.219680 0.394033 -0.098956 -0.317190 
rye_bread -1.526983 -1.513767 1.384947 -0.639590 -0.032581 -0.227626 0.789101 -0.656070 -0.727991 -1.363842 -0.472699 -0.239128 1.052659 -0.554232 0.263411 -0.048120 -0.419348 0.391184 0.098765 0.173129 1.440321 0.393299 -0.118596 -1.241832 1.060366 0.234668 -0.244229 1.831508 0.925283 0.087898 1.344770 1.436159 0.894080 1.866715 1.186580 
star_anise 0.383155 1.476892 -0.929903 0.763505 0.122852 0.325007 -0.252827 0.557090 0.757813 0.344184 1.364389 0.082560 0.739723 0.437134 -0.991972 0.478419 1.363146 -0.231995 -0.423470 0.240616 0.442599 0.590325 0.650279 0.324832 -1.272745 -0.723713 -0.059400 0.725321 0.597901 0.418298 -1.303684 -0.012285 0.005814 -1.110351 -1.576810 
brussels_sprout -0.066778 -0.650770 0.795340 -0.535917 -0.649108 -0.550580 -0.633325 -0.492780 0.693696 -0.494605 0.200996 1.192800 0.149478 -0.923577 -0.497120 0.384607 0.332959 0.245164 0.928556 0.246362 -0.433780 0.206558 0.628213 -1.034910 -0.074660 -0.233140 0.855763 1.210094 0.480393 0.499888 -0.055315 -0.353145 0.291112 0.336105 0.431511 
tea 0.656277 0.593995 -0.076658 1.048055 -0.238897 1.100808 0.409398 0.140837 1.152994 -0.076845 0.147220 0.278738 0.549056 0.473081 -0.273503 0.550273 0.933392 0.268914 -0.200149 0.727903 1.137891 -0.117540 0.120281 0.077473 0.211275 0.415112 -0.353174 0.421139 0.117665 0.287536 -0.202082 0.213185 0.686117 -0.173068 -0.284389 
thai_pepper 0.683619 0.981538 -2.909082 2.006173 1.317393 0.458730 -0.258887 -1.695743 -1.969837 -0.521054 1.156617 2.056199 -0.786481 -0.685550 0.645341 -0.135508 2.597985 0.802729 -0.882267 -0.624471 0.890468 -0.350831 1.822115 1.706720 -0.255616 -2.085325 1.230610 -0.437023 -0.537922 0.500973 -0.867752 0.436604 0.667006 -0.392110 -0.491942 
champagne_wine -0.053866 0.344891 0.181885 -0.901581 -0.418108 0.525717 0.480154 -0.163946 0.969708 -0.597902 0.608779 -0.577085 1.076676 0.519257 -0.623079 0.869346 0.594908 -0.873396 0.122742 0.056085 1.423900 0.046551 0.276176 -0.644786 -0.004409 0.098926 0.369230 1.030817 1.380410 -0.512475 -0.326666 -0.640613 0.843383 -0.036080 -0.417507 
anise_seed 0.416457 0.311238 0.304690 0.898038 -0.448495 0.891408 1.318925 0.679024 0.814827 0.791263 0.530731 0.684551 0.362383 -0.450455 -0.437204 0.510077 -0.355285 0.102072 -0.015975 1.186664 1.163303 -0.038735 -0.205093 0.486922 -0.434765 -0.066193 -0.542865 1.355235 0.425549 0.980665 -0.675363 0.049582 0.938390 0.148931 -0.101303 
yam 0.936940 -0.939113 -0.357581 1.090029 1.520613 0.677980 -1.056750 0.393197 1.313781 -0.278825 1.534589 1.431303 -0.134186 0.054603 -0.808005 -0.847297 0.897666 1.034775 -0.631464 0.965225 0.433311 -0.201272 -0.389778 -0.353987 -0.994053 0.583047 0.384288 0.786867 0.398711 1.554230 0.279659 0.855549 0.338543 0.253076 -0.334732 
bitter_orange 2.321994 -0.138303 0.714267 1.731931 -1.148740 0.037475 -0.914585 0.576592 1.355216 -0.125652 -0.487198 -0.663686 2.390227 2.257471 -0.777038 -0.152665 1.222317 -0.688729 -0.407263 0.794815 2.482050 1.881868 1.315713 0.591185 1.365948 -0.376021 -0.430573 -0.324841 -0.518625 -2.023236 2.241161 1.402421 1.347060 -0.913084 -0.528800 
wheat_bread 0.107615 -0.174145 -0.177032 -0.728117 -0.194277 -0.492518 0.817732 -0.637210 -0.902572 -0.420312 0.451205 0.418399 -0.025272 0.223028 0.177291 -0.937565 -0.547335 0.308157 0.253415 0.447249 0.558368 0.215832 -0.643555 -0.779769 0.190570 -0.393283 0.358398 0.182166 0.578905 -0.048943 -0.574126 0.542988 -0.042259 1.653948 0.806655 
