224 5
</s> 0.080054 0.088388 -0.076605 -0.065561 0.027332 
egg 0.005414 -0.015084 0.715831 0.982435 1.126489 
butter 0.185714 0.130100 0.695549 1.196796 0.787473 
wheat 0.122110 0.034637 0.658585 1.072487 1.108524 
onion -0.803176 -0.323037 0.598849 1.218265 0.020516 
garlic -0.895430 -0.698728 0.653064 1.072451 0.083772 
milk 0.249796 0.226779 0.892181 1.079277 1.100601 
vegetable_oil -0.582660 -0.452992 0.408889 1.031319 0.594412 
cream 0.236473 -0.185970 0.797024 1.023895 0.855999 
tomato -0.787354 -0.364001 0.827165 1.195865 -0.131182 
olive_oil -0.084968 -0.659987 0.850788 1.325174 -0.332623 
black_pepper -0.638712 -0.630088 0.666038 1.120939 0.051252 
pepper -0.727593 -0.327849 0.448306 1.310442 -0.007050 
vanilla 0.597525 0.181384 0.471144 1.267117 2.044878 
cayenne -1.091038 -0.902918 0.333807 1.082791 0.236809 
vinegar -0.902782 -0.444672 0.488043 1.044613 0.413007 
cane_molasses -0.463301 0.412979 0.179538 1.243183 1.233480 
bell_pepper -0.700088 -0.526998 0.701685 1.174139 -0.056076 
cinnamon 0.117719 0.175033 0.025134 1.444620 1.138438 
parsley -0.227069 -0.457791 1.055419 1.137224 -0.063471 
chicken -0.546204 -0.546590 0.386409 1.227494 0.105407 
lemon_juice 0.184647 -0.610872 0.397313 1.237165 0.358851 
beef -1.219594 -0.361978 0.836672 0.955515 0.288994 
cocoa 0.338795 0.247671 0.617076 1.068379 2.331484 
corn -0.935573 0.084796 0.552645 1.097996 0.545250 
bread -0.221762 -0.006943 1.096239 1.150251 0.138185 
scallion -1.041447 -1.223115 0.598857 0.798552 0.631993 
mustard -0.648458 -0.184872 0.571877 1.081973 0.475346 
ginger -0.764876 -1.063570 -0.018417 0.988084 0.925375 
basil -0.333173 -0.471122 1.452042 1.165441 -0.391104 
celery -0.667802 -0.105625 0.729850 1.314181 -0.088824 
carrot -0.928082 -0.515411 0.467208 1.182560 0.093121 
potato -0.754761 -0.097847 0.795080 1.266666 -0.066218 
chicken_broth -0.464024 -0.336683 0.507894 1.443874 -0.262465 
yeast -0.019758 0.570209 0.984322 1.139895 0.963893 
rice -1.074797 -1.092274 0.321730 0.905644 0.660181 
mushroom -0.831795 -0.418162 1.261829 0.859949 0.216640 
cheese -0.260562 -0.067863 1.306000 1.006221 0.203177 
soy_sauce -1.374162 -1.263162 0.294189 0.809271 1.008272 
cumin -0.859017 -0.647557 -0.269793 1.618234 -0.119167 
oregano -0.690716 -0.333318 1.160543 1.248517 -0.401955 
parmesan_cheese -0.168487 -0.211379 1.766779 0.996787 -0.070700 
macaroni -0.347095 -0.525250 1.646995 0.956038 -0.147283 
thyme -0.245950 -0.124646 0.968747 1.476077 -0.442017 
cheddar_cheese -0.835473 0.205842 1.264685 0.915695 0.461167 
lard 0.148007 0.349529 0.591440 1.160725 1.392606 
lemon 0.395012 -0.645294 0.370728 1.308201 0.345922 
cream_cheese 0.281863 -0.160913 0.884435 0.888420 1.277162 
walnut 0.429639 0.268608 0.240785 1.424729 1.475831 
green_bell_pepper -1.067287 -0.188459 0.931609 1.165754 -0.087215 
starch -0.268254 -0.508871 0.434180 0.910121 1.033976 
nutmeg 0.257514 0.328299 0.377719 1.380454 1.157870 
honey -0.169407 -0.348891 -0.072470 1.292775 0.870278 
apple 0.168329 0.321334 -0.132198 1.714832 0.749858 
almond 0.531446 -0.174502 0.093675 1.436858 1.039698 
cilantro -0.655692 -1.078232 -0.127684 1.369935 0.107134 
pecan 0.328518 0.319411 0.260594 1.370856 1.585343 
white_wine 0.097829 -0.963593 0.932391 1.192584 -0.216635 
bacon -0.755943 0.125172 0.989568 1.226970 0.008696 
pork -1.125062 -0.325899 0.363145 1.110664 0.399719 
raisin 0.126271 0.268567 -0.227452 1.653830 1.032197 
bean -1.081617 -0.429300 0.460885 1.238793 -0.015666 
rosemary -0.165694 0.083727 1.236093 1.576459 -0.617739 
fish -0.675774 -1.706774 0.476973 0.872862 0.489620 
cucumber -0.280130 -1.066549 0.664683 0.748256 0.852350 
olive -0.367648 -0.495961 0.987174 1.237423 -0.288801 
coconut -0.176811 -0.609020 -0.572196 1.366187 1.401745 
orange 0.718180 -0.415527 -0.082346 1.625459 0.708093 
tamarind -1.314974 0.238466 0.568492 1.109071 0.554670 
vegetable -1.024105 -1.172523 0.670741 0.730653 0.741438 
orange_juice 0.522094 -0.481892 -0.146102 1.563159 0.730711 
buttermilk 0.143146 0.411681 0.685005 1.211227 1.120871 
pineapple 0.355301 -0.618774 -0.185523 1.342734 1.205333 
shrimp -0.757791 -1.557618 0.938692 0.716150 0.469026 
coriander -0.717152 -0.716273 -0.672994 1.782282 0.051252 
bay -0.712160 -0.265405 0.732321 1.357502 -0.261490 
lime_juice -0.289171 -1.414784 -0.304924 1.362029 0.345712 
red_wine -0.219328 -0.302973 0.593069 1.429091 -0.204513 
gelatin 0.854792 -0.437218 0.283368 1.296573 1.663473 
pork_sausage -0.614714 0.191690 1.414551 1.302271 -0.293682 
sesame_oil -1.501389 -1.536613 0.454640 0.705050 1.151637 
chive 0.109932 -0.498941 1.025596 0.900123 0.576662 
seed -0.434403 0.305469 -0.063627 1.681164 0.264166 
mozzarella_cheese -0.300908 0.004758 2.128028 0.950574 -0.056048 
ham -0.517258 0.107137 1.165281 1.115964 0.156910 
oat -0.110552 0.652491 0.051442 1.428919 2.079361 
turmeric -0.798029 -0.788329 -0.717141 1.776889 0.066741 
nut -0.201255 -0.560186 0.345706 1.049047 0.725161 
shallot 0.168592 -0.995432 0.638520 1.330545 -0.227587 
lettuce -0.251490 -0.893373 0.503246 1.098152 0.201898 
cider -0.687178 0.052234 0.030960 1.440389 0.374399 
dill -0.313617 -0.379699 0.759729 1.182843 0.071670 
pea -0.815978 -0.666986 0.571857 1.133933 0.035988 
zucchini -0.364684 -0.207909 0.860482 1.297758 -0.164437 
cherry 0.748484 -0.081257 0.016240 1.549855 1.557335 
lime 0.028076 -1.357486 -0.235876 1.307489 0.548628 
yogurt 0.249658 -0.633748 -0.313824 1.613609 0.416024 
strawberry 1.388730 -0.753051 0.307795 1.473253 1.493377 
soybean -1.364516 -1.408654 0.363996 0.755972 1.070807 
celery_oil -1.580085 0.318960 0.499658 1.122110 0.625095 
peanut_butter -0.758995 -0.100226 0.124244 0.836719 2.297843 
banana 0.574902 -0.415915 -0.051045 1.353884 1.622573 
meat -0.598726 0.088904 0.695881 1.347364 0.007712 
tabasco_pepper -1.101425 -0.100698 0.724833 1.010778 0.437384 
milk_fat 0.592914 -0.050978 0.892898 1.171172 0.758404 
cabbage -1.089863 -0.502047 0.353864 1.113462 0.332493 
mint 0.346579 -1.144727 -0.064332 1.472590 0.189985 
fennel -0.010362 -0.389828 1.254985 1.447029 -0.604957 
sage -0.138613 0.464317 0.924834 1.739452 -0.461789 
broccoli -0.626675 -0.320570 1.156859 0.889429 0.312601 
turkey -0.428133 0.146260 0.793289 1.408693 -0.117254 
fenugreek -0.844036 -0.769609 -0.791706 1.838154 0.041109 
cranberry 0.804830 0.242508 0.043814 1.871274 0.688024 
wine -0.253080 -0.871483 0.495468 1.056810 0.365930 
beef_broth -1.210396 -0.422379 0.776878 1.030455 0.155510 
grape_juice 0.251525 -0.520192 0.639056 1.444714 -0.214313 
pumpkin -0.477518 -0.388506 0.456564 0.766204 1.528963 
raspberry 1.385111 -0.463886 0.573515 1.482238 1.239139 
whole_grain_wheat_flour -0.150075 0.656006 0.291765 1.432905 1.094676 
lemon_peel 0.807491 -0.444172 0.649299 1.311977 0.557142 
coffee 0.236051 0.407396 0.602427 1.159463 1.887070 
sesame_seed -0.884179 -1.029799 0.118240 0.849003 1.130574 
avocado -0.392296 -1.197411 0.178586 1.198313 0.154984 
sherry -0.056735 -0.662914 0.579251 1.182766 0.157053 
sake -1.387629 -1.500263 0.687508 0.593470 1.255030 
feta_cheese 0.164785 -0.800061 0.952244 1.267852 -0.285022 
apricot 0.481053 0.091857 -0.144570 1.751928 0.712030 
roasted_sesame_seed -1.616899 -1.700234 0.491171 0.749110 0.989383 
rum 0.681673 -0.559729 -0.240058 1.460974 1.713477 
orange_peel 0.896427 -0.116249 0.099989 1.704579 0.732176 
squash -0.346778 -0.134794 0.525978 1.505446 -0.236253 
crab -0.623872 -0.824745 1.179213 0.633408 0.634085 
marjoram -0.250512 0.448178 0.973524 1.724766 -0.523823 
swiss_cheese -0.568184 0.636550 1.436099 1.094297 0.469523 
sweet_potato -0.346856 -0.024631 -0.129105 1.458041 0.625635 
shiitake -1.181674 -1.400631 1.082317 0.539573 0.823088 
radish -0.953908 -1.714793 0.660541 0.686286 0.876140 
peach 0.721659 -0.487976 -0.064389 1.493430 1.069053 
tarragon 0.144488 -0.906883 0.920492 1.198752 -0.148908 
black_bean -1.196970 -0.701253 0.294820 1.308437 -0.145978 
lamb 0.043663 -0.425413 0.118310 1.810168 -0.490154 
maple_syrup -0.122057 0.360246 0.063406 1.431179 1.037043 
pear 0.183224 -1.025702 0.190715 1.032697 1.002902 
fruit 0.860534 -0.238091 -0.046777 1.601005 1.321294 
blueberry 1.462434 -0.441962 0.554124 1.550239 1.488981 
clam -0.666320 -1.785471 1.409783 0.680531 0.181069 
smoke -0.659685 0.025494 0.791118 1.367920 -0.144711 
tuna -0.539596 -0.962106 0.896006 0.797085 0.419068 
kidney_bean -1.689156 -0.060499 0.694146 1.473450 -0.436451 
peanut -0.918884 -0.710986 -0.305900 0.982105 1.590724 
asparagus -0.163154 -0.643810 1.082203 0.958539 0.185444 
salmon -0.121654 -1.118301 0.528002 1.031546 0.270587 
leek -0.107007 -0.553461 0.881810 1.423706 -0.468477 
chickpea -0.725457 -0.733061 0.071805 1.634256 -0.480544 
blue_cheese 0.241663 -0.313786 0.949592 1.251853 0.049634 
brandy 0.858152 -0.168923 0.254975 1.567475 0.761080 
artichoke 0.113063 -0.565518 1.387460 1.206786 -0.325291 
horseradish -0.780130 0.062048 0.596949 1.149505 0.455555 
mango 0.034471 -1.223540 -0.522188 1.480874 0.575401 
date 0.418500 0.279281 -0.277772 1.736814 1.524122 
cardamom 0.099081 -0.168432 -0.495840 1.758671 0.616194 
white_bread -0.009223 0.343507 1.106303 1.382264 0.040721 
oyster -1.061145 -1.255829 0.940432 0.687436 0.567487 
cottage_cheese 0.024039 0.085546 1.766041 0.868193 0.470471 
grape 0.763724 -0.702300 -0.255036 1.713858 0.540717 
brown_rice -0.656487 -0.203997 0.287047 1.398245 0.035023 
cauliflower -0.599321 -0.375603 0.478056 1.262362 0.044425 
cured_pork -0.007342 -0.065774 1.910404 1.287871 -0.441602 
egg_noodle -0.910596 0.116851 1.307317 0.940396 0.342798 
beer -1.016522 0.192647 0.411311 1.324801 0.254246 
hazelnut 0.774882 0.076512 0.667431 1.380258 0.940896 
mandarin 0.654986 -0.854034 -0.169244 1.392989 1.196624 
romano_cheese 0.043855 -0.442439 1.720701 1.094153 -0.247785 
plum 0.425850 -0.083906 -0.122111 1.711531 0.523539 
pimento -0.482781 -0.388652 0.993110 1.120676 -0.056885 
smoked_sausage -1.414497 0.444735 0.907908 1.459743 -0.222585 
scallop 0.021416 -1.644664 1.178853 0.950502 -0.108469 
goat_cheese 0.599722 -0.255493 1.040232 1.520034 -0.290222 
lentil -0.909813 -0.306640 0.089843 1.661625 -0.401878 
currant 0.650557 0.173720 -0.078985 1.842975 0.671191 
saffron 0.164290 -1.119892 0.390192 1.476122 -0.345158 
barley -1.073983 -0.253536 0.337987 1.101719 0.515764 
caraway -0.726522 1.124280 0.020313 2.102657 -0.007779 
beet 0.012099 -0.315169 0.223597 1.660138 -0.238199 
squid -0.992392 -2.048840 1.236083 0.589538 0.563701 
corn_flake -0.408197 0.358567 0.685333 1.016242 1.153949 
anise 0.285431 -0.465594 0.486557 1.138338 0.746667 
roasted_beef -1.061467 0.165092 0.768445 1.247700 0.101705 
pistachio 0.776020 -0.277815 0.105013 1.536324 0.977831 
peanut_oil -1.034439 -1.221397 -0.060508 1.022704 0.760716 
cereal -0.611397 0.586780 0.071386 1.253340 1.815183 
cashew -0.394505 -0.489587 -0.300478 1.409611 0.593459 
veal 0.035224 -0.302276 1.173755 1.349932 -0.367938 
seaweed -1.115117 -1.993216 0.614634 0.622643 1.208431 
turnip -0.427561 0.147525 0.225728 2.062144 -0.727767 
sauerkraut -1.201818 1.466175 0.849793 1.718401 0.233143 
berry 1.390762 0.189541 0.435887 1.877435 1.017303 
kelp -1.437217 -1.888118 1.118921 0.401126 1.475823 
tomato_juice -1.485559 -0.067625 0.924767 1.177703 -0.068967 
cod -0.552396 -1.223205 0.723849 1.004915 0.036250 
provolone_cheese -0.043445 0.040585 2.087382 1.145371 -0.217921 
mussel -0.404993 -2.202243 1.184857 0.973730 -0.316965 
blackberry 1.593243 -0.283805 0.798351 1.541099 1.423161 
roasted_peanut -0.888654 -0.867025 -0.386289 1.081327 1.244810 
rhubarb 0.978991 -0.039390 0.585276 1.362082 1.678327 
chinese_cabbage -1.459065 -1.959294 0.894716 0.555917 1.141063 
corn_grit -0.883956 -0.349361 0.814958 1.225991 -0.172740 
chicory 0.304861 -1.196157 0.806315 1.164629 -0.066549 
bourbon_whiskey -0.264341 0.791607 -0.351984 1.773344 1.408430 
citrus 0.825637 -0.761619 -0.114405 1.461592 1.333176 
lima_bean -1.435008 0.176685 0.526198 1.610154 -0.362314 
lovage -0.758668 -0.539307 0.942290 0.821500 0.519955 
melon 0.919508 -1.245308 -0.591747 1.855897 0.676075 
parsnip -0.353570 0.138756 0.246010 2.034913 -0.708498 
fig 1.032188 0.219281 0.386868 1.858185 0.357499 
lemongrass -0.698536 -1.768527 -0.434649 1.319098 0.493517 
whiskey -0.133733 0.740900 -0.515276 1.934172 1.357257 
watercress 0.129192 -1.118816 0.368874 1.284515 0.024457 
tequila 0.368076 -1.396832 -0.438848 1.460988 0.723741 
rye_flour -0.351834 1.597423 0.537597 1.887151 0.670635 
peppermint 0.473074 -0.238177 1.028053 0.754452 2.018910 
savory -0.166659 -0.089028 0.894347 1.705872 -0.691782 
lobster 0.139863 -1.524833 1.090304 0.991089 -0.053886 
roasted_pork -0.595913 0.491646 0.039517 1.807339 -0.046339 
