249 10
</s> 0.040027 0.044194 -0.038303 -0.032780 0.013666 0.030211 0.009409 0.002113 -0.036035 0.022185 
egg -0.442664 0.118392 -0.078912 0.488775 -0.024837 0.723257 0.538579 -0.037813 0.186902 -0.516330 
butter -0.714312 -0.201852 -0.151576 0.498517 -0.638077 0.353248 0.591055 -0.092130 -0.006008 -0.891863 
wheat -0.626028 0.133528 -0.442842 0.344141 -0.445288 0.611792 0.689402 -0.076132 0.352221 -0.488452 
onion -0.895120 -0.217878 -0.192203 -0.015841 0.765166 -0.781463 -0.512236 -0.079301 -0.650569 0.282273 
garlic -0.812774 0.128686 -0.198096 -0.763099 0.993982 -0.326191 -0.827243 0.427968 -0.861514 0.661182 
milk -0.780445 0.101503 -0.036815 0.753664 -0.677070 0.764250 0.670407 -0.267436 0.445594 -0.805676 
vegetable_oil -0.229231 -0.156404 0.261025 -0.206191 0.864756 0.555917 0.033570 -0.583576 -0.792398 -0.053363 
cream -0.526681 -0.047174 0.253017 0.921501 -0.573173 0.816468 0.297535 -0.182851 -0.431609 -0.183654 
tomato -1.136790 0.157044 -0.482666 0.265242 0.992125 -0.922063 -0.873759 0.604737 -0.892260 1.173156 
olive_oil -0.738761 -0.746706 0.899966 -0.600053 -0.246345 -0.668899 -0.159931 1.608112 -0.716396 0.850182 
black_pepper -0.779203 -0.367924 -0.091005 -0.842629 0.428898 -0.430613 -0.947285 0.212484 -0.680065 0.250165 
pepper -1.048956 -0.405078 -0.226122 -0.025602 0.398540 -0.964113 -0.279517 -0.468051 -1.047099 0.506325 
vanilla -0.328165 -0.379060 -1.061053 0.729975 -0.792982 1.909918 1.732088 0.066944 0.847150 -1.140660 
cayenne -0.521272 0.530907 -0.969894 -0.728235 1.564116 0.097776 -0.752170 0.557012 -1.472974 0.754140 
vinegar -0.076761 -1.006531 0.157798 0.122168 2.002619 -0.083656 -0.704608 -0.193728 -0.579778 0.309909 
cane_molasses -0.224860 -0.375057 -1.347942 0.714524 1.171688 0.215392 0.304050 -0.154517 0.298698 -1.072363 
bell_pepper -0.967722 0.180649 -0.285619 -0.211609 0.601534 -0.678075 -0.405485 0.263599 -1.114428 0.915318 
cinnamon -0.198287 -0.491496 -1.980643 -0.207072 0.042144 0.127599 1.035049 1.141535 -0.167376 -1.670987 
parsley -1.135526 -0.247614 1.067964 0.222442 -0.648775 -0.512989 -0.595584 0.374814 -0.887540 -0.044852 
chicken -0.803478 -0.202620 -0.459898 -0.674872 0.288684 -0.446878 -0.266275 -0.394653 -0.901874 0.797928 
lemon_juice 0.087450 -0.788238 0.560910 0.059221 0.109754 0.559695 0.385639 0.484832 -0.944318 0.432234 
beef -0.966090 0.047550 -0.022177 -0.557327 1.631642 -0.455478 -1.140883 0.159595 0.389345 0.085820 
cocoa -0.327038 0.082106 -0.991266 1.214884 -0.254233 1.655350 1.773284 -0.138023 0.209225 -0.925997 
corn -0.641142 0.232168 -1.030146 0.826454 1.476847 -0.206518 -0.330063 -0.197689 -0.398567 0.382867 
bread -1.003497 -0.259194 0.670989 0.980910 0.346063 -0.310072 -0.602565 0.312552 0.144717 0.369471 
scallion -0.487356 0.489838 0.094945 -1.434436 1.048768 1.051429 -0.887550 -0.380165 -1.205399 0.562029 
mustard -0.134187 -0.910361 0.616094 1.101662 1.631896 0.016834 -0.570407 -0.365708 -0.823716 -0.520242 
ginger 0.328465 -0.187947 -1.297902 -2.170921 1.038196 1.206856 -0.525764 0.010847 -1.786001 -0.909966 
basil -1.785839 0.193237 0.474112 -0.010162 -0.873248 -0.872266 -0.911173 1.396026 -0.248742 1.838155 
celery -1.355632 -1.129442 0.280210 -0.435962 -0.129642 -1.347295 -0.599861 -1.041094 -0.171611 0.341804 
carrot -1.103742 -0.843106 0.388401 -1.984666 0.186803 -1.079630 -0.252057 -0.733930 -0.386012 -0.264172 
potato -1.600588 -0.087979 0.679954 -0.453850 0.161229 -1.320641 -0.311967 -0.659967 -0.512712 -0.627444 
chicken_broth -1.487278 -0.647090 -0.205536 -1.232024 -0.851938 -1.403786 -0.723830 0.052300 -0.830716 -0.038538 
yeast -0.770822 0.195866 0.248160 0.999728 -0.026450 0.479908 0.917484 -0.006048 0.797839 -0.615427 
rice -0.572978 -0.173401 -0.577044 -2.396559 0.596273 0.326642 -0.553327 -0.795341 -0.978579 0.268005 
mushroom -1.768029 0.313399 0.654069 -0.488500 -0.636400 -0.360307 -1.029163 -0.550204 0.159699 0.683328 
cheese -1.446370 1.119198 0.433980 1.100392 0.230024 -0.216174 -0.200605 1.016353 0.041801 0.637649 
soy_sauce -0.123622 -0.075095 -0.625811 -2.709856 1.959062 1.540277 -1.404719 -0.862597 -0.749870 0.217103 
cumin -0.550869 -0.029216 -1.661538 -0.688982 1.263065 -1.360095 0.752268 0.455864 -3.015450 0.606200 
oregano -1.679609 0.529227 -0.227399 -0.001504 0.172462 -1.136760 -0.815316 1.561038 0.042735 1.618698 
parmesan_cheese -2.101429 0.604944 1.483511 0.511491 -1.109092 -0.523871 -0.640031 0.774698 0.127458 1.146271 
macaroni -1.774621 0.723721 1.065565 0.134071 -0.709673 -0.327208 -0.622188 0.677285 -0.270015 1.411860 
thyme -1.793746 -1.154047 0.236755 -0.659741 -1.013164 -1.853876 -1.237895 0.589046 0.350630 0.264912 
cheddar_cheese -1.802317 1.344660 0.214250 1.296374 0.718114 -0.635778 0.076884 -0.515737 -0.003232 0.554144 
lard -0.572424 0.283742 -0.748673 0.176634 -0.130292 0.829818 0.906226 0.038312 0.723324 -0.757921 
lemon 0.174127 -1.147938 0.378207 0.146679 -0.346080 0.628871 0.038609 0.896888 -0.928377 -0.216477 
cream_cheese -0.341595 -0.107667 0.048004 1.452942 -0.377408 1.431076 0.010092 -0.364458 0.116454 0.102053 
walnut 0.109439 -1.129547 -0.718689 0.178623 -0.009256 0.871070 1.789059 0.482018 0.839959 -0.873667 
green_bell_pepper -1.507673 0.322939 -0.643532 0.243206 1.080785 -1.090814 -1.038741 -0.347000 -0.570315 1.117729 
starch -0.223484 -0.533085 -0.453197 -0.847344 -0.019734 1.235877 -0.771045 -0.985939 0.183494 -0.255649 
nutmeg -0.726582 -0.375123 -1.580470 -0.371785 -0.861022 -0.115748 0.964903 0.902556 0.694123 -1.585084 
honey 0.354612 -1.088211 -0.769931 -0.737150 1.033398 0.553631 0.682020 0.377499 0.190932 0.079122 
apple -0.070365 -2.088391 -1.017966 -0.290055 -0.047792 -0.355286 0.592411 -0.587357 0.440529 -0.472440 
almond 0.158965 -1.162001 -0.133462 -0.170857 -0.557123 0.825288 1.419935 0.176755 -0.124242 -0.780347 
cilantro -0.067883 0.325614 -1.415835 -0.692986 1.464255 0.247809 -0.378730 0.770098 -3.113664 1.079127 
pecan -0.138314 -0.543903 -1.351598 0.303560 -0.359399 1.140009 1.451090 0.364732 0.845150 -0.902303 
white_wine -0.880734 -0.839570 1.028377 -0.248538 -0.826703 -0.250941 -1.190022 0.712910 -1.025905 0.177654 
bacon -1.513993 -0.093523 0.839927 0.193680 0.666270 -1.014957 -0.448112 -0.469721 0.451623 -0.229847 
pork -0.451363 -0.724907 -1.213095 -0.963643 1.671293 -0.394081 -1.485533 0.280325 0.392499 -0.062816 
raisin -0.026672 -1.155461 -1.624489 -0.362861 0.117104 -0.262395 1.881144 0.682297 -0.018776 -0.858701 
bean -1.159952 0.221965 -0.666555 -0.672192 1.429765 -0.897831 -0.690018 0.203443 -0.218155 0.770380 
rosemary -2.087025 -1.221512 0.084503 -0.322137 -1.078044 -2.149523 -0.943473 1.029897 0.908383 1.277857 
fish -0.146968 0.511239 0.612229 -1.476671 0.751805 1.476319 -1.414226 0.983094 -2.113883 -0.217665 
cucumber 0.532437 0.138200 1.848125 -0.162878 1.625166 1.892326 0.438797 -0.398569 -1.983292 -0.001970 
olive -0.986089 -0.048589 0.982626 0.499611 0.371914 -0.440173 -0.087261 1.135469 -0.458695 1.862764 
coconut 0.136973 -0.139544 -2.142417 -0.232817 -0.202484 1.076749 1.437351 -0.349803 -2.083530 -0.251457 
orange 0.760303 -2.307711 -0.795063 -0.287259 -0.094089 0.795622 0.324948 1.107609 -0.381231 -0.408307 
tamarind -0.662487 -0.287203 -0.961456 1.360641 2.582871 -0.448801 -1.575947 -0.660822 -0.044932 -0.352320 
vegetable -0.855408 0.402779 0.404119 -2.238187 0.650978 0.170663 -0.165646 -0.268398 -0.587084 -0.260293 
orange_juice 0.774834 -2.438312 -1.389716 -0.490840 -0.110824 0.653476 0.326151 0.746024 -0.484553 -0.032417 
buttermilk -0.742562 0.183875 0.154243 0.686058 -0.220289 0.527312 1.201806 -0.175885 0.503269 -0.413881 
pineapple 0.578824 -2.156804 -1.625634 0.222181 -0.048572 1.140885 -0.016378 -0.753934 -0.227926 0.558979 
shrimp -0.682427 0.624420 0.183717 -0.804069 0.438931 1.406374 -2.558856 0.056653 -1.875099 -0.473179 
coriander -0.250297 -0.693900 -1.647368 -1.606585 0.328703 -1.482930 1.627139 0.275578 -4.001726 0.149441 
bay -1.542469 -1.045021 -0.505511 -0.448685 -0.235667 -1.897485 -2.168749 0.239711 -1.283176 -1.701116 
lime_juice 0.739607 -0.802998 -1.513691 -0.152225 1.468313 0.993422 -0.561082 0.746342 -3.154429 1.441870 
red_wine -0.523667 -1.518908 0.610128 -0.310940 0.693713 -1.007272 -0.624235 0.918073 0.087100 0.220831 
gelatin 0.359295 -1.864943 -0.890161 0.326544 -0.706349 1.965124 0.802983 -0.576660 0.637243 0.392057 
pork_sausage -2.179029 0.324305 -0.508739 0.350421 0.145418 -1.801827 -1.627049 1.516434 0.873424 0.013914 
sesame_oil -0.210749 0.228326 -0.625786 -4.350620 2.286585 2.252163 -1.913494 -0.447010 -0.659457 0.600549 
chive -0.287467 -0.489850 1.999972 1.246577 -0.126219 0.813532 0.317851 -0.600637 -1.183677 -0.991345 
seed 0.133274 -1.814041 0.460039 -0.229068 1.468895 -0.669386 1.334249 0.025838 0.350844 0.006704 
mozzarella_cheese -2.242715 1.360891 1.146905 1.025945 -0.320785 -0.380382 -0.556154 1.712305 1.273794 1.868020 
ham -1.210227 -0.351097 0.829473 0.757455 0.591317 -0.640113 -0.844392 0.213456 0.210916 0.000763 
oat -0.373078 -0.803792 -1.642833 -0.445209 0.278200 0.759978 2.633831 -0.989976 1.389920 -1.117007 
turmeric -0.477063 -1.036277 -1.895479 -2.231756 -0.023744 -1.454496 1.279536 -1.460808 -4.654755 0.442818 
nut -0.213223 -0.338607 0.125597 -1.687795 0.273496 0.489994 1.188552 0.501376 0.441122 0.328150 
shallot -0.464151 -1.463117 1.233291 -0.909972 -1.004271 -0.209505 -1.187798 1.581039 -1.444630 -0.647616 
lettuce 0.297498 -0.732669 1.147602 -0.041566 1.722653 0.656080 0.382336 0.393541 -1.099622 1.849219 
cider 0.158854 -1.872050 -0.170640 0.317638 2.167404 -0.776454 -0.016612 -0.297589 -0.120051 -0.096925 
dill -0.461300 -1.146548 2.348113 0.501183 0.685335 -0.040079 0.233756 -0.654991 -0.786311 0.411567 
pea -1.266574 -0.087595 0.201752 -1.237065 0.111975 -0.899404 -0.150713 -0.819819 -1.064411 0.257080 
zucchini -1.487559 0.534542 -0.000943 -0.665669 -0.377852 -1.328840 0.682547 1.200840 -0.439956 0.475826 
cherry 0.517333 -1.792051 -0.863524 0.737885 -0.357404 1.376039 1.261247 1.044370 0.424258 -0.379987 
lime 0.729076 -0.949570 -1.399917 0.033826 0.745932 1.367520 -0.533407 0.459475 -2.456497 0.859558 
yogurt 0.346089 -1.397585 -0.062148 -0.530575 -0.092775 0.130211 1.467657 0.471688 -1.319317 0.721834 
strawberry 0.583217 -2.197753 -0.303966 0.113264 -1.669538 3.167650 0.507160 0.193775 0.729733 0.850211 
soybean -0.380399 0.561076 -0.257259 -3.789880 1.680986 1.475965 -0.728793 -0.303738 -0.259409 -0.009315 
celery_oil -0.315404 -0.332273 -1.173826 1.473744 4.214630 -0.388810 -1.646294 -0.149286 0.526724 0.253376 
peanut_butter -0.188345 0.852762 -0.939809 -0.903208 1.110583 1.588604 2.126117 -2.001902 -0.580055 -0.449502 
banana 0.327548 -1.114197 -1.545483 -0.239764 -0.477527 1.705023 1.165383 -0.430601 -0.093806 0.456639 
meat -1.086351 -0.694077 -0.444281 -0.381185 0.633547 -1.121881 -1.075159 0.480605 0.679821 -0.348699 
tabasco_pepper -0.703514 -0.375496 -0.520711 1.472561 1.689427 -0.127013 -1.744685 -0.705067 -0.489656 0.426427 
milk_fat -0.864276 0.348263 0.337693 0.589195 -1.408058 0.759527 0.179306 0.969612 -0.020044 -1.543038 
cabbage -0.506278 -0.872499 0.403278 -1.195102 1.863565 -0.594823 -0.315582 -0.977712 -0.226357 -0.370621 
mint 0.563977 -1.214811 0.087933 -0.837141 -0.275905 0.801170 0.529836 1.242287 -2.133184 0.612577 
fennel -1.703010 -0.070353 0.832649 -0.355831 -0.724981 -1.701704 -0.510200 2.617532 -0.390997 -0.339054 
sage -2.088379 -1.489302 -0.284306 -0.389991 -1.513079 -2.303173 -0.908453 0.259650 1.172550 0.206038 
broccoli -1.743344 0.622195 0.702896 -0.491516 -0.443806 -0.321118 0.748349 -1.276172 -0.389329 1.627905 
turkey -1.302431 -0.572019 -0.375470 -0.040560 0.388221 -1.283962 -0.251006 0.327838 0.625768 1.103436 
fenugreek -0.534729 0.110102 -1.686533 -1.548830 0.552137 -1.084957 1.818037 -0.515734 -4.480421 0.549186 
cranberry 0.280132 -2.508362 -1.016984 0.286610 0.114786 0.469952 0.432255 0.853206 1.746376 -0.095639 
wine -0.082341 -1.008887 0.187960 -1.166375 0.214052 0.555573 -1.109887 0.320845 -0.424662 -0.159210 
beef_broth -1.293902 -0.616360 0.039052 -1.618959 0.773502 -0.951435 -1.716198 0.032957 0.727142 -0.581586 
grape_juice -0.364175 -1.279271 1.040321 -0.541393 0.412283 -0.605359 -0.095531 1.609602 0.064134 0.933792 
pumpkin -0.707748 0.882540 -1.561095 -1.948961 -0.426012 1.148773 -0.149392 0.219550 0.680105 -1.437049 
raspberry 0.460613 -2.006527 0.067074 0.217219 -1.394114 2.465066 0.556428 0.661560 0.937872 0.029094 
whole_grain_wheat_flour -0.372276 -0.286675 0.033904 0.012976 0.809345 0.169912 2.188888 0.289067 1.160650 -0.207865 
lemon_peel -0.171442 -0.943075 0.475502 -0.531021 -1.471360 0.596402 1.090420 1.245987 -0.369011 -0.267152 
coffee -0.375378 0.360699 -0.976385 1.414188 -0.062959 1.299218 0.890610 0.417685 0.160985 -2.017630 
sesame_seed 0.227284 -0.034175 0.664813 -2.181535 1.605587 1.421595 0.921705 -0.547068 -0.642426 0.078300 
avocado 0.521232 -0.424127 0.053377 0.907041 2.096479 1.105918 -0.302549 0.926155 -2.098539 2.079738 
sherry -0.401200 -1.060914 0.646156 -0.893684 -0.430640 -0.003040 -0.801696 0.422732 -0.876667 -0.431597 
sake -0.041108 -0.006616 0.097917 -3.551684 2.295921 2.655126 -2.166635 -0.718897 -0.054906 -0.122010 
feta_cheese -0.355615 -0.771369 1.647004 -0.023187 0.056178 -0.049682 0.599759 1.887992 -0.674107 2.142690 
apricot 0.040570 -1.943629 -1.218078 -0.146585 -0.549736 -0.049148 0.792001 0.510686 0.170043 -0.798597 
roasted_sesame_seed -0.655708 2.057841 1.411468 -4.477775 2.706504 2.317982 -0.658234 0.484042 -0.871368 -0.293429 
rum 0.546116 -1.405584 -1.919780 0.846303 -0.590429 2.047895 0.387054 0.908620 -0.400936 -0.841076 
orange_peel 0.401178 -2.099521 -0.692009 -0.609035 -0.542484 0.665951 0.538988 1.471074 0.553369 -0.968182 
squash -1.584201 0.013757 -0.761786 -1.094244 -0.631126 -1.764721 0.563831 0.622236 -0.226458 0.343768 
crab -0.587273 0.076799 0.667840 1.092003 -0.121257 1.543667 -2.403495 -1.144951 -1.894277 -0.584981 
marjoram -1.917208 -2.007705 -0.043049 -0.763862 -1.184764 -2.458214 -0.891095 0.160199 1.283723 0.733457 
swiss_cheese -1.692723 -0.164281 1.770479 1.507016 0.305710 -0.093776 -0.451296 -1.436283 1.166084 -0.357774 
sweet_potato -0.715020 -0.819016 -1.802129 -1.139058 -0.086713 -1.207396 0.739054 0.370013 -0.658968 -1.649941 
shiitake -1.104867 0.439080 1.076842 -4.092268 -0.039612 1.863342 -2.368077 -0.059022 0.643297 -0.174017 
radish 0.303650 0.496441 2.093287 -2.951242 2.568640 2.472144 -0.502712 0.972433 -0.758704 -0.108210 
peach 0.517899 -1.777708 -1.665429 0.075970 -0.602128 1.398625 0.102383 0.672262 -0.041816 0.004577 
tarragon -0.454391 -1.543865 2.185190 -0.076419 -0.580724 0.042801 -0.691688 0.122693 -1.009182 -0.239600 
black_bean -0.814119 0.981765 -1.801431 -0.117923 2.746703 -0.713064 -0.152514 0.983614 -1.417032 1.954540 
lamb -0.704781 -1.879789 -0.511734 -2.052517 -0.831311 -2.025688 0.200502 1.983772 -0.854968 0.042928 
maple_syrup -0.356127 -0.637452 -1.412449 -0.109840 0.568393 -0.043378 0.532714 0.231208 0.771805 -0.929267 
pear 0.679085 -1.164659 0.117990 -1.916551 0.461920 1.429983 0.531240 1.402161 0.447488 -0.467848 
fruit 0.514429 -2.146559 -1.106059 -0.206134 -0.596744 1.493746 1.082797 0.371779 0.542322 -0.353584 
blueberry 0.376014 -1.562862 -0.344354 -0.546826 -1.793087 3.113656 1.320485 0.210987 0.905112 0.403846 
clam -1.281900 0.529091 0.895714 -1.353007 -0.884433 1.045258 -3.325379 0.603719 -2.021473 -1.053301 
smoke -0.970182 -0.677743 0.313810 0.538192 1.056789 -1.137423 -1.061652 0.638254 -0.075072 -0.644638 
tuna -0.202627 -0.365429 1.411635 -0.041746 1.265574 0.664117 -0.084917 -0.388416 -1.114716 1.191577 
kidney_bean -1.815307 0.632048 -1.318316 -0.532352 2.632699 -2.372524 -0.251526 0.791360 0.230949 1.141265 
peanut 0.147155 0.386703 -1.333211 -1.336195 1.530293 1.468485 0.999904 -2.041633 -1.325452 0.015040 
asparagus -1.107519 -0.397649 1.821231 -0.248362 -0.996619 0.122435 -0.342916 -0.360816 -0.726482 0.200631 
salmon 0.218389 -1.097339 1.358643 -0.328578 0.479011 0.750772 -0.449826 0.126580 -1.682778 0.207824 
leek -1.617682 -1.251720 1.381038 -1.751785 -1.566323 -1.442115 -0.873133 0.272369 -0.510631 -1.328253 
chickpea -0.841292 0.085724 -0.210945 -1.909530 1.025113 -1.690208 1.366309 1.518201 -1.803193 0.723121 
blue_cheese -0.174992 -1.380708 1.421285 1.009897 0.564508 0.118683 0.001308 0.762867 0.389236 0.617363 
brandy 0.326779 -1.260574 0.202772 1.522155 -0.098427 1.573058 -0.606688 2.452454 0.176116 -2.652248 
artichoke -1.279560 0.319512 1.853649 0.422256 -0.637586 -0.082529 -0.554765 1.606849 -0.676784 1.062109 
horseradish -0.223959 -1.207955 1.087015 1.704018 1.763999 0.555269 -1.063657 -1.141247 -0.232247 -0.475925 
mango 0.938153 -1.401033 -1.177661 -0.526344 0.288342 1.317452 0.305946 0.040433 -3.088391 1.074312 
date 0.076551 -1.225270 -1.451363 -0.397290 -0.232684 0.182035 2.647439 1.569745 0.402763 -1.309031 
cardamom -0.004444 -0.946083 -1.498659 -1.790035 -0.190457 -0.633140 1.669950 1.552886 -1.339392 -1.637297 
white_bread -1.136482 -0.515016 0.559310 0.714101 -0.344451 -0.641248 -0.261364 0.381230 0.446421 -0.039078 
oyster -1.125785 0.369847 0.148299 -2.707957 -0.154190 1.372119 -2.358074 -1.013186 -0.651980 -0.549271 
cottage_cheese -1.106473 0.639599 0.843994 1.720613 0.039043 0.376346 0.708906 0.316374 0.596610 1.393556 
grape 0.824173 -3.117585 -0.349886 -0.447335 0.070296 0.650985 1.108982 -0.465510 -0.515918 1.766114 
brown_rice -1.208208 -0.843375 -0.703290 -1.024902 -0.385418 -1.182014 0.300434 -1.026554 -0.437724 1.457009 
cauliflower -1.245181 -0.010675 1.593984 -0.842561 0.279493 -0.990042 1.614915 -1.122966 -0.917903 0.475531 
cured_pork -2.193864 0.167801 1.810864 0.366202 -1.077659 -0.972903 -0.914354 2.448875 1.256128 1.020731 
egg_noodle -1.776464 -0.251128 0.301449 0.337413 0.037759 -0.718351 -0.724701 -1.720277 0.435233 0.908857 
beer -0.968979 -0.336822 -0.986940 0.758053 1.070943 -0.996489 -1.393621 0.398931 -0.455035 -1.141602 
hazelnut -0.155670 -0.949365 0.563585 -0.159782 -1.126164 0.915908 1.145976 1.236025 0.445456 -1.372755 
mandarin 0.938490 -2.756984 -0.595182 -0.349331 0.118980 2.087931 0.641193 -1.014130 0.412733 2.103665 
romano_cheese -1.710065 0.617347 1.337731 0.701984 -1.123802 -0.295648 -0.882405 1.778926 -0.171953 0.756927 
plum 0.305063 -1.978158 -0.936128 -0.640705 0.080556 -0.099890 0.193659 1.443273 -0.032928 -1.296162 
pimento -1.004683 -0.040424 1.210629 1.520211 0.614575 -0.489730 -0.279238 -0.476749 -1.535382 0.864380 
smoked_sausage -2.022141 -0.488610 -0.380429 0.218495 1.446564 -2.280916 -1.613846 -0.727534 0.089971 -1.043013 
scallop -0.780789 -0.001506 1.238292 -0.510211 -1.386117 0.724775 -1.995944 1.121850 -2.936846 -0.822915 
goat_cheese -0.402892 -1.004112 2.194275 0.212729 0.018697 -0.213438 0.772880 2.068097 0.246998 0.303338 
lentil -1.398254 -0.382445 -0.197560 -2.358009 0.289344 -2.476166 1.340144 0.226816 -1.227350 0.082998 
currant 0.010373 -1.760865 -0.932413 -0.214586 -0.311371 -0.439358 1.070639 2.062927 0.556589 -0.961068 
saffron -1.161191 -0.369050 0.074526 -1.947520 -1.743716 -1.347659 -0.073507 1.998434 -2.388795 -1.193319 
barley -1.005618 -1.218548 0.207682 -3.050112 0.316329 -0.849120 0.131677 -1.142742 0.750154 0.418485 
caraway -0.918030 -1.528918 1.789850 1.372867 2.069727 -2.609975 0.997078 -0.108628 -1.038229 -3.891429 
beet 0.416949 -2.575436 2.028978 -0.407777 1.521979 -0.427316 0.513889 0.963526 -0.171574 -0.687056 
squid -0.788043 1.594023 0.808471 -3.148105 0.248534 3.076847 -2.808762 0.779580 -1.335328 -0.587345 
corn_flake -1.152630 0.135680 -0.732068 0.654564 -0.059258 -0.079585 0.728168 -1.532842 0.052525 -0.203121 
anise -0.154483 -0.412571 0.145895 -1.078880 -0.354429 0.425220 0.470621 1.652373 -0.203081 -2.050209 
roasted_beef -0.958548 -0.710072 0.441697 0.402834 1.149760 -0.695495 -1.215807 0.057331 0.732202 -0.196963 
pistachio 0.224044 -1.278062 0.102286 -0.360480 -0.970734 0.785413 1.471764 1.330742 -0.810662 -1.267087 
peanut_oil -0.202575 -0.360418 -1.220555 -2.211137 1.034004 0.876611 -0.911331 -1.666929 -1.917843 0.360944 
cereal -0.641617 -0.179476 -0.866906 -1.355706 1.152911 0.656151 2.974521 -2.004761 1.443994 -0.267684 
cashew -0.148979 -1.076185 -0.600774 -1.783475 -0.139364 0.107681 1.416055 -1.258137 -1.133561 0.941377 
veal -1.489333 -1.325659 1.095120 -0.511303 -1.494946 -1.056121 -1.892433 1.710776 0.868353 -0.752004 
seaweed 0.139213 0.578532 2.217696 -3.075095 2.319151 3.656047 -0.940969 -0.445369 -0.083577 0.398957 
turnip -1.608738 -2.363229 1.126334 -2.928630 -0.618513 -2.842083 0.352991 -0.124735 -0.237392 -2.638106 
sauerkraut -1.564950 -1.140886 1.279183 1.784493 2.375985 -1.148791 -1.539523 -0.811849 2.496318 -2.985698 
berry 0.051468 -3.061476 -0.140905 0.500624 -1.728966 1.435034 0.486644 -0.551954 1.137582 -0.230723 
kelp -0.774874 1.189881 1.196254 -5.116167 1.011258 3.948904 -2.326105 -0.257020 -0.253204 -0.093081 
tomato_juice -1.304337 -0.045781 -0.086368 0.491226 1.828202 -1.277630 -1.168757 -0.148698 -0.290548 0.242556 
cod -0.970557 0.261160 0.593134 -1.001915 -0.361054 -0.068391 -1.050259 0.048728 -1.977193 -0.812247 
provolone_cheese -1.974451 0.544778 1.714482 1.781958 -0.093537 -0.218907 -0.889475 1.866771 1.600864 1.439311 
mussel -1.232297 0.054654 0.786990 -2.525406 -1.370285 0.308611 -3.652869 1.768611 -3.757489 -1.768149 
blackberry -0.107571 -1.474341 -0.466491 0.135164 -2.022686 2.811809 0.214970 0.858750 2.493911 0.215828 
roasted_peanut 0.332242 0.122999 -1.564641 -2.107963 1.726935 1.261888 0.898619 -1.833494 -2.242155 -0.008857 
rhubarb -0.105139 -0.683330 -0.784697 0.031119 -1.452576 2.512723 0.836793 0.235890 1.303482 -0.449940 
chinese_cabbage -0.569182 0.901954 1.030371 -5.760902 2.213705 2.798640 -2.891434 0.928960 -1.027897 -0.568592 
corn_grit -1.473995 0.855621 -0.601454 0.770549 0.731949 -0.843783 -1.310085 0.881665 -0.922880 0.083058 
chicory 0.317752 -2.055506 3.251013 -0.731664 0.984999 0.333772 0.034271 2.690789 -0.069735 -0.009697 
bourbon_whiskey -0.863505 -0.632336 -3.732207 1.782224 -0.589202 0.823526 -2.324943 0.759541 0.646650 -1.991855 
citrus 0.955994 -2.377563 -0.249877 0.042797 -0.394165 1.462143 0.405081 2.014831 -0.914013 -2.066927 
lima_bean -1.797890 -0.731847 -0.855068 -0.047203 1.844186 -2.991248 -0.703883 -0.372801 -0.760282 0.027963 
lovage -0.776525 -0.661156 -1.742603 1.453292 0.153150 0.824265 -5.455266 -1.250394 -1.446929 -3.529295 
melon 1.213050 -3.322968 -1.444871 -0.895739 -0.050765 1.826751 0.346555 0.529139 -1.099055 2.577371 
parsnip -1.550186 -2.526758 0.936599 -2.547951 -0.842844 -2.679321 0.266497 -1.137885 0.020443 -1.477471 
fig 0.121015 -1.840418 -0.129470 0.036585 -0.979281 -0.007528 0.901519 3.419582 0.672035 -1.154445 
lemongrass -0.016662 0.412831 -1.917521 -2.653827 -0.701121 1.560832 -1.148348 -0.670431 -5.993462 0.326946 
whiskey 0.548359 0.333201 -1.372106 1.629665 2.820273 0.754866 1.067094 3.582564 -0.208303 -2.181813 
watercress 0.625647 -1.943551 1.593145 -0.805284 1.176005 0.173122 0.364557 1.454865 -1.465471 0.038169 
tequila 0.848487 -0.789940 -2.553054 1.282822 1.207997 2.348162 -1.996721 1.845311 -1.462005 1.225128 
rye_flour -0.912701 -1.007674 1.956198 0.795566 1.850021 -0.480837 1.570395 0.152724 3.436901 -1.756275 
peppermint 0.246612 0.097072 0.866569 0.533924 -0.437001 2.747640 1.575842 -0.721846 -0.688106 -0.860409 
savory -1.310941 -1.599052 0.245387 -1.231963 -0.847867 -2.036030 -0.711123 1.439562 0.193463 -0.170123 
lobster -0.833717 -0.532615 0.336700 0.049454 -1.958118 0.477919 -2.704916 1.281221 -2.142259 -0.998553 
roasted_pork -0.535152 -1.944632 -1.264129 -0.476842 1.154998 -1.419975 -1.407618 0.285457 0.909275 -0.392347 
mace -0.474575 -0.995746 -1.238401 -0.864070 -0.513602 -0.379267 0.346909 1.334500 0.031058 -2.124561 
endive -0.357838 -1.526464 2.667808 -0.894334 0.631961 -1.118251 0.741881 3.024716 -0.778300 -0.536177 
brassica -0.570379 -0.037109 1.451613 -1.964756 2.275580 -0.610184 -0.173213 1.950607 -0.427847 -1.474947 
grapefruit 1.237642 -3.065753 -0.648449 0.126230 0.542942 1.191139 -0.347558 1.492958 -0.902717 1.100746 
enokidake -1.248669 1.112919 1.288919 -4.518799 1.975343 3.427183 -3.856983 0.356774 1.777969 -1.252215 
porcini -2.410991 -0.840605 1.598377 -1.668820 -2.634218 -1.298244 -1.788109 1.212412 1.108672 -0.895418 
kiwi 1.238186 -2.699711 -1.069963 -0.463931 -0.231963 3.228094 0.523282 -0.254513 0.236942 2.099067 
wasabi 0.237640 -0.704052 3.352298 -2.136510 2.834557 3.117672 -1.720456 -1.154759 -0.891822 0.022762 
watermelon 1.591938 -3.167604 -0.406050 0.085057 -0.303184 2.506570 -0.416868 1.484049 -2.626578 0.965841 
lime_peel_oil 1.058924 -1.570443 -1.097356 0.349813 0.296303 1.694419 -0.531155 0.946696 -2.963596 1.602497 
okra -1.276844 -0.219178 -1.482886 -0.487259 0.825706 -1.563854 -1.784467 0.232751 -1.682635 -0.358718 
macadamia_nut 0.168833 -0.120531 -1.102268 0.190985 0.162685 1.550283 1.550642 -0.370068 -0.400623 0.189227 
smoked_salmon -0.229498 -0.770681 3.494175 0.738988 0.335398 1.112616 0.270596 0.055263 -0.855392 -0.670850 
kale -1.946712 -0.047134 0.910792 -1.266473 0.179924 -2.267242 -0.235574 1.180195 -0.218738 -0.628824 
popcorn -0.707210 0.513503 -1.413419 0.130052 0.297474 0.586978 1.617218 -1.442550 -0.509519 0.711565 
rye_bread -1.184553 -1.899760 2.521719 3.220944 1.677572 -0.912227 -0.475915 -0.804993 1.378403 -0.786871 
star_anise 0.695414 -1.564119 -0.924751 -2.613741 0.154947 0.893953 -0.479463 1.196041 -1.304662 -0.964644 
brussels_sprout -1.024169 -1.029924 1.689062 -0.651983 -0.253407 -1.138783 1.039261 0.156917 0.099918 -0.139079 
tea 0.481458 -1.690552 -1.112467 -0.212114 -0.494416 0.843656 0.394294 0.450760 -0.824273 -0.842164 
thai_pepper -0.144868 0.522693 -3.413133 -2.371321 0.918201 1.717749 -1.183890 -0.855544 -3.838479 1.970774 
champagne_wine 0.796631 -2.641114 1.322044 0.037370 -0.128033 1.445286 -0.922296 0.691883 -0.712334 -0.470304 
anise_seed 0.565344 -1.372813 -0.120838 -0.470781 0.602325 -0.067483 1.664615 1.571829 -0.775881 -1.118938 
yam -0.873734 -1.332778 -1.782574 -2.109445 -0.641011 -1.188866 0.736214 -0.615470 -0.318584 -1.740559 
bitter_orange -0.178019 -3.931943 -0.525618 1.507028 -4.382942 1.359319 -1.004039 0.857446 -1.036049 -0.888834 
wheat_bread -0.693788 -0.693889 0.437349 0.643962 1.035578 0.026585 0.479222 -0.848171 0.741263 1.388575 
