224 5
</s> 0.080054 0.088388 -0.076605 -0.065561 0.027332 
egg 0.753205 0.373036 0.436300 0.683707 0.841632 
butter 0.893260 0.484391 0.309817 0.724331 0.540586 
wheat 0.731095 0.483273 0.319317 0.778377 0.830623 
onion 0.319704 0.263738 0.921731 0.970404 -0.286178 
garlic 0.252708 -0.170574 1.109384 0.957637 -0.275269 
milk 0.987850 0.586764 0.259335 0.700132 0.915272 
vegetable_oil 0.224461 -0.051933 0.725944 0.942292 0.332241 
cream 1.012434 0.179242 0.321565 0.652854 0.666075 
tomato 0.456030 0.154400 1.118338 0.941288 -0.634074 
olive_oil 1.014275 -0.100995 0.824511 0.778773 -0.650974 
black_pepper 0.409401 -0.043287 1.066242 0.826168 -0.173350 
pepper 0.376070 0.142118 0.688755 1.120969 -0.489726 
vanilla 1.053638 0.505085 -0.138761 1.108878 1.913246 
cayenne -0.042656 -0.419433 1.095556 1.166040 -0.142918 
vinegar 0.092931 0.059230 0.932790 1.015468 0.048315 
cane_molasses 0.113306 0.673197 0.231936 1.218426 0.905941 
bell_pepper 0.440459 -0.081442 0.991600 0.941962 -0.428046 
cinnamon 0.662407 0.439621 -0.275049 1.277795 0.874891 
parsley 1.054458 0.104613 1.036947 0.523211 -0.320442 
chicken 0.374552 -0.166592 0.657670 1.059090 -0.234427 
lemon_juice 1.012431 -0.313779 0.346474 0.761210 0.142330 
beef -0.042150 0.329252 1.309673 0.957409 -0.057418 
cocoa 0.833748 0.680345 0.071438 1.087774 2.057916 
corn -0.017333 0.495243 0.699067 1.121357 0.160772 
bread 0.815237 0.510369 0.905740 0.597666 -0.094953 
scallion 0.046263 -0.656003 1.419050 0.930748 0.344296 
mustard 0.371900 0.374860 0.753936 0.875241 0.133833 
ginger -0.111630 -0.689432 0.645186 1.323046 0.643026 
basil 1.106012 0.210142 1.199141 0.600187 -0.731519 
celery 0.417579 0.429773 0.775414 1.075625 -0.499902 
carrot 0.145058 0.052865 0.976689 1.085982 -0.275091 
potato 0.289746 0.485437 0.906231 1.003205 -0.319901 
chicken_broth 0.599572 0.072523 0.674668 1.042718 -0.587708 
yeast 0.885014 0.866548 0.410773 0.667311 0.664645 
rice -0.160098 -0.477475 1.071836 1.176186 0.324531 
mushroom 0.505540 0.381089 1.457120 0.598997 -0.161718 
cheese 0.980366 0.458000 0.948474 0.482064 -0.069369 
soy_sauce -0.382360 -0.575628 1.436164 1.210169 0.677476 
cumin 0.004433 -0.410872 0.322491 1.707748 -0.631118 
oregano 0.717199 0.349449 1.116671 0.799823 -0.703492 
parmesan_cheese 1.223418 0.501327 1.262401 0.332907 -0.319356 
macaroni 1.100092 0.182460 1.374357 0.460457 -0.561926 
thyme 0.920100 0.564058 0.808617 0.856435 -0.698075 
cheddar_cheese 0.405829 0.868794 1.100701 0.724979 -0.023940 
lard 0.681506 0.671997 0.164338 0.918571 0.986357 
lemon 1.077918 -0.369327 0.249338 0.783717 0.140820 
cream_cheese 1.080292 0.288466 0.394877 0.538049 1.058282 
walnut 0.974367 0.509289 -0.341739 1.254368 1.162759 
green_bell_pepper 0.230099 0.341135 1.170357 1.016275 -0.545739 
starch 0.141577 -0.194509 0.730527 0.910887 0.792540 
nutmeg 0.806942 0.600653 -0.143148 1.093364 0.720521 
honey 0.365544 -0.100728 0.034425 1.260805 0.554584 
apple 0.666099 0.444370 -0.440743 1.441954 0.450593 
almond 0.931466 0.038311 -0.181511 1.085511 0.868234 
cilantro 0.146113 -0.884398 0.626438 1.464816 -0.404561 
pecan 0.824654 0.536952 -0.206363 1.178768 1.411633 
white_wine 1.075525 -0.273710 1.007695 0.606891 -0.454345 
bacon 0.531474 0.685591 1.021932 0.752960 -0.160890 
pork -0.113358 0.220558 0.986416 1.125945 0.018303 
raisin 0.547510 0.379446 -0.445262 1.520571 0.615903 
bean 0.034561 0.228421 1.059003 1.139750 -0.386130 
rosemary 1.072565 0.689054 0.884333 0.842406 -0.906330 
fish 0.356599 -1.014152 1.343067 0.882830 0.090557 
cucumber 0.602004 -0.581310 0.873995 0.658905 0.511429 
olive 1.018427 0.032658 0.995812 0.709501 -0.697511 
coconut 0.207362 -0.445255 -0.181189 1.565542 0.900366 
orange 1.251475 -0.339489 -0.409363 1.149346 0.477606 
tamarind -0.207866 0.821416 1.089542 1.088810 0.168205 
vegetable -0.053902 -0.359078 1.349837 0.943309 0.408697 
orange_juice 0.947230 -0.426028 -0.390868 1.309333 0.449335 
buttermilk 0.734594 0.627049 0.170928 0.878704 0.787373 
pineapple 0.781937 -0.532783 -0.288605 1.320897 1.035471 
shrimp 0.279681 -0.855154 1.614571 0.830806 0.190571 
coriander 0.038325 -0.648041 0.092004 1.866226 -0.496010 
bay 0.434933 0.330531 1.145393 0.954054 -0.613236 
lime_juice 0.411331 -1.207021 0.436206 1.335357 -0.093401 
red_wine 0.818340 0.072392 0.593173 0.893794 -0.446589 
gelatin 1.260335 -0.263041 -0.174474 0.978703 1.537612 
pork_sausage 0.780030 0.933999 1.205561 0.748040 -0.652263 
sesame_oil -0.419490 -0.939553 1.663651 1.276032 0.837227 
chive 1.113485 -0.036830 0.770099 0.362134 0.574913 
seed 0.395082 0.445255 -0.036708 1.426993 -0.125310 
mozzarella_cheese 1.294380 0.842976 1.454107 0.296652 -0.439807 
ham 0.786781 0.816341 0.969288 0.609542 -0.074787 
oat 0.355038 0.963853 -0.277689 1.592927 1.708689 
turmeric -0.049984 -0.712447 0.106825 1.943721 -0.426087 
nut 0.513096 -0.106490 0.464829 0.881450 0.576481 
shallot 1.049370 -0.514335 0.753127 0.725097 -0.322605 
lettuce 0.671089 -0.559884 0.765175 0.815753 -0.043791 
cider 0.096563 0.379244 0.258681 1.335304 0.075441 
dill 0.693983 0.135528 0.808074 0.760355 -0.175898 
pea 0.278667 -0.129192 0.992206 1.049379 -0.395542 
zucchini 0.732961 0.273986 0.636055 0.939658 -0.561959 
cherry 1.183925 -0.076641 -0.434299 1.253963 1.352425 
lime 0.520841 -1.244292 0.231646 1.333280 0.198301 
yogurt 0.807745 -0.447735 -0.257385 1.358567 0.011481 
strawberry 1.764416 -0.463081 -0.312820 0.900195 1.341715 
soybean -0.397016 -0.770444 1.559823 1.233777 0.836518 
celery_oil -0.536695 0.743374 1.182940 1.292553 0.136092 
peanut_butter -0.337092 0.158272 0.390285 1.473789 1.789709 
banana 0.927453 -0.235424 -0.336063 1.282407 1.323857 
meat 0.272094 0.567549 0.861719 1.035538 -0.306079 
tabasco_pepper -0.008208 0.457019 1.196842 0.922423 0.111717 
milk_fat 1.313823 0.429942 0.136465 0.620859 0.804582 
cabbage -0.181304 0.153124 0.944724 1.247478 -0.073878 
mint 1.004653 -0.936590 0.156778 1.066816 -0.163777 
fennel 1.247387 0.297338 0.888575 0.748644 -0.878689 
sage 0.866736 1.140844 0.518967 1.017071 -0.640442 
broccoli 0.525901 0.217035 1.087223 0.692971 -0.085932 
turkey 0.545957 0.614756 0.636202 1.014399 -0.442709 
fenugreek -0.092273 -0.680015 0.074049 1.989726 -0.517260 
cranberry 1.133355 0.321217 -0.604676 1.340586 0.475786 
wine 0.545350 -0.356657 0.816400 0.751578 0.227350 
beef_broth -0.124000 0.359260 1.428172 1.026095 -0.171998 
grape_juice 1.141480 -0.113115 0.434855 0.811820 -0.464412 
pumpkin 0.021755 0.001443 0.675227 0.978622 1.232066 
raspberry 1.894987 -0.158599 -0.263082 0.825815 1.148432 
whole_grain_wheat_flour 0.511094 0.929276 -0.037645 1.193880 0.632038 
lemon_peel 1.562236 -0.140141 -0.033499 0.684479 0.304940 
coffee 0.747388 0.768182 0.219288 0.907479 1.684844 
sesame_seed -0.081592 -0.563815 0.872697 1.136191 0.697964 
avocado 0.566278 -0.888333 0.662153 1.047131 -0.201429 
sherry 0.693671 -0.257155 0.726031 0.771670 -0.004059 
sake -0.314175 -0.761495 1.890875 1.053364 1.003709 
feta_cheese 1.305964 -0.398409 0.678820 0.681850 -0.610320 
apricot 0.963556 0.148387 -0.597441 1.445727 0.384637 
roasted_sesame_seed -0.453783 -0.995080 1.846408 1.331461 0.749102 
rum 1.067219 -0.173108 -0.410433 1.292574 1.409508 
orange_peel 1.301960 0.028523 -0.474525 1.150295 0.538267 
squash 0.716662 0.367486 0.325093 1.111258 -0.518084 
crab 0.612133 -0.071748 1.510983 0.334797 0.511422 
marjoram 0.910161 1.088892 0.510232 1.065544 -0.805637 
swiss_cheese 0.801008 1.273193 1.135707 0.487819 0.142596 
sweet_potato 0.188366 0.070180 0.015043 1.393671 0.311097 
shiitake 0.041842 -0.556797 1.961429 0.720637 0.578827 
radish 0.098343 -1.087093 1.697282 0.919550 0.605990 
peach 0.974833 -0.332017 -0.353041 1.240844 0.874447 
tarragon 1.236689 -0.359850 0.965423 0.460122 -0.165979 
black_bean -0.044831 -0.218146 0.911066 1.387195 -0.631595 
lamb 0.976353 -0.133087 0.040180 1.346922 -0.960418 
maple_syrup 0.323742 0.514995 -0.098801 1.339770 0.660935 
pear 0.667005 -0.704320 0.317922 0.947981 0.887513 
fruit 1.164611 -0.132307 -0.520019 1.332960 1.143729 
blueberry 1.980588 -0.123213 -0.457868 0.981107 1.367284 
clam 0.600605 -0.865805 2.054388 0.536346 0.047051 
smoke 0.460217 0.653554 0.909657 0.956865 -0.431665 
tuna 0.571107 -0.414857 1.312034 0.577374 0.100146 
kidney_bean -0.205760 0.615313 1.285535 1.487816 -0.954226 
peanut -0.346019 -0.398603 0.488727 1.436203 1.253980 
asparagus 0.931806 -0.118206 1.023485 0.518404 -0.072996 
salmon 0.796267 -0.598031 0.708847 0.768066 0.010516 
leek 0.898396 0.057146 0.813358 0.843833 -0.576028 
chickpea 0.275732 -0.315128 0.536942 1.490139 -0.831103 
blue_cheese 1.170439 0.203368 0.629415 0.523956 0.006438 
brandy 1.465126 -0.020494 -0.319036 0.973247 0.644548 
artichoke 1.536105 -0.023841 1.143771 0.337153 -0.540601 
horseradish 0.276013 0.466388 0.933976 0.834971 0.246249 
mango 0.456410 -1.076150 -0.010586 1.492206 0.176964 
date 0.991603 0.377355 -0.773988 1.662088 1.190327 
cardamom 0.466400 -0.124566 -0.470270 1.661048 0.142076 
white_bread 0.989962 0.810336 0.610755 0.680853 -0.122736 
oyster -0.009657 -0.519445 1.695160 0.838726 0.422529 
cottage_cheese 1.293281 0.715574 0.884807 0.266652 0.235621 
grape 1.065701 -0.556367 -0.437725 1.339192 0.265862 
brown_rice 0.291851 0.172720 0.531235 1.212105 -0.371842 
cauliflower 0.462779 0.127492 0.748530 0.956649 -0.272845 
cured_pork 1.505289 0.730289 1.318120 0.417126 -0.788270 
egg_noodle 0.403505 0.852433 1.219708 0.690448 0.038798 
beer -0.129471 0.680961 0.667177 1.349502 -0.150330 
hazelnut 1.352571 0.314860 0.047207 0.710571 0.897626 
mandarin 1.077741 -0.738933 -0.195450 1.145499 1.040463 
romano_cheese 1.502371 0.391829 1.234295 0.293571 -0.528166 
plum 0.820557 0.007416 -0.415695 1.395095 0.143131 
pimento 0.696217 0.075109 0.920042 0.812282 -0.491624 
smoked_sausage -0.067690 1.192980 1.211012 1.302838 -0.591617 
scallop 1.122344 -0.890200 1.367667 0.520169 -0.308261 
goat_cheese 1.691453 0.130030 0.429768 0.522113 -0.387364 
lentil 0.170267 0.048765 0.490348 1.570262 -0.892921 
currant 1.198047 0.237572 -0.659966 1.381301 0.350559 
saffron 1.016095 -0.592491 0.456099 1.055915 -0.762448 
barley -0.292189 0.336999 0.829812 1.286253 0.199955 
caraway 0.230888 1.535220 -0.172566 1.903204 -0.610386 
beet 0.844106 -0.005599 0.288581 1.059277 -0.431774 
squid 0.305460 -1.123490 2.056418 0.755836 0.336322 
corn_flake 0.320043 0.842885 0.390354 0.968823 0.771867 
anise 0.897194 -0.037932 0.239712 0.799565 0.567021 
roasted_beef 0.052901 0.761069 1.198746 0.984304 -0.176046 
pistachio 1.319704 -0.107891 -0.428704 1.118468 0.610913 
peanut_oil -0.201704 -0.788263 0.891324 1.373257 0.285673 
cereal -0.190689 0.855349 0.098844 1.606940 1.472239 
cashew 0.185846 -0.363394 0.017701 1.468646 0.354800 
veal 1.132123 0.512752 0.907670 0.630972 -0.534359 
seaweed 0.054232 -1.166196 1.821434 0.889724 1.061098 
turnip 0.498501 0.734354 0.353175 1.479120 -0.937857 
sauerkraut 0.110344 2.099984 0.740508 1.428570 -0.291602 
berry 1.939047 0.295615 -0.677900 1.136869 0.847355 
kelp -0.197810 -0.944567 2.591942 0.916432 1.225007 
tomato_juice -0.031965 0.574067 1.332701 1.093694 -0.447887 
cod 0.412982 -0.665768 1.224598 0.917254 -0.272539 
provolone_cheese 1.498396 0.876947 1.412694 0.227737 -0.342371 
mussel 0.887993 -1.350381 1.888714 0.757530 -0.567715 
blackberry 2.063967 0.031802 -0.408896 0.913328 1.352439 
roasted_peanut -0.288643 -0.624534 0.326939 1.601163 0.698481 
rhubarb 1.435381 0.371720 -0.278766 1.000044 1.483388 
chinese_cabbage -0.297454 -1.112366 2.299362 1.112134 0.805406 
corn_grit 0.343479 0.323932 0.969178 1.059145 -0.598663 
chicory 1.285762 -0.579702 0.961629 0.444144 -0.117467 
bourbon_whiskey 0.229996 0.737533 -0.267086 1.643621 1.285190 
citrus 1.171881 -0.826054 -0.205134 1.152818 1.286065 
lima_bean -0.173792 0.773345 1.019614 1.523345 -0.832281 
lovage 0.223004 0.254667 1.459017 0.620314 0.372829 
melon 1.295238 -1.248944 -0.462239 1.423788 0.496058 
parsnip 0.515603 0.753078 0.329816 1.483215 -0.975855 
fig 1.761375 0.310450 -0.533925 1.043228 0.062580 
lemongrass 0.090497 -1.641510 0.686092 1.591979 0.054881 
whiskey 0.315040 0.554564 -0.370397 1.658132 1.162987 
watercress 0.952209 -0.842892 0.651165 0.781204 0.008160 
tequila 0.769282 -1.323243 -0.106195 1.387163 0.394187 
rye_flour 0.608458 1.832517 -0.074570 1.395033 0.265113 
peppermint 1.189064 0.322951 0.490863 0.450566 1.833158 
savory 0.884202 0.459331 0.753356 0.981963 -0.876866 
lobster 1.154957 -0.733055 1.263892 0.467864 -0.210883 
roasted_pork 0.107860 0.745888 0.062153 1.598777 -0.402120 
