224 5
</s> 0.080054 0.088388 -0.076605 -0.065561 0.027332 
egg -0.651118 0.625424 0.180148 0.925304 0.046167 
butter -0.470865 0.764055 -0.050659 0.881589 -0.032522 
wheat -0.643130 0.602294 0.065995 0.976962 0.137365 
onion 0.601638 0.371180 0.482167 0.849630 -0.284635 
garlic 0.789241 0.428141 0.746151 0.718615 -0.049560 
milk -0.732795 0.840035 0.026864 0.898189 -0.000512 
vegetable_oil 0.190747 0.163465 0.385411 0.877997 0.308623 
cream -0.467004 0.876403 0.124147 0.708470 0.225125 
tomato 0.812718 0.565251 0.557511 0.749171 -0.341574 
olive_oil 0.782675 1.172951 0.447818 0.398157 0.004604 
black_pepper 0.625141 0.472350 0.646782 0.727056 -0.128009 
pepper 0.767479 0.527465 0.314266 0.772743 -0.182358 
vanilla -1.632924 0.867114 -0.208777 1.561280 0.629613 
cayenne 0.880270 0.093191 0.728642 0.862396 0.319834 
vinegar 0.411248 0.039034 0.576450 1.039489 -0.139169 
cane_molasses -0.501153 -0.112105 -0.157580 1.522105 -0.119425 
bell_pepper 0.844281 0.580093 0.511014 0.676830 -0.100283 
cinnamon -0.527246 0.254615 -0.539834 1.440638 0.245892 
parsley 0.324183 0.985462 0.636748 0.496522 -0.204716 
chicken 0.702295 0.532933 0.340752 0.651486 0.126533 
lemon_juice 0.157512 0.845306 0.171268 0.528056 0.494946 
beef 0.671379 0.102961 0.914756 1.014494 -0.451033 
cocoa -1.726770 0.782612 0.036715 1.557042 0.616465 
corn 0.167742 0.069314 0.361958 1.077577 -0.331323 
bread 0.108921 0.799444 0.452773 0.725738 -0.524704 
scallion 0.563467 0.108204 1.180318 0.827462 0.473429 
mustard 0.135791 0.247390 0.438899 0.982608 -0.206843 
ginger 0.355320 -0.266370 0.458391 1.138643 0.882232 
basil 0.710514 1.361498 0.805222 0.400992 -0.486590 
celery 0.792681 0.610697 0.216654 0.861366 -0.511114 
carrot 0.863767 0.220785 0.428974 0.910465 -0.083855 
potato 0.603468 0.532653 0.445393 0.866683 -0.528608 
chicken_broth 0.910822 0.711471 0.186874 0.697230 -0.129191 
yeast -0.688726 0.632547 0.197377 1.036343 -0.373915 
rice 0.639421 0.030281 0.893757 0.880267 0.540527 
mushroom 0.476697 0.668462 0.927070 0.664011 -0.369782 
cheese 0.041801 1.029137 0.631175 0.501734 -0.318372 
soy_sauce 0.645847 -0.584821 1.064157 1.388102 0.665649 
cumin 1.305296 0.246040 -0.155341 0.950534 0.386357 
oregano 0.845719 1.023790 0.640767 0.536683 -0.509197 
parmesan_cheese 0.239461 1.447687 0.910969 0.368310 -0.518943 
macaroni 0.540285 1.364873 1.056972 0.340564 -0.349425 
thyme 0.802352 1.074076 0.349955 0.685393 -0.708642 
cheddar_cheese 0.070619 0.646897 0.618207 0.806219 -0.733530 
lard -0.882995 0.524675 -0.066001 1.188945 0.026816 
lemon 0.144655 0.992506 0.079933 0.464768 0.603301 
cream_cheese -0.847416 0.852751 0.270855 0.791242 0.315534 
walnut -0.924904 0.715182 -0.571474 1.387572 0.388845 
green_bell_pepper 0.782325 0.431218 0.576138 0.898290 -0.583379 
starch -0.154757 0.024441 0.413803 1.016480 0.426153 
nutmeg -0.587389 0.566615 -0.540755 1.306324 0.007431 
honey 0.004013 0.071139 -0.204637 1.177130 0.557398 
apple -0.127686 0.370461 -0.783818 1.316632 0.181775 
almond -0.499922 0.830055 -0.404488 0.980344 0.742860 
cilantro 1.256246 0.291599 0.299889 0.784473 0.720764 
pecan -1.057912 0.595656 -0.439942 1.446766 0.459543 
white_wine 0.653434 1.099076 0.681685 0.365991 0.118605 
bacon 0.306067 0.525924 0.531524 0.961593 -0.816123 
pork 0.632466 -0.126368 0.433260 1.175979 -0.264647 
raisin -0.250810 0.408498 -0.809728 1.372626 0.383197 
bean 0.868462 0.369731 0.566735 0.845155 -0.314465 
rosemary 0.744616 1.403987 0.245041 0.639540 -0.935485 
fish 0.689570 0.399191 1.379397 0.586792 0.806196 
cucumber -0.021276 0.324647 1.001339 0.661465 0.611230 
olive 0.708659 1.118593 0.686827 0.403163 -0.141812 
coconut -0.225510 0.254654 -0.193829 1.066437 1.270465 
orange -0.159565 0.727301 -0.670700 1.047953 0.745738 
tamarind 0.200544 -0.145594 0.586595 1.340635 -0.734804 
vegetable 0.599972 -0.156981 0.981888 1.035734 0.357543 
orange_juice 0.054235 0.476331 -0.589044 1.075272 0.905376 
buttermilk -0.735694 0.635132 0.005052 1.030752 0.042842 
pineapple -0.302915 0.488567 -0.343349 1.049601 1.037677 
shrimp 0.562217 0.397937 1.465551 0.643360 0.667578 
coriander 1.388191 0.259201 -0.341202 0.999297 0.671700 
bay 0.883239 0.588388 0.461462 0.886076 -0.531930 
lime_juice 0.990781 0.379978 0.186057 0.689782 1.200563 
red_wine 0.672557 0.732672 0.106122 0.744778 -0.303052 
gelatin -0.951218 1.063487 -0.291229 1.077475 1.165498 
pork_sausage 0.554347 0.928923 0.556045 0.831897 -0.994058 
sesame_oil 0.598544 -0.557037 1.565737 1.389108 0.963209 
chive -0.472590 0.799143 0.768115 0.620381 0.127300 
seed 0.279854 0.149202 -0.350501 1.249331 -0.141678 
mozzarella_cheese 0.186330 1.577215 0.966210 0.410569 -0.818681 
ham 0.093443 0.803623 0.545835 0.750116 -0.602168 
oat -1.241661 0.056753 -0.381836 1.908163 0.323118 
turmeric 1.421655 0.225073 -0.234478 0.964338 0.835006 
nut -0.003535 0.454344 0.385580 0.724083 0.445875 
shallot 0.676886 1.076240 0.454438 0.396527 0.334778 
lettuce 0.524325 0.488424 0.557882 0.645954 0.353569 
cider 0.478131 -0.076610 -0.192923 1.324916 -0.296760 
dill 0.223861 0.670279 0.526825 0.707601 -0.219959 
pea 0.824817 0.490091 0.620960 0.704035 0.106632 
zucchini 0.603671 0.995269 0.266235 0.535407 -0.210073 
cherry -0.875122 0.865312 -0.541688 1.274900 0.888993 
lime 0.643488 0.450441 0.099843 0.685819 1.401856 
yogurt 0.387270 0.724357 -0.477075 0.738232 0.863009 
strawberry -0.804355 1.337553 -0.546813 1.028572 1.399375 
soybean 0.442443 -0.438881 1.263888 1.281834 0.902126 
celery_oil 0.334404 -0.453980 0.464215 1.571934 -0.736224 
peanut_butter -0.989161 -0.096918 0.479466 1.386822 1.021322 
banana -0.689224 0.714316 -0.434680 1.186509 1.169821 
meat 0.517245 0.397036 0.220523 1.023548 -0.611261 
tabasco_pepper 0.351801 0.028031 0.709582 1.106683 -0.533162 
milk_fat -0.588465 1.136953 -0.144891 0.747851 0.011722 
cabbage 0.776081 -0.151818 0.454033 1.173248 -0.132639 
mint 0.645311 1.042388 -0.117100 0.394950 1.082422 
fennel 0.708371 1.403474 0.436515 0.532026 -0.598950 
sage 0.571723 1.077914 -0.264803 0.904515 -0.974278 
broccoli 0.379306 0.759660 0.696006 0.513869 0.013556 
turkey 0.566906 0.726826 0.059609 0.865864 -0.654772 
fenugreek 1.428615 0.221675 -0.274097 1.003046 0.825162 
cranberry -0.175186 0.642771 -1.049331 1.327035 0.331951 
wine 0.377023 0.426807 0.542439 0.656480 0.466472 
beef_broth 0.804691 -0.015392 0.834491 1.140081 -0.463735 
grape_juice 0.728500 0.969769 0.078483 0.526926 0.047631 
pumpkin -0.648017 -0.260332 0.560719 1.330097 0.505738 
raspberry -0.763740 1.392672 -0.643184 1.000610 1.045314 
whole_grain_wheat_flour -0.584330 0.390750 -0.323706 1.295690 -0.072173 
lemon_peel -0.173511 1.306813 -0.176441 0.491148 0.483112 
coffee -1.372380 0.624107 -0.073883 1.441302 0.128469 
sesame_seed 0.226295 -0.173711 0.703688 1.045568 0.786165 
avocado 0.887907 0.444809 0.545350 0.575843 0.680768 
sherry 0.355818 0.540357 0.366905 0.709474 0.148767 
sake 0.377215 -0.616088 1.575748 1.451356 0.829405 
feta_cheese 0.609855 1.367771 0.463759 0.237629 0.219038 
apricot -0.013046 0.650061 -1.004912 1.202754 0.529019 
roasted_sesame_seed 0.813060 -0.478919 1.789297 1.400781 0.895428 
rum -0.794567 0.796463 -0.596878 1.305748 1.151471 
orange_peel -0.277560 0.853774 -0.743960 1.062105 0.625765 
squash 0.822846 0.894043 -0.153841 0.673240 -0.255878 
crab -0.231915 0.395905 1.491759 0.731312 0.024689 
marjoram 0.734445 1.146245 -0.237097 0.871777 -0.975646 
swiss_cheese -0.258345 0.797496 0.651056 0.901134 -0.950573 
sweet_potato 0.319467 0.116604 -0.434074 1.158699 0.289658 
shiitake 0.531109 -0.092283 1.789313 1.040800 0.447221 
radish 0.489438 -0.085674 1.621943 1.020188 0.828326 
peach -0.269489 0.619034 -0.627411 1.094274 1.045523 
tarragon 0.369417 1.095827 0.661527 0.419423 -0.024777 
black_bean 1.368036 0.186515 0.362231 0.891874 0.085832 
lamb 1.236689 0.974503 -0.523443 0.708426 0.027973 
maple_syrup -0.365268 0.030937 -0.436716 1.479379 -0.005693 
pear -0.111823 0.107093 0.154901 1.002932 1.080186 
fruit -0.631656 0.890365 -0.604685 1.149683 1.092439 
blueberry -0.986556 1.336167 -0.560754 1.107752 1.294286 
clam 0.503684 0.634082 2.040881 0.590033 0.301834 
smoke 0.461319 0.535362 0.432122 0.952512 -0.661397 
tuna 0.399101 0.549860 1.117567 0.526178 0.285061 
kidney_bean 1.437118 0.234192 0.466446 1.170045 -0.799134 
peanut -0.230736 -0.226693 0.516221 1.162251 1.170791 
asparagus 0.332589 1.136365 0.699889 0.331752 0.138627 
salmon 0.303501 0.615866 0.681760 0.532764 0.441876 
leek 0.840062 1.000115 0.521901 0.588565 -0.328111 
chickpea 1.445031 0.603987 0.130975 0.705468 0.250654 
blue_cheese 0.062797 0.843520 0.245974 0.693037 -0.254662 
brandy -0.426368 1.058925 -0.616949 0.983391 0.539006 
artichoke 0.377392 1.539180 0.830783 0.271033 -0.244381 
horseradish -0.129987 0.175396 0.688962 1.149382 -0.567002 
mango 0.655947 0.355188 -0.211235 0.845260 1.358507 
date -0.776269 0.688989 -0.970498 1.608471 0.659968 
cardamom 0.350035 0.560263 -0.845342 1.082280 0.667934 
white_bread -0.071969 1.058732 0.064723 0.818183 -0.760936 
oyster 0.500283 -0.007234 1.492507 0.952934 0.303225 
cottage_cheese -0.381963 1.412018 0.598140 0.428599 -0.379264 
grape 0.217164 0.795320 -0.731439 0.922956 0.916387 
brown_rice 0.807245 0.499490 -0.047847 0.781394 -0.022584 
cauliflower 0.819274 0.751621 0.324192 0.594720 0.039829 
cured_pork 0.520885 1.755052 0.659097 0.440505 -0.799495 
egg_noodle 0.292952 0.651247 0.738340 0.749083 -0.570186 
beer 0.520208 0.007806 0.126170 1.259038 -0.527584 
hazelnut -0.634010 1.043490 -0.324399 0.920421 0.317381 
mandarin -0.183206 0.608094 -0.248501 0.962259 1.325161 
romano_cheese 0.342605 1.605331 0.749679 0.269708 -0.360837 
plum 0.107681 0.482799 -0.763464 1.175979 0.370563 
pimento 0.509513 0.907282 0.662202 0.537058 -0.292865 
smoked_sausage 0.892308 0.304858 0.491005 1.341108 -1.217909 
scallop 0.492788 1.243895 1.365887 0.192199 0.527475 
goat_cheese 0.227509 1.443582 0.077254 0.449134 -0.279678 
lentil 1.384220 0.535335 -0.152014 0.891133 -0.069673 
currant -0.180555 0.968330 -1.051767 1.166383 0.301059 
saffron 1.058231 1.219408 0.275385 0.319361 0.576135 
barley 0.458922 -0.152065 0.396597 1.145122 0.096389 
caraway 0.597592 0.239454 -0.803416 1.691994 -1.075297 
beet 0.594232 0.318321 -0.047530 1.043569 -0.169135 
squid 0.685086 0.136436 2.085988 0.891993 0.778847 
corn_flake -0.600849 0.542172 0.199211 0.938818 0.041625 
anise -0.275622 0.605285 0.276120 0.777600 0.407830 
roasted_beef 0.465596 0.176067 0.480137 1.209188 -0.812279 
pistachio -0.440558 1.253267 -0.588930 0.780859 0.864895 
peanut_oil 0.828874 -0.203072 0.758786 1.061684 0.863424 
cereal -0.926589 -0.163348 -0.060768 1.722789 0.405547 
cashew 0.524365 0.219589 -0.229138 0.973308 0.785799 
veal 0.384497 1.228271 0.259599 0.635664 -0.664529 
seaweed 0.305906 -0.264558 1.907354 1.230775 1.078054 
turnip 1.182212 0.670370 -0.365426 1.151458 -0.691548 
sauerkraut 0.219460 0.255788 -0.011220 1.786813 -1.699887 
berry -0.620750 1.220913 -1.054327 1.279073 0.673139 
kelp 0.385648 -0.557280 2.398883 1.649715 1.058190 
tomato_juice 0.764112 0.170171 0.750001 1.146410 -0.831062 
cod 0.685116 0.509660 1.056627 0.581540 0.372841 
provolone_cheese 0.086027 1.594456 0.846048 0.627032 -1.154300 
mussel 1.149440 0.926165 1.862310 0.394778 0.626528 
blackberry -0.998562 1.318339 -0.754440 1.336004 1.095055 
roasted_peanut 0.250447 -0.067563 0.328591 0.993462 1.325809 
rhubarb -1.230503 0.925963 -0.596075 1.464468 0.703075 
chinese_cabbage 0.733974 -0.332872 2.300435 1.409772 0.988906 
corn_grit 0.804533 0.587578 0.481972 0.743567 -0.343073 
chicory 0.415724 0.806393 0.778142 0.471615 0.419180 
bourbon_whiskey -0.822314 -0.135627 -0.530931 2.047172 0.006753 
citrus -0.489615 0.434410 -0.386753 1.257464 1.371089 
lima_bean 1.167529 0.269875 0.115001 1.309317 -0.969095 
lovage -0.101917 0.077383 1.043610 1.087498 -0.466302 
melon 0.304234 0.746060 -0.509041 0.898871 1.756059 
parsnip 1.236282 0.715680 -0.447864 1.108202 -0.606998 
fig -0.218154 1.400919 -1.013761 0.974512 0.071287 
lemongrass 1.264907 0.465125 0.715373 0.578502 1.762190 
whiskey -0.568420 -0.011675 -0.655820 1.913844 0.067557 
watercress 0.518271 0.539249 0.426747 0.647427 0.484308 
tequila 0.419825 0.333175 -0.205708 0.904278 1.384965 
rye_flour -0.706533 0.500173 -0.351301 1.740236 -1.152624 
peppermint -1.437959 1.078811 0.395081 0.933989 0.679927 
savory 0.853649 1.075171 0.119098 0.767211 -0.712865 
lobster 0.392501 1.190552 1.206160 0.272482 0.395159 
roasted_pork 0.889011 0.122698 -0.607161 1.434200 -0.650662 
