224 5
</s> 0.080054 0.088388 -0.076605 -0.065561 0.027332 
egg 0.633803 0.604470 -0.897992 0.968878 0.594718 
butter 0.622544 0.551836 -1.073933 0.823816 0.401225 
wheat 0.549546 0.504305 -0.970592 0.961997 0.528735 
onion 0.803350 0.012297 -0.461660 1.048799 -0.718391 
garlic 1.038605 -0.091713 -0.304466 1.004353 -0.648119 
milk 0.620483 0.753063 -1.138929 0.858394 0.592001 
vegetable_oil 0.744335 0.001035 -0.374437 1.099245 0.083627 
cream 0.715408 0.379234 -0.999781 0.799390 0.479776 
tomato 1.011747 0.193198 -0.383317 0.979889 -0.769916 
olive_oil 1.151165 -0.151765 -0.857652 0.580582 -0.683402 
black_pepper 0.913062 -0.167597 -0.403443 1.008172 -0.639338 
pepper 0.828842 -0.113379 -0.606189 0.910112 -0.580502 
vanilla 0.548706 0.696972 -1.378346 1.184505 1.597464 
cayenne 0.983846 -0.424848 0.024205 1.279327 -0.363552 
vinegar 0.450302 -0.032686 -0.173280 1.479119 -0.462891 
cane_molasses 0.090640 0.479351 -0.595644 1.525033 0.447801 
bell_pepper 1.105056 -0.105768 -0.351465 0.926690 -0.601424 
cinnamon 0.169798 0.170121 -1.193074 1.173721 0.696276 
parsley 1.068074 0.236269 -0.809519 0.653623 -0.535062 
chicken 0.870749 -0.175396 -0.619939 0.846035 -0.373358 
lemon_juice 0.807885 -0.204061 -0.879674 0.726984 0.081427 
beef 0.645164 0.247749 -0.094441 1.444847 -0.782261 
cocoa 0.740987 0.920848 -1.127653 1.237299 1.676011 
corn 0.447697 0.517614 -0.240138 1.429595 -0.194688 
bread 0.799496 0.608319 -0.757096 0.871375 -0.459330 
scallion 1.253253 -0.392705 0.246823 1.302148 -0.176495 
mustard 0.436808 0.196064 -0.358834 1.350422 -0.339794 
ginger 0.778713 -0.696449 -0.024614 1.420464 0.393681 
basil 1.482216 0.499473 -0.808539 0.486035 -0.883868 
celery 0.616680 -0.027951 -0.754101 1.002638 -0.895688 
carrot 0.717715 -0.416343 -0.426901 1.130533 -0.705754 
potato 0.718210 0.108242 -0.656385 0.997092 -0.853359 
chicken_broth 0.893508 -0.340905 -0.889241 0.715656 -0.744774 
yeast 0.449408 0.968658 -0.979200 1.048866 0.252195 
rice 1.186932 -0.471641 0.078858 1.192144 -0.000307 
mushroom 1.181020 0.392832 -0.461932 0.833209 -0.644383 
cheese 1.177212 0.734702 -0.741296 0.642860 -0.350403 
soy_sauce 0.983576 -0.549175 0.491253 1.761347 0.011003 
cumin 0.921667 -1.074195 -0.712889 0.819398 -0.460737 
oregano 1.196660 0.435773 -0.645970 0.755315 -0.974847 
parmesan_cheese 1.566772 0.829788 -0.851896 0.410530 -0.608586 
macaroni 1.731702 0.656511 -0.592556 0.475764 -0.691209 
thyme 0.784314 0.158395 -1.103270 0.739270 -1.115109 
cheddar_cheese 0.976886 1.051629 -0.339804 1.067214 -0.435205 
lard 0.476247 0.670153 -1.072054 1.078199 0.811926 
lemon 0.725719 -0.293437 -1.096846 0.661467 0.265239 
cream_cheese 0.774517 0.718025 -0.857382 0.932966 0.761454 
walnut 0.274066 0.517312 -1.415380 1.148868 1.073749 
green_bell_pepper 1.001451 0.380173 -0.340890 1.052515 -0.890922 
starch 0.587190 -0.103735 -0.345794 1.261176 0.404744 
nutmeg 0.142524 0.372145 -1.312448 1.127342 0.618369 
honey 0.262661 -0.365894 -0.695496 1.308934 0.434036 
apple -0.122609 -0.071133 -1.264586 1.251746 0.306575 
almond 0.452819 -0.064251 -1.361697 0.857923 0.746207 
cilantro 1.100512 -1.003096 -0.340276 0.974491 -0.127053 
pecan 0.237948 0.513721 -1.242687 1.294892 1.127241 
white_wine 1.312517 -0.108805 -0.708979 0.581550 -0.586933 
bacon 0.670475 0.518193 -0.554321 1.105964 -0.772890 
pork 0.398583 -0.191293 -0.180487 1.515180 -0.633556 
raisin 0.224322 0.109538 -1.334533 1.010591 0.580870 
bean 0.873530 0.019950 -0.198882 1.211592 -0.783658 
rosemary 0.788879 0.341015 -1.287681 0.656718 -1.254409 
fish 1.605686 -0.602372 0.215169 1.109998 -0.022402 
cucumber 1.028955 -0.045763 -0.091871 1.138318 0.392835 
olive 1.328770 0.338036 -0.741371 0.586633 -0.749240 
coconut 0.974622 -0.399693 -0.849198 0.887388 1.328179 
orange 0.043401 -0.589495 -1.365300 1.159447 0.587927 
tamarind 0.346919 0.507733 -0.080373 1.658286 -0.556189 
vegetable 1.083694 -0.348637 0.174991 1.342448 -0.267021 
orange_juice 0.015744 -0.727202 -1.068376 1.338614 0.591069 
buttermilk 0.468317 0.782704 -1.050268 1.039401 0.599140 
pineapple 0.183670 -0.527441 -0.855315 1.477254 1.094922 
shrimp 1.860450 -0.203037 0.244332 0.983395 -0.227205 
coriander 1.014641 -1.350927 -0.863144 0.731432 -0.245293 
bay 0.695221 -0.167016 -0.713117 1.025789 -1.116117 
lime_juice 0.909373 -1.140551 -0.354774 1.118027 0.210985 
red_wine 0.443626 -0.198796 -0.905887 0.994711 -0.765272 
gelatin 0.503100 -0.070620 -1.207866 1.199471 1.486716 
pork_sausage 0.975670 0.787455 -0.849169 0.846371 -1.164658 
sesame_oil 1.326791 -0.742353 0.721832 1.876825 0.132203 
chive 0.981183 0.339938 -0.594149 0.818290 0.197289 
seed -0.113494 -0.142624 -0.936576 1.384364 -0.302832 
mozzarella_cheese 1.591884 1.239713 -0.805372 0.526549 -0.765355 
ham 0.779473 0.693426 -0.627839 0.992467 -0.529424 
oat 0.418533 0.796242 -1.067677 1.367492 1.427307 
turmeric 1.220503 -1.351364 -0.804611 0.641418 -0.145329 
nut 0.914150 -0.065289 -0.686756 0.800591 0.321943 
shallot 1.066885 -0.514295 -0.864769 0.619164 -0.501076 
lettuce 0.824975 -0.300313 -0.305861 1.100766 -0.201569 
cider -0.179021 -0.086482 -0.548215 1.682060 -0.357075 
dill 0.845015 0.122020 -0.590096 0.922426 -0.472327 
pea 1.193500 -0.224798 -0.402535 0.848664 -0.630691 
zucchini 1.164993 0.143700 -0.922940 0.516612 -0.544509 
cherry 0.113658 0.078038 -1.323749 1.373118 1.218153 
lime 0.811140 -1.106114 -0.453557 1.154561 0.607209 
yogurt 0.805031 -0.745915 -1.154088 0.640193 0.445257 
strawberry 0.373360 -0.340990 -1.592288 1.118744 1.440050 
soybean 1.289235 -0.537660 0.600592 1.690238 0.226809 
celery_oil 0.136934 0.630283 0.146587 2.027485 -0.571199 
peanut_butter 1.344653 0.439291 -0.148553 1.202971 1.619744 
banana 0.527688 -0.160416 -1.188781 1.145783 1.458092 
meat 0.500605 0.168320 -0.673104 1.128581 -0.803838 
tabasco_pepper 0.585229 0.416434 -0.047253 1.511620 -0.530798 
milk_fat 0.638295 0.362097 -1.408703 0.599429 0.365264 
cabbage 0.355870 -0.440492 -0.166882 1.576504 -0.666889 
mint 1.052191 -0.831256 -1.013100 0.527493 0.222816 
fennel 1.077936 0.203786 -1.279721 0.468344 -1.069494 
sage 0.291562 0.304748 -1.507198 0.818382 -1.092291 
broccoli 1.379202 0.425200 -0.436418 0.685150 -0.315157 
turkey 0.565136 0.232107 -0.910139 0.925621 -0.756624 
fenugreek 1.213905 -1.432206 -0.868168 0.615486 -0.170991 
cranberry -0.312261 -0.233664 -1.535271 1.321371 0.347065 
wine 0.754913 -0.342075 -0.384648 1.090161 -0.183699 
beef_broth 0.595048 -0.254475 -0.167237 1.458834 -1.022377 
grape_juice 0.791328 -0.176622 -1.099901 0.625373 -0.571624 
pumpkin 0.687983 0.188741 -0.208107 1.367803 0.813179 
raspberry 0.298336 -0.212953 -1.741701 0.985573 1.164521 
whole_grain_wheat_flour 0.349612 0.642656 -1.032546 1.087345 0.469423 
lemon_peel 0.678915 -0.093780 -1.573912 0.476513 0.405485 
coffee 0.381701 0.946025 -0.984524 1.381847 1.225132 
sesame_seed 0.901783 -0.410417 0.092593 1.393238 0.433906 
avocado 0.927141 -0.583537 -0.217859 1.119011 -0.103810 
sherry 0.729339 -0.266945 -0.788913 0.846882 -0.387439 
sake 1.288961 -0.454085 0.821581 1.966217 0.086272 
feta_cheese 1.442784 0.109242 -0.854288 0.385710 -0.483184 
apricot 0.137650 -0.252896 -1.665182 0.913065 0.561351 
roasted_sesame_seed 1.433675 -0.593786 0.842457 1.930763 0.087735 
rum 0.315848 -0.239999 -1.180535 1.336667 1.454912 
orange_peel 0.056884 -0.286264 -1.626234 1.017198 0.512981 
squash 0.760353 -0.121271 -1.184217 0.585694 -0.627889 
crab 1.371585 0.439903 0.070959 1.063528 -0.077843 
marjoram 0.366936 0.288375 -1.463213 0.822356 -1.219874 
swiss_cheese 0.664324 1.308102 -0.691886 1.116211 -0.495241 
sweet_potato 0.274808 -0.394338 -0.912560 1.096370 0.148882 
shiitake 1.447495 -0.387331 0.544008 1.538069 -0.381392 
radish 1.424403 -0.548601 0.648878 1.704388 0.044983 
peach 0.084509 -0.477386 -1.176833 1.293636 0.877932 
tarragon 1.048814 -0.195896 -0.855482 0.628089 -0.523530 
black_bean 1.022100 -0.437082 -0.128148 1.155156 -0.651436 
lamb 0.715152 -0.780043 -1.416943 0.531100 -0.725715 
maple_syrup 0.043208 0.234007 -0.800800 1.419457 0.418628 
pear 0.393157 -0.603405 -0.563145 1.313981 0.606072 
fruit 0.263818 -0.310098 -1.443461 1.141309 1.177562 
blueberry 0.410173 -0.117671 -1.837313 1.030115 1.519958 
clam 2.149168 -0.288171 0.193006 0.845882 -0.600300 
smoke 0.443494 0.314176 -0.642919 1.227845 -0.938011 
tuna 1.220729 0.150634 0.027331 1.107790 -0.180191 
kidney_bean 0.791591 0.063640 -0.223433 1.378410 -1.453913 
peanut 1.373304 -0.175936 0.027602 1.153192 1.167782 
asparagus 1.302064 0.178841 -0.760287 0.531325 -0.316068 
salmon 0.989929 -0.446635 -0.485392 0.865742 -0.008242 
leek 1.021665 -0.380816 -0.983894 0.625930 -0.936267 
chickpea 1.057205 -0.840068 -0.709547 0.739151 -0.734655 
blue_cheese 0.435408 0.215090 -1.008872 0.910638 -0.285229 
brandy 0.096507 -0.204216 -1.641924 0.989173 0.622274 
artichoke 1.597978 0.535074 -0.942609 0.333492 -0.661720 
horseradish 0.277238 0.419167 -0.271438 1.574037 -0.503898 
mango 0.827103 -1.234200 -0.644396 1.042297 0.676207 
date 0.232754 0.198178 -1.692929 1.091727 1.145951 
cardamom 0.525611 -0.694330 -1.374848 0.702845 0.442938 
white_bread 0.474778 0.645671 -1.229719 0.832927 -0.613177 
oyster 1.324898 -0.328396 0.343537 1.380258 -0.397025 
cottage_cheese 1.200679 1.226727 -0.781601 0.670285 -0.077516 
grape 0.259218 -0.850362 -1.302538 0.999366 0.467599 
brown_rice 0.764505 -0.209115 -0.699430 0.877849 -0.551060 
cauliflower 1.243766 -0.067766 -0.751781 0.549503 -0.427693 
cured_pork 1.282882 0.893668 -1.190148 0.499333 -1.153877 
egg_noodle 0.844043 0.689296 -0.415587 1.082698 -0.604889 
beer 0.193348 0.147586 -0.443911 1.493044 -0.679920 
hazelnut 0.338588 0.262544 -1.525574 0.816615 0.510505 
mandarin 0.222079 -0.581751 -0.867606 1.398973 0.968930 
romano_cheese 1.566342 0.647599 -1.056677 0.321421 -0.782490 
plum 0.032257 -0.541549 -1.378560 1.063876 0.216398 
pimento 1.179194 0.436167 -0.658822 0.697910 -0.541603 
smoked_sausage 0.314537 0.427543 -0.556125 1.526114 -1.449048 
scallop 2.018982 -0.333499 -0.414038 0.423572 -0.454781 
goat_cheese 0.713791 0.210340 -1.427373 0.505928 -0.440616 
lentil 0.954262 -0.808392 -0.899160 0.722014 -0.923445 
currant 0.104629 -0.294024 -1.823877 0.856994 0.473875 
saffron 1.486985 -0.727412 -1.180091 0.211094 -0.468168 
barley 0.588240 -0.425052 -0.357709 1.243681 -0.298195 
caraway -0.607744 0.297927 -1.413782 1.580649 -0.945846 
beet 0.019963 -0.524053 -0.985846 1.259217 -0.680353 
squid 2.133280 -0.461057 0.670807 1.309245 -0.256298 
corn_flake 0.874849 0.841132 -0.737602 0.923833 0.633263 
anise 0.641520 0.002720 -0.976583 0.822752 0.358254 
roasted_beef 0.332210 0.197765 -0.446666 1.442722 -0.967513 
pistachio 0.626639 -0.264901 -1.769758 0.549573 0.829844 
peanut_oil 1.181376 -0.805391 0.116479 1.284300 0.121879 
cereal 0.751269 0.509904 -0.554758 1.292328 1.239722 
cashew 0.796447 -0.763771 -0.718753 0.890383 0.371193 
veal 0.750811 0.118867 -1.249225 0.646664 -1.042301 
seaweed 1.501498 -0.351570 0.856409 1.880738 0.354928 
turnip 0.140864 -0.847243 -1.293764 1.157796 -1.381714 
sauerkraut -0.362904 1.170365 -0.935836 1.901227 -1.244734 
berry -0.286513 -0.117582 -1.995158 1.278709 0.880861 
kelp 1.895494 -0.421255 1.172130 2.061706 0.148619 
tomato_juice 0.698312 0.280934 -0.115111 1.466386 -1.137738 
cod 1.443029 -0.412950 -0.243185 0.812698 -0.545791 
provolone_cheese 1.268971 1.432440 -1.006243 0.674126 -1.002750 
mussel 2.484838 -0.745369 -0.030996 0.610246 -0.762872 
blackberry 0.154322 -0.016172 -1.934734 1.151003 1.404100 
roasted_peanut 1.253558 -0.488157 -0.157593 1.028216 0.858935 
rhubarb 0.196614 0.347257 -1.431705 1.271021 1.273367 
chinese_cabbage 1.859074 -0.491020 1.012749 1.870038 0.062930 
corn_grit 0.955029 0.184503 -0.364247 1.043183 -0.822666 
chicory 0.775196 -0.381939 -0.699740 0.889490 -0.464029 
bourbon_whiskey -0.641737 0.511658 -0.866228 2.241155 0.676734 
citrus 0.174460 -0.671551 -1.141657 1.371794 1.117342 
lima_bean 0.432585 -0.095412 -0.523857 1.436056 -1.564615 
lovage 0.779854 0.300912 -0.060592 1.359437 -0.459163 
melon 0.193465 -1.459135 -1.147348 1.353286 0.878438 
parsnip 0.171933 -0.842364 -1.357916 1.066979 -1.302905 
fig 0.163899 -0.144263 -2.112984 0.625405 0.208222 
lemongrass 1.951676 -1.222277 -0.196684 0.693920 0.535346 
whiskey -0.551450 0.520845 -0.673654 2.300594 0.788844 
watercress 0.608010 -0.632204 -0.593885 1.078309 -0.278340 
tequila 0.233338 -1.293233 -0.554870 1.553306 0.604118 
rye_flour -0.459427 1.367436 -1.508645 1.588872 -0.309456 
peppermint 0.924463 0.838123 -0.984166 0.977296 1.468155 
savory 0.745768 -0.170671 -1.350708 0.621380 -1.210106 
lobster 1.726251 -0.400711 -0.512670 0.508643 -0.500099 
roasted_pork -0.317568 -0.261753 -0.900888 1.585039 -0.864250 
