249 10
</s> 0.040027 0.044194 -0.038303 -0.032780 0.013666 0.030211 0.009409 0.002113 -0.036035 0.022185 
egg -0.347538 0.118649 -0.487850 -0.218934 -0.179466 0.863520 0.408273 0.314140 0.572946 -0.181148 
butter -0.521386 -0.074961 -0.397434 0.148111 -0.393574 0.492639 0.875809 0.764083 -0.184036 -0.081595 
wheat -0.359039 -0.101086 -0.482532 -0.264739 -0.306868 0.831729 0.499105 0.402943 -0.133348 -0.120036 
onion -0.601308 -0.362218 -0.268142 0.304966 1.438420 -0.577588 -0.767134 0.181533 -0.340301 -0.154690 
garlic -0.113149 -0.193335 0.205720 0.089656 1.702245 -0.137227 -1.213885 0.032293 -0.793903 0.162890 
milk -0.616847 0.153829 -0.815636 -0.033426 -0.464095 0.888447 1.155650 0.471010 0.250624 0.199234 
vegetable_oil 0.260795 0.018230 -0.368139 -0.369295 1.152402 0.084637 -0.028841 0.276170 0.422613 -0.553974 
cream -0.476175 0.173766 -0.436421 -0.003623 0.116583 0.489147 0.784702 0.300642 0.791497 0.483327 
tomato -1.049907 -0.898595 -0.153679 0.346201 1.564129 -0.750471 -1.355447 -0.192424 0.096950 0.658666 
olive_oil -0.859746 -0.417569 1.521754 -0.141027 0.792591 -0.332485 -0.960211 0.691723 -0.510281 0.911637 
black_pepper -0.170222 0.286099 0.386325 0.394030 1.263080 -0.179022 -0.782111 0.545704 -0.674643 0.073988 
pepper -0.300499 -0.415834 -0.297761 0.484255 1.534301 -1.021533 0.072105 0.548502 -0.497252 -0.057178 
vanilla 0.416645 -0.799907 -0.821712 -0.529335 -1.017328 2.355030 1.633060 0.213158 0.304354 0.338745 
cayenne 0.268617 -0.197370 -0.890389 -0.516158 2.281339 -0.044265 -1.422569 -0.182670 -0.457569 0.420389 
vinegar 0.350985 -0.328085 -0.003987 0.568979 1.339787 0.000868 -1.756638 0.163636 1.210917 -1.104237 
cane_molasses 0.310787 -0.852161 -1.631314 0.389724 -0.263578 0.687647 -0.570571 0.729599 0.083957 -0.934633 
bell_pepper -0.594300 -0.518459 -0.106442 -0.036736 1.495802 -0.559260 -0.969638 0.148038 -0.515287 0.418330 
cinnamon 0.560438 -0.982331 -1.289311 -0.924871 -0.755407 0.963217 0.024791 1.872153 -1.193084 0.189336 
parsley -1.335652 0.699591 0.910229 -0.050416 0.706743 -0.371823 -0.049550 0.765988 0.082780 0.511064 
chicken 0.440405 -0.630190 0.330261 0.417923 1.833749 -0.568720 0.300847 -0.195250 -0.658510 0.083798 
lemon_juice 0.131756 -0.029189 0.711879 -0.402322 0.504097 0.080397 -0.154864 0.924037 1.055637 0.434011 
beef -0.359643 -0.176304 -0.185664 0.947990 1.318946 -0.172941 -1.581678 0.040740 -0.879188 -0.762910 
cocoa -0.186311 -0.624059 -1.515787 -0.508411 -0.858812 1.738236 1.752709 0.295093 0.644603 -0.007123 
corn -0.620381 -1.036885 -1.473964 0.042619 1.027423 -0.218197 -1.105939 -0.168149 0.404613 -0.159410 
bread -1.322988 -0.234171 0.307793 0.644486 0.282801 -0.105666 -0.308621 0.089006 0.401433 0.187221 
scallion 0.802718 0.929259 0.235741 -0.390167 2.568039 0.739947 -1.072116 -0.481186 -0.329819 -0.429655 
mustard -0.353334 0.407457 -0.775335 0.260468 0.759977 -0.215813 -0.906864 0.939567 1.706393 -0.889452 
ginger 2.330927 0.436218 -0.656412 -0.889388 1.871824 0.725229 -0.694007 1.267973 -1.047488 -0.519579 
basil -1.650626 -0.454363 1.515108 0.741651 1.071378 -0.252798 -0.615598 -0.498632 -0.778003 1.835392 
celery -0.536023 -0.334357 0.515106 1.431042 1.114266 -1.254265 0.360302 0.936074 -0.771190 -0.538722 
carrot 0.095710 0.401194 0.894746 0.132566 1.379777 -0.384499 0.100717 0.901609 -1.743421 -1.447668 
potato -1.272114 0.529393 0.138955 0.482958 0.846810 -0.810832 0.282839 0.974185 -1.291099 -0.895950 
chicken_broth -0.106435 -0.176666 0.798329 0.343566 1.393035 -1.039608 0.472125 1.230111 -1.960216 0.343292 
yeast -1.263373 -0.341162 -0.358239 0.001096 -0.793035 0.874350 0.206536 0.077461 0.260309 -0.397764 
rice 1.110601 0.477252 0.345071 -0.861991 2.383214 0.482868 -0.293704 -0.065709 -0.978173 -0.928497 
mushroom -0.791849 0.538503 1.119204 1.267762 1.435082 -0.025254 0.498969 -0.636390 -1.263304 0.115626 
cheese -1.941641 -0.325400 0.044098 0.181170 0.543973 0.087444 -0.616183 -0.660103 0.143732 0.995328 
soy_sauce 2.172072 0.783605 0.152094 0.186261 2.744391 1.633234 -1.756752 -0.625074 -0.843428 -1.359302 
cumin 0.322361 -1.703638 -0.860607 -1.750424 2.507843 -1.749801 -0.212440 1.159838 -0.799914 0.421535 
oregano -1.516310 -0.976540 0.508164 0.754575 1.108447 -0.462777 -1.344106 -0.461820 -0.718454 1.138859 
parmesan_cheese -2.327728 0.260697 1.607284 0.850209 0.402642 0.085136 0.095837 -0.518419 -0.675083 1.195883 
macaroni -2.121735 -0.025967 1.173328 0.321088 1.168114 -0.307411 -0.104610 -0.714704 -0.635807 1.121530 
thyme -1.004285 -0.271880 1.554898 1.851942 0.151120 -0.831983 -0.084741 1.395844 -1.786512 0.459325 
cheddar_cheese -2.091455 -0.510553 -0.849762 0.642360 1.188890 -0.573812 0.187448 -1.142429 0.185142 -0.401422 
lard -0.655661 -0.249103 -0.907180 -0.524853 -0.723563 1.156464 0.437607 0.425628 0.042622 -0.373416 
lemon 0.393908 0.118798 0.514470 -0.033373 0.301478 0.210664 0.005347 1.318741 0.711542 0.932446 
cream_cheese -0.622767 0.031406 -0.674367 0.236676 -0.107320 0.834843 0.713867 -0.126246 1.364669 0.573925 
walnut 0.314785 -1.478591 0.046631 -0.769377 -1.373936 1.591271 0.576897 1.012480 0.305476 -0.293229 
green_bell_pepper -1.082482 -0.696924 -0.570639 1.007451 1.830845 -0.968534 -0.766424 -0.415246 -0.251621 0.074561 
starch 1.394208 0.526351 -0.113137 0.450230 0.879281 1.149746 0.136831 0.112245 -0.262092 -0.269651 
nutmeg -0.128904 -0.613121 -0.756325 -0.186799 -1.102750 0.943590 0.519236 1.629206 -1.188493 0.319151 
honey 1.230542 -0.920655 0.415651 -0.041043 0.240923 0.905810 -0.749275 0.558182 0.366255 -0.955125 
apple 0.745135 -1.335415 -0.095818 0.325721 -0.688439 0.328690 0.609708 1.436533 -0.033021 -0.954612 
almond 0.552964 -0.508013 0.308753 -0.922760 -0.443737 0.897896 1.000702 1.167975 0.652818 -0.118961 
cilantro 1.061930 -0.966607 -0.507882 -1.398821 2.859921 -0.558419 -0.907934 0.238747 -0.256133 1.459016 
pecan 0.325976 -1.262748 -0.848758 -0.085500 -1.021663 1.439544 0.766383 0.739996 0.095126 0.202583 
white_wine -0.549624 0.877160 1.391894 0.328514 0.833749 -0.259458 -0.476606 1.269053 -0.426925 0.841567 
bacon -1.269777 -0.135457 0.251833 0.970250 0.619059 -0.469098 -0.212891 0.174118 -0.067935 -0.913544 
pork 0.558376 -0.461190 -0.427212 1.327879 1.088126 -0.003792 -1.707980 0.491031 -1.264741 -0.911086 
raisin 0.574841 -1.915478 -0.229092 -1.132725 -0.581899 0.648860 0.434583 1.281896 -1.006628 -0.360500 
bean -0.496182 -0.859833 -0.079928 0.194961 1.535361 -0.540529 -1.133789 -0.047085 -0.990939 -0.740761 
rosemary -1.435614 -0.918191 1.866320 1.729466 0.037219 -0.511385 -0.267280 0.594645 -1.903513 0.849095 
fish 0.799492 1.560631 0.421960 -0.808966 2.303857 1.068537 -1.392189 0.142275 -0.545777 0.633488 
cucumber 0.135974 1.212099 0.130297 -1.523955 1.654650 0.655285 -0.692297 0.159050 2.062498 -0.636273 
olive -1.635435 -0.519862 1.032605 0.251594 0.938532 -0.398465 -1.187763 -0.234695 0.779057 0.872961 
coconut 1.866853 -0.961574 -1.448132 -0.839714 1.003887 0.588061 1.745609 0.714241 -0.265795 0.301317 
orange 1.572713 -1.106260 0.637665 0.196200 -0.453565 0.942336 -0.256130 1.630725 0.797342 0.576220 
tamarind -0.661793 -0.661162 -2.167167 1.154245 0.963197 -0.440444 -2.199291 0.293029 0.801670 -1.096287 
vegetable 0.284497 0.927802 0.635948 -0.821512 1.481993 1.023836 -0.742479 0.175092 -1.659984 -1.217093 
orange_juice 2.026953 -1.528425 0.357273 0.240073 0.065872 0.657054 -0.101308 1.432056 0.296699 0.564180 
buttermilk -1.011734 -0.416996 -0.674386 -0.511626 -0.516574 0.744620 0.399966 0.246146 0.538373 -0.356460 
pineapple 2.250916 -1.078138 -0.445332 1.134355 0.520227 0.743811 0.688088 0.636755 1.031700 0.161390 
shrimp 0.577873 2.291098 -0.555993 0.174478 2.504411 0.771300 -1.083919 0.082997 -0.389487 1.177202 
coriander 1.576013 -1.355711 -0.883431 -2.476954 2.996419 -1.775776 1.271879 1.739558 -1.205562 0.446473 
bay -0.196884 0.592607 -0.332099 1.086126 1.080402 -1.317798 -0.463804 2.430119 -1.598922 0.314706 
lime_juice 1.820256 -0.847068 -0.322775 -0.917979 3.212859 -0.307409 -0.826004 -0.010499 1.286562 2.083160 
red_wine -0.284106 -0.713249 1.216946 0.468788 0.359718 -0.277040 -1.693162 1.188762 -0.126792 0.221927 
gelatin 1.352490 -0.602686 -0.008943 0.795987 -0.245757 1.766161 1.622274 0.079681 1.091071 0.345774 
pork_sausage -1.835547 -0.131320 0.014070 2.525014 0.369463 -0.415133 -0.875721 0.088729 -1.797278 0.824186 
sesame_oil 2.575101 1.228908 0.808612 -0.442253 3.382623 2.229444 -2.169965 -0.882985 -1.301195 -1.526946 
chive -1.368893 1.626397 0.118874 -0.835370 0.085258 0.131054 0.331868 1.317662 1.815772 -0.050492 
seed 0.019425 -0.625779 0.414008 -0.408195 0.042787 -0.249473 -0.455526 1.521423 0.970571 -1.846075 
mozzarella_cheese -3.162052 -0.447940 1.117500 1.179782 -0.003858 0.422483 -1.190425 -1.351840 -0.489385 1.513024 
ham -1.435115 0.573831 0.708441 1.324353 0.290769 -0.135474 -0.227495 0.258622 0.548571 -0.224299 
oat 0.382469 -1.649860 -1.014552 -0.986157 -1.175699 1.991714 1.126138 0.390177 -0.492464 -1.648787 
turmeric 2.328023 -1.160079 -0.518959 -1.734248 3.729778 -2.195999 2.481676 1.660420 -1.698902 0.369940 
nut 0.281336 -0.571238 1.223493 -0.929511 0.061473 1.142233 -0.188465 0.164905 -0.520315 -0.803730 
shallot 0.215570 1.002664 2.052901 0.571528 0.783382 -0.143247 -0.255680 1.820281 -0.489510 1.185928 
lettuce 0.026631 -0.636704 1.212786 -0.563234 1.573945 -0.063308 -1.096328 -0.293587 2.046062 -0.281561 
cider 0.441593 -1.088572 -0.232988 0.433860 0.478437 -0.533287 -1.380313 1.372776 0.975019 -1.580311 
dill -0.926463 0.766326 0.674264 0.062088 0.962454 -0.640391 0.032017 0.928110 1.426255 -0.702345 
pea 0.009905 0.310848 0.667395 -0.076478 2.073980 -0.650781 0.450933 0.242835 -0.816079 -0.558348 
zucchini -1.577196 -1.136352 0.417574 -0.959317 0.536658 -0.705977 0.534248 0.463269 -1.306736 0.490167 
cherry 0.985271 -1.662248 -0.278345 -0.004414 -1.069963 1.420531 0.737887 1.092367 0.844141 0.695593 
lime 1.908472 -0.586931 -0.527089 -0.423318 2.300632 0.036794 -0.182610 0.286103 1.373686 1.891695 
yogurt 0.871219 -0.913797 0.665702 -1.358707 0.945502 -0.183322 0.630611 1.037869 0.939278 0.091607 
strawberry 2.055031 -0.532639 1.413914 0.780150 -0.506146 2.610552 1.573111 0.219321 1.914278 1.310577 
soybean 1.494281 0.930369 0.626399 -1.180020 2.380181 2.100323 -1.569611 -0.642119 -1.848567 -1.705123 
celery_oil -0.221730 -1.395837 -2.456110 1.864502 1.187400 -0.039089 -3.291036 -0.494386 0.925823 -1.391044 
peanut_butter 1.113325 -0.691852 -1.033348 -1.067862 1.217329 1.859152 1.938309 -1.706380 -0.001587 -1.595369 
banana 1.534630 -0.958855 0.099411 0.078784 -0.202556 1.666445 1.441695 0.160802 0.731642 0.229608 
meat -0.315714 -0.519690 0.241381 1.606477 0.383578 -0.079914 -1.227105 0.508275 -1.132123 -0.358733 
tabasco_pepper -0.275601 -0.222854 -1.385396 1.461616 1.476571 -0.531584 -1.812726 0.128407 0.994636 -0.284799 
milk_fat -0.637668 0.748614 -0.189351 -0.105602 -0.902761 1.060772 0.771404 1.347343 -0.231331 1.067092 
cabbage 0.455504 -0.061350 0.180309 0.468891 1.472638 -0.348467 -0.671148 0.618249 -0.433555 -2.237436 
mint 1.173607 -0.483652 1.192341 -1.444425 1.302705 0.112931 -0.026053 1.078013 0.688043 1.498159 
fennel -1.902811 -0.295925 0.933123 0.007189 -0.173961 -0.518815 -1.228755 1.868823 -2.184210 1.458327 
sage -1.010271 -1.031331 1.042810 2.536631 -0.184543 -1.123599 0.710042 1.307683 -2.056166 0.337239 
broccoli -1.003906 -0.204736 0.933881 0.131561 1.784929 -0.368565 1.338242 -1.236048 -0.389985 -0.852623 
turkey -0.659992 -1.233218 0.782702 1.442732 0.522882 -0.561845 -0.133611 -0.050874 -0.578906 -0.404600 
fenugreek 1.468060 -1.338708 -1.369988 -2.956255 3.360563 -1.960033 1.268519 1.821037 -1.245383 0.783902 
cranberry 1.103172 -1.704760 0.663211 1.445582 -1.297355 0.949228 -0.143617 1.451864 0.387174 -0.343504 
wine 1.045223 0.409148 1.054866 0.698512 1.131401 0.428831 -0.596303 0.590494 -0.185140 0.126973 
beef_broth -0.141399 0.498508 0.075027 1.253980 0.978177 -0.049268 -1.540902 1.045426 -2.139484 -1.054415 
grape_juice -0.260809 -0.856648 2.171038 0.128829 0.396591 -0.032620 -1.294071 0.777683 0.121943 0.386172 
pumpkin 0.665178 0.826733 -0.849737 -0.798000 -0.069266 1.993386 -0.079522 0.667951 -1.862787 -1.016875 
raspberry 1.058674 0.040884 1.311659 0.754557 -1.067442 2.260946 1.067257 0.541090 1.573568 0.911653 
whole_grain_wheat_flour -0.979665 -1.255273 0.259231 -1.159114 -0.990939 1.355844 -0.016630 -0.060390 0.065353 -1.664817 
lemon_peel -0.017681 -0.078087 1.258777 -0.550429 -0.695919 0.733949 0.945625 1.439241 0.079569 1.271393 
coffee -0.277945 -0.013421 -1.729389 -0.536891 -0.930065 1.584509 0.588636 0.842706 0.632593 0.646500 
sesame_seed 1.330784 0.347167 0.728333 -1.666049 1.696358 1.511414 -0.856508 -0.292885 0.221432 -1.721354 
avocado 0.254695 -0.876262 0.254720 -0.759247 2.308217 -0.110571 -1.871813 -0.572736 2.282620 1.021831 
sherry 0.349342 0.411512 0.837452 0.277760 0.600809 0.092823 -0.359491 1.165740 -0.305850 0.246984 
sake 2.404291 1.899096 0.684411 0.329072 2.562799 2.537930 -2.403824 -0.381815 -0.855227 -1.997156 
feta_cheese -1.388000 -1.220263 2.130600 -0.931985 0.671093 0.016424 -0.836742 -0.418728 1.289089 1.101160 
apricot 0.989466 -1.589894 0.200681 -0.020505 -0.811552 0.344729 0.411578 2.031771 -0.268563 0.437499 
roasted_sesame_seed 0.869004 1.984143 0.951387 -2.356555 3.045054 2.354904 -2.142643 -0.751783 -1.601558 -1.629972 
rum 1.508035 -0.880131 -1.133438 -0.139322 -0.411948 1.652099 0.664055 1.122688 0.880021 1.859099 
orange_peel 1.026979 -0.869385 0.840859 -0.205092 -1.238611 1.259698 -0.097409 2.032410 0.275619 0.321320 
squash -1.149207 -1.196965 0.333305 -0.583135 0.269594 -0.596918 0.412335 0.948829 -2.364564 -0.089533 
crab -0.064054 2.433770 -1.317270 0.740887 1.912360 -0.072083 -0.133031 0.729467 1.060176 1.002741 
marjoram -1.095649 -1.383234 1.763017 2.541159 -0.145302 -1.221154 0.185461 1.148443 -1.728521 -0.254318 
swiss_cheese -2.167713 0.704202 0.221073 1.803650 0.055031 -0.110370 0.827561 -0.348036 0.822095 -1.113186 
sweet_potato 0.829295 -1.239118 -0.912683 -0.750643 0.160179 -0.069334 0.129059 2.067440 -2.066439 -0.545494 
shiitake 1.017041 2.675206 2.069258 0.830978 1.964930 2.257214 -0.954095 -0.542695 -2.340443 -0.713622 
radish 0.886737 1.951405 1.839669 -1.728325 2.330251 2.087658 -2.135629 -0.185481 0.201395 -1.433540 
peach 1.859878 -0.991087 -0.139865 0.329952 -0.084056 1.275047 0.345084 1.065992 0.564425 1.138405 
tarragon -0.692238 1.160732 1.958474 0.223218 0.622709 -0.418401 0.010130 1.498243 1.020216 0.139019 
black_bean -0.233342 -1.845513 -0.564523 -0.559074 2.788474 -0.736210 -1.689626 -0.914675 -0.589162 0.402766 
lamb 0.274000 -1.494085 1.810180 -1.015321 0.511135 -0.940943 -0.646734 2.471424 -1.706399 0.611391 
maple_syrup 0.384266 -0.852211 -0.675271 0.018940 -0.539863 0.846147 0.002960 0.914945 -0.450963 -0.915660 
pear 1.606074 0.023288 1.252658 -1.071500 -0.066888 1.592947 -0.881491 1.283129 0.172713 -0.576373 
fruit 1.785991 -1.245682 0.518625 0.336236 -0.663258 1.605095 0.947634 1.027107 0.376683 0.298622 
blueberry 1.571559 0.035073 1.821452 0.504187 -1.238055 3.118458 1.833288 0.231555 1.509121 0.612000 
clam -0.067939 3.618548 0.364680 0.352500 2.357728 0.569096 -0.869862 1.400245 -2.091665 1.563340 
smoke -0.986449 0.052170 0.263842 1.618128 0.364363 -0.566508 -1.255749 0.996499 -0.006477 -0.790673 
tuna -0.385221 0.444392 0.769822 -0.207717 1.954293 0.148233 -0.606862 -0.800899 1.702758 -0.441981 
kidney_bean -1.303076 -2.239524 -0.619815 0.114794 2.084569 -1.206834 -1.986078 -0.567393 -1.598291 -1.189648 
peanut 2.139593 -0.694163 -1.277329 -0.849366 2.353489 0.847438 0.929802 -0.919717 0.005381 -1.325536 
asparagus -0.852497 1.152990 1.491205 0.179138 0.976942 0.038329 0.543303 0.338263 -0.000837 0.271920 
salmon 0.640313 0.892441 0.992130 -0.179806 1.235626 0.393068 -0.512761 0.719463 0.819451 0.027978 
leek -0.481737 1.459988 1.947397 0.307292 0.556969 -0.832964 1.052527 2.624460 -2.041832 -0.266941 
chickpea -0.589687 -1.878510 0.707665 -2.525425 1.601354 -1.275331 -0.816117 1.364797 -1.381630 -0.141447 
blue_cheese -0.902975 -0.399818 1.404314 0.962239 -0.106124 0.221483 -0.834931 0.203064 1.656020 -0.051392 
brandy 0.319487 0.401653 -0.528421 1.355038 -1.920816 1.588689 -1.137481 2.847500 1.228163 1.269364 
artichoke -1.933448 0.374263 1.884878 -0.093170 0.666227 -0.115492 -0.421245 0.123311 0.374209 1.308295 
horseradish -0.276455 0.730904 -0.853160 1.285923 0.828537 -0.411595 -1.315345 1.109549 2.231623 -1.278040 
mango 2.404213 -0.771241 0.056716 -1.038438 2.202324 0.000035 0.368890 0.754302 1.079337 1.512868 
date 0.835381 -2.162348 -0.371663 -0.523527 -1.717748 1.454856 0.242435 1.940871 -0.648276 -0.220776 
cardamom 1.497173 -1.298373 -0.354000 -1.993382 0.082510 0.012692 0.620443 3.002486 -1.415229 0.050525 
white_bread -1.251453 -0.183900 0.757541 1.249267 -0.334721 -0.069118 0.138095 0.597691 0.138308 0.082563 
oyster 1.268282 1.951372 0.773205 0.756848 2.311087 1.204693 -0.568621 -0.062970 -2.068542 -0.527427 
cottage_cheese -2.243883 -0.958592 0.158537 0.528032 0.166124 0.122073 0.478288 -1.368708 1.184698 0.695247 
grape 2.206240 -1.334493 1.879703 0.509769 0.730278 0.002256 1.051478 1.247607 1.871140 -0.643399 
brown_rice 0.388367 -1.130729 0.862200 0.554148 1.689921 -1.004100 1.258774 0.038676 -1.235723 -0.757648 
cauliflower -1.151446 -0.058310 1.036068 -1.203964 1.665612 -1.139720 1.480484 0.347185 -0.337483 -1.318819 
cured_pork -2.550478 -0.197430 2.348313 1.772907 -0.342965 0.476697 -1.323123 -0.299906 -1.366477 1.316433 
egg_noodle -0.999581 0.080136 -0.094764 2.016068 1.413264 -0.394767 0.662724 -0.989413 -0.132540 -0.593297 
beer -0.266423 -0.150092 -1.733075 1.412241 0.938408 -0.673616 -1.259699 1.161951 -0.646828 -0.245573 
hazelnut -0.251134 -0.045664 0.397981 -0.683453 -1.682213 1.668795 0.131578 1.690196 0.130723 0.485486 
mandarin 2.181487 -1.675744 1.232611 1.165231 0.504081 1.230477 1.025105 -0.491759 2.123498 -0.024520 
romano_cheese -1.999893 0.251047 1.610376 0.557519 0.357540 0.163652 -0.488382 0.025594 -0.992901 1.706922 
plum 1.084677 -1.344504 0.414698 -0.233256 -0.712733 0.336272 -0.575862 2.415776 -0.552155 -0.180924 
pimento -1.434294 -0.102171 0.266293 0.389055 1.604274 -1.203735 0.237524 -0.128423 1.048661 0.205052 
smoked_sausage -1.479134 -0.399155 -1.060204 1.769484 1.070853 -1.560557 -0.715991 1.203266 -1.202478 -1.409334 
scallop -0.104039 2.788133 0.933215 -0.487167 1.872106 0.073188 -0.052556 1.685073 -0.624594 2.239138 
goat_cheese -1.654684 -0.106358 2.244456 -0.652818 -0.597186 0.485282 -1.131805 0.946211 0.846803 0.084926 
lentil -0.404202 -1.391083 0.781299 -1.682499 1.716756 -1.457010 0.373723 1.293737 -2.410885 -0.875934 
currant 0.360867 -1.882133 0.184151 -0.124607 -1.626394 0.626527 -0.525499 2.330478 -0.470414 0.495471 
saffron -0.158409 0.411053 1.148752 -1.643076 0.664605 -0.529565 0.324304 2.777754 -2.331687 1.641071 
barley 0.628569 -0.373224 1.969659 0.350707 1.115495 0.314442 0.174793 0.085250 -1.236903 -2.562670 
caraway -1.101414 0.212918 -0.719292 0.688405 -0.471765 -1.848621 -0.200131 3.864537 1.131839 -3.112884 
beet -0.250915 -0.360313 1.680565 -0.289729 -0.206439 -0.371475 -1.425093 2.434908 1.296469 -1.441044 
squid 0.992796 3.857234 0.818014 -0.572547 2.927831 2.550767 -1.478057 -0.218527 -2.173153 0.810107 
corn_flake -0.383199 -0.435585 -0.869054 0.531016 0.493336 0.300142 1.686862 -0.578748 -0.237965 -0.885451 
anise 0.386602 0.967009 -0.002863 -1.065256 -0.750540 1.657297 -0.634966 1.984687 -1.254977 0.704405 
roasted_beef -0.705818 -0.136105 -0.319898 1.558223 0.487996 -0.310690 -1.344352 0.573169 -0.296121 -0.601071 
pistachio 0.634466 -0.695960 0.584774 -1.105207 -0.843381 0.824476 1.134462 2.153240 0.596493 0.737562 
peanut_oil 2.038337 0.360560 -0.316553 -0.284325 3.307248 0.262118 0.012516 -0.530150 -0.780043 -0.481773 
cereal -0.142615 -1.620181 0.631741 -0.900186 -0.493908 2.065113 1.576646 -1.191555 -0.449948 -2.810609 
cashew 1.833354 -1.002976 0.953387 -1.009801 1.636216 -0.193652 1.503608 0.592797 -0.420787 -0.984044 
veal -1.112984 0.474563 2.225917 2.108532 -0.532053 -0.141760 -0.411286 1.563674 -1.538401 0.779940 
seaweed 0.606545 2.613553 1.288798 -1.726048 2.457180 3.146142 -1.999714 -1.278265 0.563362 -1.558218 
turnip -0.553483 -0.034191 2.336018 -0.491622 -0.261370 -1.042005 0.710429 3.643555 -2.854607 -2.480894 
sauerkraut -1.501935 1.488986 -1.137125 3.818962 -0.810986 -0.295978 -1.023051 2.071769 0.918900 -3.217910 
berry 1.220745 -0.624422 1.627919 1.980613 -1.376808 1.798994 2.054156 1.011296 0.701915 -0.237971 
kelp 1.861584 3.510720 1.312111 -1.698438 3.302177 3.647998 -1.906464 -0.701982 -1.667532 -0.956686 
tomato_juice -1.072338 -0.598308 -0.895996 0.939345 1.348492 -0.873116 -1.579191 0.282570 -0.484781 -0.667233 
cod -0.125056 1.596006 -0.246241 -0.153947 1.814097 -0.432617 -0.082738 1.140972 -0.828990 0.441880 
provolone_cheese -3.037309 -0.381535 1.585093 1.588854 -0.396830 0.803247 -1.515058 -1.176263 0.253344 1.764130 
mussel 0.182959 3.890307 0.512395 -0.704795 2.753717 -0.101466 -1.440089 2.999232 -2.842251 2.390762 
blackberry 0.805793 -0.077112 1.139676 1.312326 -1.980580 2.987590 0.888945 0.772169 0.826776 1.431882 
roasted_peanut 2.569092 -1.238283 -0.463237 -1.508758 2.836254 0.743867 0.549076 -1.054765 -0.307584 -0.780244 
rhubarb 0.712009 0.107798 0.032617 0.855338 -1.541653 2.581975 1.376342 0.624187 0.400872 0.589612 
chinese_cabbage 2.621691 3.156883 1.561823 -0.927563 3.991012 2.732246 -3.273849 0.129379 -2.199701 -1.208391 
corn_grit -1.250854 0.087243 -1.074237 0.690213 1.260469 -0.628150 -0.925272 0.315989 -0.705055 1.154446 
chicory -0.260964 0.596939 4.181501 0.235085 -0.243281 0.918485 -1.510899 1.265962 1.282288 -0.673740 
bourbon_whiskey 1.152686 -0.152073 -3.693062 2.737245 -0.802655 1.684118 -1.019757 1.342153 -1.194743 1.186338 
citrus 1.410358 -0.254044 0.209710 0.014690 -1.331970 1.238835 -0.069770 3.193829 1.085186 1.198561 
lima_bean -1.214075 -1.285349 -1.008127 0.683960 1.551990 -2.209359 -0.949393 1.476930 -0.800445 -1.201167 
lovage -0.532473 3.864438 -4.533885 1.060938 1.170539 -0.376694 -1.889915 3.174933 -0.321947 1.006530 
melon 3.072515 -1.869701 1.791956 -0.225368 1.347004 1.285548 0.039770 0.227981 1.783270 1.478504 
parsnip 0.172296 0.032395 1.620379 0.579334 0.395756 -1.552929 1.110354 3.413603 -2.427219 -2.296255 
fig -0.346739 -1.513349 1.143842 -0.213113 -2.394845 1.215569 -1.085843 2.600988 -0.048785 1.251063 
lemongrass 3.360461 0.638943 0.015767 -2.125284 4.808740 -0.055035 0.380169 0.359967 -1.420434 1.954468 
whiskey -0.593725 -2.009018 -2.812303 -1.322872 -1.142372 0.672076 -2.742131 2.213891 1.611601 1.150799 
watercress 0.591182 -0.021324 2.148467 -0.614889 0.873691 0.081467 -1.201782 1.437317 0.969854 -0.109612 
tequila 2.499139 -0.763865 -1.524460 1.488334 1.808297 0.995325 -1.975635 0.164195 1.769395 2.947254 
rye_flour -2.409064 0.174942 0.035052 0.185150 -2.389700 1.088965 -1.068972 1.733232 1.161723 -3.529897 
peppermint -0.262386 0.977107 -0.672136 -1.499735 -0.190271 1.904516 1.306094 0.110207 1.792089 0.129750 
savory -0.942202 -0.547130 1.620026 0.674984 0.020846 -0.596729 -0.522341 1.740719 -2.524166 0.461653 
lobster 0.152720 3.002275 0.197337 0.612862 1.100033 0.106585 -0.207182 2.292574 -0.590484 2.835114 
roasted_pork 0.565013 -1.278589 -0.367261 2.130369 0.019877 -0.444648 -1.674024 1.541024 -1.202098 -1.020845 
mace 0.710285 -0.836797 -0.705898 -0.857927 -0.956238 0.713873 -0.412219 2.669186 -1.500255 0.105695 
endive -1.401575 -0.358495 3.238476 -1.024652 -0.336324 -0.314025 -1.599146 2.229771 0.239171 0.086639 
brassica -0.344437 0.740688 1.405580 -0.834070 0.753446 0.355486 -1.691097 1.753541 -1.470907 -1.769423 
grapefruit 2.337502 -1.430655 1.196833 0.526018 0.651556 0.652303 -0.829283 1.173087 2.172842 0.892833 
enokidake 1.016684 4.112998 0.904610 0.436940 2.380799 4.344281 -2.970369 -1.060620 -2.387733 -1.954351 
porcini -1.791984 1.315669 2.674666 1.547642 -0.422878 0.152973 0.572041 1.411851 -2.842318 0.835117 
kiwi 2.799614 -0.707247 1.677377 0.275035 0.559192 2.067983 1.254457 0.051266 1.993996 0.474942 
wasabi 0.772742 3.361741 0.815077 -0.549618 2.699425 2.110493 -1.780407 -0.377819 1.839225 -1.937041 
watermelon 2.353662 -0.038759 1.575622 -0.341943 1.090180 0.747042 -0.136432 1.728692 2.922366 1.953118 
lime_peel_oil 2.396859 -0.184713 0.254556 -0.609664 2.334071 0.139819 -0.210386 0.791261 1.898000 2.084525 
okra 0.046841 -0.268239 -1.037729 0.176729 2.074383 -1.265039 -0.776436 1.271389 -1.557101 0.350903 
macadamia_nut 0.991900 -0.922081 -0.804950 -0.869858 0.304052 1.357715 1.245660 -0.111176 0.625488 0.272600 
smoked_salmon -1.317551 2.418435 1.636805 -0.595864 0.690464 0.200350 -0.057116 1.423170 2.864236 -0.561596 
kale -1.204456 0.294990 1.874486 0.023315 0.958282 -0.919462 -0.393974 1.627927 -2.222306 -1.202491 
popcorn 0.032387 -1.467336 -0.938510 -0.898588 1.054541 0.792227 1.525273 -1.407508 0.024068 -0.766014 
rye_bread -2.580281 0.305227 -0.202926 2.363216 -0.532419 -1.026373 -0.475396 1.301829 2.611973 -1.976865 
star_anise 2.623983 0.033581 0.649669 -0.941131 1.086487 1.055718 -1.054172 1.885135 -1.574884 0.521289 
brussels_sprout -1.266838 -0.117651 1.332657 0.087567 -0.004712 -0.444943 0.415790 1.151073 -0.294035 -1.315886 
tea 1.529864 -0.399110 -0.041952 -0.292106 -0.017471 0.754595 0.691535 1.629177 0.384919 0.619489 
thai_pepper 3.602674 -0.229090 -1.560584 0.128938 5.138656 0.579046 0.128206 -1.725134 -1.112236 1.878895 
champagne_wine 0.847719 0.619418 1.960003 0.585614 -0.211892 0.640722 -0.730143 1.952491 1.899240 0.435093 
anise_seed 0.373853 -0.863734 0.524900 -1.507024 -0.576781 0.431447 -0.107831 2.044789 0.714270 -0.165774 
yam 1.622407 -1.078940 -0.087516 -0.394336 0.364654 0.004909 1.057531 2.285940 -2.657306 -1.157130 
bitter_orange 0.794974 -1.350056 0.773978 0.966030 -1.488387 -0.008226 2.259081 4.205056 1.304017 4.252408 
wheat_bread -0.769133 -1.031203 0.801290 0.836143 0.594246 0.016333 0.136121 -0.738107 1.256158 -1.281094 
