224 5
</s> 0.080054 0.088388 -0.076605 -0.065561 0.027332 
egg 0.507663 0.978209 0.042821 0.305412 1.126161 
butter 0.487913 1.077676 0.171526 0.171926 1.130242 
wheat 0.421606 1.008224 -0.055703 0.234184 1.212314 
onion 0.919067 1.240625 -0.350278 0.176368 -0.049047 
garlic 0.806769 1.370857 -0.267186 0.513313 -0.318116 
milk 0.475580 1.022643 0.112792 0.064821 1.451963 
vegetable_oil 0.573423 1.070119 -0.443527 0.513540 0.304699 
cream 0.763445 0.801651 0.022389 0.378523 1.050380 
tomato 1.453494 1.095037 -0.329132 0.118987 -0.209651 
olive_oil 1.394978 1.028270 0.081138 0.406507 -0.038678 
black_pepper 0.771888 1.356514 -0.060613 0.437219 -0.125389 
pepper 0.953175 1.169541 -0.642597 0.100869 -0.033947 
vanilla 0.053348 0.992183 -0.136560 0.558221 2.208956 
cayenne 0.705516 1.248569 -0.718689 0.760634 -0.328379 
vinegar 0.882564 1.016688 -0.553344 0.491076 0.059198 
cane_molasses 0.245368 1.104889 -0.720197 -0.019647 1.067131 
bell_pepper 1.122295 1.186357 -0.356696 0.321768 -0.235698 
cinnamon 0.078925 1.094828 -0.494271 0.281625 1.438887 
parsley 1.051623 1.233769 0.432635 0.260099 0.206484 
chicken 0.768935 1.145421 -0.567939 0.274688 0.079347 
lemon_juice 1.031257 0.640736 -0.163458 0.828754 0.581477 
beef 0.757553 1.434395 -0.346543 0.143850 -0.186486 
cocoa -0.031329 1.130033 -0.080188 0.352534 2.197576 
corn 0.904496 1.025333 -0.702078 -0.021190 0.299176 
bread 1.170146 1.032406 0.018429 -0.014793 0.385234 
scallion 0.395808 1.412308 -0.364225 1.193096 -0.292066 
mustard 0.931571 0.940922 -0.427069 0.199764 0.410122 
ginger -0.125034 1.437529 -0.636594 1.115597 0.204577 
basil 1.599037 1.205548 0.460568 0.151472 -0.070533 
celery 0.754312 1.563662 -0.122800 -0.221824 0.011104 
carrot 0.261599 1.783212 -0.267900 0.188135 -0.169836 
potato 0.594712 1.666894 -0.098283 -0.151468 -0.011499 
chicken_broth 0.715364 1.449652 -0.012106 0.068800 0.059706 
yeast 0.720812 1.029320 0.027701 -0.264559 1.238025 
rice 0.120347 1.619221 -0.381562 0.861882 -0.159266 
mushroom 0.771244 1.499843 0.208404 0.107695 0.014392 
cheese 1.379819 0.891620 0.082631 0.056356 0.384606 
soy_sauce -0.015194 1.702896 -0.563251 1.312025 -0.272292 
cumin 0.841892 1.113158 -1.351221 0.337307 -0.157229 
oregano 1.537098 1.192286 -0.050907 0.016383 -0.234360 
parmesan_cheese 1.529694 1.186770 0.704864 0.031489 0.219931 
macaroni 1.600053 1.172570 0.510723 0.161599 -0.028186 
thyme 0.902057 1.681039 0.476510 -0.307014 0.129279 
cheddar_cheese 1.255119 1.138198 -0.160755 -0.395314 0.308981 
lard 0.198864 1.180886 -0.070514 0.050587 1.441317 
lemon 0.906552 0.655255 -0.054840 0.910736 0.725455 
cream_cheese 0.804778 0.669966 -0.034778 0.445652 1.305250 
walnut 0.280683 0.899230 -0.313621 0.369053 1.844170 
green_bell_pepper 1.214529 1.303154 -0.501740 -0.116602 -0.250059 
starch 0.086424 1.197104 -0.212659 0.779120 0.657402 
nutmeg 0.241507 1.091525 -0.163264 0.192807 1.375739 
honey 0.346292 0.894142 -0.731348 0.673247 0.839444 
apple 0.544819 0.797140 -0.902655 0.087882 1.329877 
almond 0.461328 0.713771 -0.417211 0.659324 1.436307 
cilantro 0.975946 0.949010 -1.166393 0.884644 -0.275935 
pecan 0.266493 0.879510 -0.387591 0.358359 1.910901 
white_wine 1.124040 1.123959 0.483519 0.671879 0.080772 
bacon 1.005869 1.289969 -0.095637 -0.195253 0.193597 
pork 0.452324 1.460304 -0.469863 0.366053 -0.107579 
raisin 0.166866 0.979882 -0.792806 0.241632 1.554785 
bean 0.955485 1.429029 -0.576430 -0.019729 -0.302510 
rosemary 1.244968 1.538998 0.592104 -0.375534 0.176178 
fish 0.563312 1.338309 -0.145929 1.441977 -0.329327 
cucumber 0.723481 0.851542 -0.298914 1.135499 0.223970 
olive 1.680444 0.886496 -0.080946 0.304399 -0.080744 
coconut -0.060511 0.937700 -1.090069 0.967984 1.182349 
orange 0.616574 0.563811 -0.544464 0.973451 1.265790 
tamarind 0.912904 1.122205 -0.742709 0.005253 0.093932 
vegetable 0.059158 1.803876 -0.133164 0.848208 -0.242992 
orange_juice 0.607738 0.569517 -0.632195 1.015067 1.093610 
buttermilk 0.621885 0.916448 -0.195834 -0.114668 1.430470 
pineapple 0.617361 0.460654 -0.997245 1.012166 1.320671 
shrimp 0.725815 1.520763 0.110374 1.308704 -0.543031 
coriander 0.401221 1.307469 -1.691155 0.437880 -0.052946 
bay 0.634191 1.763276 0.061274 -0.146199 -0.130584 
lime_juice 1.062368 0.609154 -1.196912 1.411130 -0.020099 
red_wine 1.146248 1.030110 -0.137767 0.291980 0.116110 
gelatin 0.500238 0.594515 -0.471164 0.886283 1.946178 
pork_sausage 1.407959 1.381053 0.093490 -0.459248 0.070155 
sesame_oil -0.138410 1.872658 -0.446717 1.585097 -0.332326 
chive 0.916950 0.895462 0.402951 0.637059 0.659028 
seed 0.902272 0.878293 -1.094122 -0.190464 0.672966 
mozzarella_cheese 1.875512 1.077322 0.655627 -0.200971 0.293240 
ham 1.298737 1.113974 0.102409 -0.212142 0.363812 
oat -0.330450 1.360921 -0.809816 -0.007948 2.097794 
turmeric 0.371982 1.318842 -1.728518 0.414070 -0.037010 
nut 0.151838 1.192394 -0.132980 0.671173 0.711626 
shallot 0.984142 1.057209 0.319969 0.857970 0.128243 
lettuce 1.271835 0.717237 -0.517343 0.857499 -0.020460 
cider 0.905012 0.901654 -1.005500 0.001472 0.428991 
dill 1.197301 0.898878 -0.250343 0.342398 0.197056 
pea 0.580814 1.581816 -0.263909 0.218781 -0.215206 
zucchini 0.912147 1.334074 -0.058433 -0.062485 0.124874 
cherry 0.397108 0.633041 -0.405591 1.062410 1.921068 
lime 0.847801 0.537562 -1.010716 1.563715 0.325968 
yogurt 0.890835 0.545013 -1.115626 0.638521 0.739889 
strawberry 1.056509 0.177887 -0.480534 1.238974 2.050182 
soybean -0.223824 1.909872 -0.385469 1.334392 -0.245335 
celery_oil 0.930094 1.127015 -1.016082 -0.131293 0.091500 
peanut_butter -0.698565 1.538229 -0.856339 0.646232 1.258901 
banana 0.292092 0.679294 -0.863131 0.818870 1.727415 
meat 0.991286 1.335048 -0.081665 -0.189363 0.147064 
tabasco_pepper 1.047269 1.057674 -0.676085 0.120626 0.035697 
milk_fat 0.619118 0.921587 0.422212 0.377668 1.334724 
cabbage 0.527296 1.481785 -0.718561 0.173523 -0.161533 
mint 1.067474 0.518090 -0.582346 1.065100 0.467176 
fennel 1.427245 1.298196 0.402266 -0.128243 0.098880 
sage 0.796969 1.776967 0.323468 -0.780955 0.386234 
broccoli 0.818450 1.334522 -0.045005 0.055864 0.107403 
turkey 0.988426 1.252439 -0.251803 -0.275789 0.259146 
fenugreek 0.374698 1.324452 -1.835763 0.406098 -0.042189 
cranberry 0.969102 0.468873 -0.658469 0.259450 1.620406 
wine 0.662674 1.061688 -0.020295 0.869480 0.223306 
beef_broth 0.414781 1.889096 -0.095623 0.136481 -0.371316 
grape_juice 1.394050 0.708202 -0.005616 0.515351 0.351611 
pumpkin -0.508170 1.658951 0.034290 0.759669 0.838227 
raspberry 1.157001 0.263389 -0.122170 0.899616 2.092908 
whole_grain_wheat_flour 0.472334 1.014544 -0.716109 -0.337604 1.365742 
lemon_peel 0.907433 0.648478 0.281203 0.762588 1.135244 
coffee 0.086921 1.112829 0.165559 0.428088 1.911517 
sesame_seed -0.041209 1.443415 -0.490805 1.038989 0.147273 
avocado 1.559606 0.497210 -0.840533 1.174264 -0.135224 
sherry 0.645696 1.161754 0.095934 0.606207 0.307804 
sake -0.156707 1.965412 -0.155011 1.619742 -0.306275 
feta_cheese 1.780073 0.636620 -0.087356 0.544408 0.079463 
apricot 0.401492 0.808449 -0.656481 0.397584 1.490497 
roasted_sesame_seed -0.142937 2.049453 -0.415710 1.603359 -0.486507 
rum 0.227127 0.653555 -0.624733 1.172917 1.842718 
orange_peel 0.645167 0.625988 -0.229381 0.748815 1.511292 
squash 0.812489 1.336114 -0.241372 -0.215548 0.256029 
crab 0.756883 1.247617 0.296135 0.784278 0.023001 
marjoram 0.815060 1.820217 0.334586 -0.756483 0.288005 
swiss_cheese 1.294748 1.071904 -0.049061 -0.664221 0.770923 
sweet_potato -0.026566 1.347619 -0.657637 0.145058 0.817901 
shiitake -0.060610 2.038325 0.344824 1.190776 -0.282581 
radish 0.317457 1.551107 -0.196728 1.712035 -0.379527 
peach 0.755397 0.372794 -0.909217 0.929745 1.489653 
tarragon 1.097533 1.000508 0.447031 0.718166 0.249998 
black_bean 1.333122 1.085681 -1.120731 0.470286 -0.562310 
lamb 0.840052 1.201421 -0.426946 0.106576 0.127615 
maple_syrup 0.279134 1.049803 -0.720636 -0.007671 1.219698 
pear 0.199567 0.920753 -0.274351 1.351638 0.746939 
fruit 0.491117 0.546981 -0.672367 0.952839 1.783044 
blueberry 1.120707 0.248732 -0.404373 0.827536 2.233916 
clam 0.611786 1.795073 0.793679 1.366804 -0.444336 
smoke 1.233480 1.203484 -0.342555 -0.255411 0.075948 
tuna 0.995792 1.036686 -0.074302 0.929886 -0.128645 
kidney_bean 1.432641 1.492198 -0.956624 -0.372816 -0.613094 
peanut -0.415337 1.391709 -0.981105 0.836850 0.728004 
asparagus 1.040001 1.150082 0.412553 0.462254 0.205266 
salmon 0.802747 0.891718 -0.140597 1.139157 0.160171 
leek 0.554147 1.850558 0.597199 0.034792 0.010795 
chickpea 1.002118 1.217872 -0.942726 0.319624 -0.339051 
blue_cheese 1.488121 0.551632 -0.025068 0.431554 0.635066 
brandy 0.614702 0.662372 0.075206 0.870073 1.539306 
artichoke 1.654183 0.899655 0.503922 0.445112 0.169804 
horseradish 1.042142 0.933117 -0.513786 0.099676 0.353221 
mango 0.875197 0.485673 -1.397398 1.243636 0.470807 
date -0.028277 1.010306 -0.717018 0.498443 2.088825 
cardamom 0.143116 1.046954 -1.061653 0.321310 1.001243 
white_bread 1.024005 1.207839 0.355543 -0.261215 0.657500 
oyster 0.104187 1.875469 0.065265 0.987160 -0.335142 
cottage_cheese 1.589586 0.717499 0.322599 -0.049957 0.785440 
grape 1.087173 0.270013 -1.205495 0.806648 1.110825 
brown_rice 0.454105 1.450588 -0.565921 -0.057266 0.153014 
cauliflower 0.769867 1.363890 -0.352124 -0.028480 0.045190 
cured_pork 1.862865 1.221687 0.794159 -0.176972 0.190380 
egg_noodle 0.971831 1.322383 -0.063954 -0.228858 0.220104 
beer 0.848636 1.325216 -0.592576 -0.217151 0.094967 
hazelnut 0.419724 0.940248 0.382513 0.581441 1.552628 
mandarin 0.925986 0.251102 -0.971310 1.106189 1.326438 
romano_cheese 1.551343 1.132926 0.796133 0.211776 0.212088 
plum 0.471905 0.853377 -0.575390 0.400966 1.113672 
pimento 1.466398 0.942266 -0.230192 0.143763 0.022347 
smoked_sausage 1.118431 1.669614 -0.623748 -0.852763 -0.112940 
scallop 1.017340 1.291648 0.802212 1.223909 -0.127075 
goat_cheese 1.595413 0.623733 0.326774 0.420810 0.616758 
lentil 0.478239 1.689949 -1.004778 -0.190468 -0.248022 
currant 0.504901 0.754830 -0.493369 0.414778 1.504391 
saffron 0.635159 1.360873 0.026592 0.546564 0.014267 
barley -0.263372 2.007565 -0.395789 0.104379 0.081475 
caraway 1.072968 1.247135 -1.263897 -1.304807 0.929431 
beet 1.242397 0.791307 -0.443760 0.333894 0.307621 
squid 0.353356 1.915652 0.362470 1.678188 -0.589511 
corn_flake 0.160018 1.297616 -0.360328 -0.169092 1.086161 
anise 0.304813 1.124228 0.234633 0.646360 0.894836 
roasted_beef 0.987915 1.337067 -0.325109 -0.237053 0.051991 
pistachio 0.490620 0.709630 -0.276610 0.726679 1.470467 
peanut_oil 0.171514 1.376038 -0.888697 1.014915 -0.117784 
cereal -0.479368 1.589312 -0.835592 -0.092679 1.529782 
cashew 0.183601 1.101784 -1.162513 0.573364 0.521182 
veal 0.938277 1.528601 0.856452 0.037026 0.262687 
seaweed 0.126611 1.660845 -0.170617 2.056334 -0.329901 
turnip 0.092356 2.226683 -0.127819 -0.731381 0.193111 
sauerkraut 1.410665 1.243358 -0.944122 -1.402038 0.726140 
berry 1.428534 0.160219 -0.422996 0.446057 2.229662 
kelp -0.290751 2.262162 0.270930 1.902144 -0.263284 
tomato_juice 1.174264 1.451653 -0.529039 -0.177915 -0.391786 
cod 0.605276 1.513830 -0.001606 0.712939 -0.299828 
provolone_cheese 2.100924 0.968814 0.701697 -0.158785 0.343408 
mussel 0.854314 1.732226 0.653661 1.390744 -0.662469 
blackberry 1.187410 0.261435 -0.103804 0.755332 2.366714 
roasted_peanut -0.164448 1.256093 -1.197322 0.938509 0.484076 
rhubarb 0.551425 0.684313 -0.071459 0.634302 2.237482 
chinese_cabbage -0.052029 2.115800 0.013223 1.837805 -0.509339 
corn_grit 1.337995 1.158577 -0.366090 -0.043440 -0.133874 
chicory 1.313907 0.732885 0.409690 1.209156 0.234372 
bourbon_whiskey 0.085511 0.997591 0.116028 0.952196 1.679340 
citrus 0.354273 0.573940 -0.171412 1.764063 1.520669 
lima_bean 1.080721 1.673744 -0.764806 -0.600104 -0.353618 
lovage 0.554788 1.496141 0.198422 0.405434 0.013362 
melon 1.167526 0.082140 -1.332644 1.521885 1.149776 
parsnip 0.114303 2.217341 -0.159443 -0.722460 0.155993 
fig 0.837983 0.678932 0.113259 0.471385 1.494194 
lemongrass 0.376579 1.142859 -1.281839 1.449204 -0.192224 
whiskey 0.805026 0.541045 -1.296950 0.036883 1.799405 
watercress 1.222078 0.639465 -0.185706 1.225824 0.154350 
tequila 1.133074 0.222031 -0.967473 1.833542 0.607461 
rye_flour 1.086693 1.059634 -0.856260 -1.328710 1.629910 
peppermint 0.053877 1.087152 0.436697 0.701822 1.935835 
savory 0.794704 1.832956 0.446408 -0.421209 0.070622 
lobster 0.974771 1.305853 0.763779 1.159114 -0.119520 
roasted_pork 0.860197 1.194194 -0.770623 -0.480027 0.440336 
