224 5
</s> 0.080054 0.088388 -0.076605 -0.065561 0.027332 
egg 0.315922 -0.053390 -0.030526 1.459408 -0.168346 
butter 0.400998 -0.118824 -0.396119 1.356236 -0.420280 
wheat 0.287808 -0.011511 -0.266733 1.451004 -0.100682 
onion -0.808113 0.043622 -0.191047 1.090683 -0.765891 
garlic -1.077767 -0.154962 0.102491 1.122016 -0.553171 
milk 0.661988 -0.052617 -0.439846 1.496050 -0.324929 
vegetable_oil -0.594653 -0.016975 -0.141366 1.289686 0.003054 
cream 0.355399 -0.283048 -0.460851 1.300706 -0.409798 
tomato -0.918426 0.025941 -0.191511 1.048904 -0.953647 
olive_oil -0.592264 -0.821050 -0.110936 0.967137 -0.941552 
black_pepper -0.840638 -0.251519 0.220819 1.142170 -0.591595 
pepper -0.808779 -0.076953 -0.511891 1.038773 -0.640813 
vanilla 1.184751 0.034438 -0.742683 2.069056 0.323867 
cayenne -1.289015 0.020344 0.010576 1.221923 -0.183173 
vinegar -0.777331 0.216322 0.177196 1.295349 -0.303619 
cane_molasses 0.113664 0.701285 -0.238899 1.635847 0.073380 
bell_pepper -0.960677 -0.162996 -0.176179 1.049649 -0.681914 
cinnamon 0.296507 0.004226 -0.343306 1.614510 0.244558 
parsley -0.326339 -0.574318 0.061642 1.058407 -0.975637 
chicken -0.778114 -0.188797 -0.492007 1.077628 -0.360732 
lemon_juice -0.139180 -0.781139 -0.285389 1.160013 -0.211073 
beef -0.977136 0.371079 0.539150 1.339387 -0.585443 
cocoa 1.099592 0.423268 -1.071907 2.016936 0.161969 
corn -0.565648 0.624262 -0.261334 1.277043 -0.504935 
bread -0.096307 -0.019629 0.109097 1.212250 -0.952881 
scallion -1.365153 -0.116603 0.440362 1.416361 0.105276 
mustard -0.301389 0.173134 0.010514 1.277309 -0.474702 
ginger -1.031394 -0.262424 0.131271 1.444534 0.508075 
basil -0.656513 -0.572393 0.089778 0.988176 -1.276293 
celery -0.663651 -0.155308 -0.304195 1.015335 -1.027479 
carrot -1.139144 -0.218478 0.094511 1.135534 -0.458269 
potato -0.663688 -0.079608 -0.296169 1.029198 -1.048290 
chicken_broth -0.830692 -0.450887 -0.525023 0.953122 -0.764626 
yeast 0.540415 0.254959 -0.307256 1.465056 -0.516118 
rice -1.237132 -0.152552 0.203987 1.359482 0.183584 
mushroom -0.622774 -0.153642 0.276948 1.139299 -0.924906 
cheese -0.085035 -0.216831 -0.043186 1.120145 -1.028614 
soy_sauce -1.398226 0.078206 0.517851 1.627293 0.422187 
cumin -1.235619 -0.183751 -1.067392 0.994043 -0.335089 
oregano -0.748155 -0.208944 -0.111797 0.981503 -1.340950 
parmesan_cheese -0.108536 -0.551128 0.228349 1.077519 -1.507610 
macaroni -0.468377 -0.552012 0.272551 1.040313 -1.449504 
thyme -0.372808 -0.438477 -0.084069 1.004652 -1.418622 
cheddar_cheese -0.299321 0.428728 -0.366976 1.149048 -1.042839 
lard 0.636675 0.161701 -0.365869 1.642871 -0.060137 
lemon -0.032353 -0.901271 -0.279529 1.189025 -0.144865 
cream_cheese 0.631525 -0.174403 -0.389270 1.468404 -0.264778 
walnut 0.789072 -0.128950 -0.409367 1.841644 0.341801 
green_bell_pepper -0.984378 0.351844 -0.205708 1.087652 -1.100995 
starch -0.324468 -0.015240 0.237274 1.468764 0.209598 
nutmeg 0.590979 -0.195919 -0.112711 1.621691 0.023113 
honey -0.142428 -0.078760 -0.277389 1.472793 0.338990 
apple 0.263407 -0.032808 -0.636410 1.501712 0.126352 
almond 0.381857 -0.442491 -0.621694 1.502838 0.190017 
cilantro -1.323629 -0.398292 -0.658149 1.088776 0.000489 
pecan 0.862665 0.065065 -0.539126 1.891947 0.299024 
white_wine -0.618877 -1.039266 0.190676 1.029682 -0.769541 
bacon -0.442099 0.203778 0.006515 1.151123 -1.077572 
pork -0.893026 0.371347 0.315005 1.340137 -0.349039 
raisin 0.267390 0.001070 -0.667194 1.603158 0.344108 
bean -1.133133 0.312708 -0.256761 1.113192 -0.748768 
rosemary -0.192585 -0.425990 -0.117819 1.023978 -1.651364 
fish -1.361915 -0.764448 0.402630 1.335019 0.157396 
cucumber -0.636986 -0.355338 0.142812 1.295212 0.103072 
olive -0.602719 -0.508270 -0.174324 0.958880 -1.127484 
coconut -0.395036 -0.162540 -1.154217 1.505435 0.726119 
orange 0.203165 -0.919069 -0.418357 1.494201 0.417864 
tamarind -0.615073 0.949968 0.080671 1.415662 -0.588266 
vegetable -1.219079 -0.196338 0.588542 1.415994 0.004461 
orange_juice 0.116460 -0.805056 -0.324836 1.512753 0.540146 
buttermilk 0.523350 0.099665 -0.651536 1.428258 -0.365415 
pineapple 0.011924 -0.406349 -0.772778 1.557253 0.665488 
shrimp -1.388460 -0.579341 0.668963 1.359170 -0.110185 
coriander -1.287815 -0.306878 -1.311760 1.068538 -0.011285 
bay -0.797652 -0.164777 0.074026 1.073048 -1.033992 
lime_juice -1.238806 -0.633515 -0.660880 1.186949 0.395075 
red_wine -0.445314 -0.337767 0.021799 1.107605 -0.775068 
gelatin 0.734191 -0.591912 -1.117942 1.757239 0.449580 
pork_sausage -0.406415 0.070387 0.177839 1.137086 -1.672827 
sesame_oil -1.649641 0.049208 0.672485 1.757650 0.546196 
chive 0.095443 -0.507727 -0.003901 1.241156 -0.435865 
seed -0.307785 0.376743 -0.958324 1.217342 -0.470854 
mozzarella_cheese -0.009696 -0.246024 0.419905 1.160180 -1.776110 
ham -0.081705 0.050296 0.048130 1.188900 -1.108374 
oat 0.767045 0.755279 -0.968692 2.083498 0.446561 
turmeric -1.297205 -0.361950 -1.355023 1.038376 -0.067740 
nut -0.197261 -0.402394 0.271319 1.359603 -0.007087 
shallot -0.596968 -1.195664 0.045856 1.028811 -0.538905 
lettuce -0.861255 -0.442635 -0.079154 1.143886 -0.159709 
cider -0.401517 0.558412 -0.300851 1.356131 -0.249337 
dill -0.454350 -0.307160 -0.325219 1.037617 -0.843624 
pea -1.066732 -0.331736 -0.305155 1.020383 -0.569168 
zucchini -0.456021 -0.493196 -0.597012 0.944183 -0.974636 
cherry 0.828932 -0.455231 -0.449824 2.002660 0.738819 
lime -0.964218 -0.848084 -0.654420 1.265073 0.572092 
yogurt -0.390144 -0.740960 -1.259257 1.113940 0.053403 
strawberry 0.823688 -1.038767 -1.315222 1.700772 0.335017 
soybean -1.536379 -0.014888 0.676247 1.709261 0.521089 
celery_oil -0.708073 1.288717 0.258303 1.545997 -0.557796 
peanut_butter -0.253410 0.878185 -0.824596 1.813630 0.761420 
banana 0.450862 -0.253921 -1.286966 1.766057 0.638309 
meat -0.447049 0.021204 0.046512 1.153524 -0.883786 
tabasco_pepper -0.641320 0.681752 0.156502 1.334389 -0.636156 
milk_fat 0.769887 -0.481872 -0.137310 1.452825 -0.458643 
cabbage -1.081287 0.330309 -0.097412 1.229138 -0.346450 
mint -0.652703 -1.167332 -0.713479 1.057928 0.054247 
fennel -0.374520 -0.811605 0.102653 0.998444 -1.467389 
sage -0.011463 -0.205342 -0.400363 1.050215 -1.562159 
broccoli -0.661475 -0.156621 -0.339212 1.016545 -0.831070 
turkey -0.434918 -0.115412 -0.443377 1.021999 -1.084733 
fenugreek -1.361753 -0.325216 -1.438314 1.046259 -0.055622 
cranberry 0.500991 -0.719206 -0.595647 1.569326 0.312690 
wine -0.617558 -0.563430 0.190534 1.201190 -0.163787 
beef_broth -1.103543 0.171390 0.646349 1.309118 -0.710197 
grape_juice -0.258195 -0.895540 0.068582 1.059091 -0.762463 
pumpkin -0.160126 -0.013431 0.749574 1.712128 0.442299 
raspberry 0.999013 -1.106895 -0.920936 1.704730 0.125611 
whole_grain_wheat_flour 0.343736 0.500790 -0.690829 1.540433 -0.169507 
lemon_peel 0.488514 -1.144416 -0.306249 1.302499 -0.268831 
coffee 1.005965 0.428272 -0.442298 1.950369 0.096102 
sesame_seed -0.986050 0.077183 0.127179 1.538562 0.578429 
avocado -1.102966 -0.422987 -0.320738 1.097826 -0.082994 
sherry -0.457924 -0.546320 0.155074 1.177632 -0.372457 
sake -1.350202 -0.091282 1.170917 1.864722 0.432343 
feta_cheese -0.495141 -1.029086 -0.198964 0.934134 -0.935572 
apricot 0.422386 -0.579267 -0.470695 1.565895 0.277457 
roasted_sesame_seed -1.781575 0.018969 0.801469 1.795168 0.487135 
rum 0.551787 -0.431319 -0.844391 1.928494 0.906835 
orange_peel 0.553170 -0.909937 -0.259589 1.629863 0.351127 
squash -0.510344 -0.455089 -0.789996 0.914312 -1.076975 
crab -0.635254 -0.304793 0.631098 1.295591 -0.409386 
marjoram -0.147275 -0.208306 -0.574251 1.003717 -1.589245 
swiss_cheese 0.223677 0.445740 -0.234659 1.270777 -1.440900 
sweet_potato -0.278148 -0.207871 -0.621763 1.256540 0.041738 
shiitake -1.229190 -0.238058 1.165284 1.636585 -0.021562 
radish -1.412927 -0.458836 0.935915 1.665531 0.344353 
peach 0.352642 -0.626853 -0.824069 1.621004 0.589537 
tarragon -0.338507 -1.143268 0.183076 1.064864 -0.679590 
black_bean -1.528986 0.339780 -0.588573 1.069443 -0.654332 
lamb -0.613554 -0.891954 -0.728269 0.931012 -0.593279 
maple_syrup 0.223409 0.423008 -0.463490 1.611688 0.170228 
pear -0.261137 -0.770643 0.482333 1.594246 0.677420 
fruit 0.582885 -0.704511 -0.721017 1.787825 0.680689 
blueberry 1.105562 -1.067192 -1.271662 1.802063 0.157805 
clam -1.299699 -0.995047 1.118489 1.368458 -0.446018 
smoke -0.512358 0.139023 -0.131690 1.109724 -1.127544 
tuna -0.873310 -0.407676 0.144314 1.168245 -0.236663 
kidney_bean -1.488632 0.741104 -0.462361 1.097325 -1.320419 
peanut -0.810007 0.518724 -0.732933 1.561974 0.723949 
asparagus -0.378476 -0.834902 -0.008435 1.038691 -0.748845 
salmon -0.644782 -0.757158 -0.046356 1.103689 -0.246525 
leek -0.577040 -0.953650 -0.221570 0.928908 -1.078552 
chickpea -1.262151 -0.440079 -0.845263 0.927356 -0.537281 
blue_cheese 0.048758 -0.552528 0.184886 1.217122 -0.680216 
brandy 0.654818 -0.869461 0.048197 1.682413 0.300901 
artichoke -0.156786 -0.868277 0.212487 1.027786 -1.388764 
horseradish -0.311035 0.390276 0.098969 1.329849 -0.612277 
mango -0.851082 -0.802289 -0.996120 1.255216 0.625071 
date 0.636496 -0.162545 -0.422447 1.985985 0.729442 
cardamom -0.199917 -0.519182 -0.896729 1.291127 0.253256 
white_bread 0.246878 -0.186802 -0.314626 1.167854 -1.182698 
oyster -1.174938 -0.153915 0.838394 1.437412 -0.177647 
cottage_cheese 0.422798 -0.179809 -0.288484 1.179311 -1.177777 
grape -0.101930 -0.922501 -1.140019 1.289712 0.314661 
brown_rice -0.692250 -0.001078 -0.749195 1.028746 -0.605814 
cauliflower -0.752161 -0.369913 -0.846909 0.920956 -0.786663 
cured_pork -0.063175 -0.520560 0.506272 1.155784 -1.878517 
egg_noodle -0.418952 0.285364 -0.312339 1.110414 -1.178319 
beer -0.634748 0.590791 -0.088706 1.267603 -0.615281 
hazelnut 0.927949 -0.640083 0.026280 1.617344 -0.197410 
mandarin -0.041256 -0.653454 -0.949854 1.485709 0.655806 
romano_cheese -0.093210 -0.791257 0.360748 1.066711 -1.580724 
plum 0.098248 -0.634146 -0.204033 1.441774 0.277968 
pimento -0.539056 -0.140139 -0.386752 1.004846 -1.002129 
smoked_sausage -0.942011 0.819427 -0.141288 1.204949 -1.482348 
scallop -0.907117 -1.495513 0.512694 1.068076 -0.674675 
goat_cheese 0.152903 -1.014921 0.200951 1.144436 -0.896962 
lentil -1.281387 -0.259941 -0.973067 0.880721 -0.857230 
currant 0.548252 -0.675821 -0.187397 1.618507 0.244001 
saffron -0.726863 -1.406719 -0.384093 0.932830 -0.502724 
barley -0.850228 0.152914 -0.134772 1.249092 -0.158913 
caraway -0.089851 1.018161 -1.738246 1.268598 -1.207983 
beet -0.364964 -0.519234 -0.222441 1.118097 -0.515026 
squid -1.655698 -0.768290 1.164418 1.592074 0.005469 
corn_flake 0.200019 0.371689 -0.843662 1.333642 -0.437875 
anise 0.324509 -0.589334 0.309864 1.470625 -0.009047 
roasted_beef -0.541808 0.560631 0.313344 1.300405 -1.060000 
pistachio 0.514611 -0.873082 -0.598595 1.484633 0.142101 
peanut_oil -1.451613 -0.011241 -0.225301 1.388866 0.452381 
cereal 0.285624 0.969066 -0.865741 1.877625 0.431732 
cashew -0.699851 -0.211369 -0.862387 1.226892 0.241570 
veal -0.072097 -0.653050 0.465918 1.158052 -1.267646 
seaweed -1.579145 -0.423203 0.878800 1.762028 0.592883 
turnip -0.665564 -0.528127 -1.085789 0.860502 -1.312205 
sauerkraut -0.088883 1.514043 -0.617193 1.475685 -1.609717 
berry 1.082901 -1.065682 -0.919407 1.773463 0.127144 
kelp -1.624762 -0.342297 1.521302 2.033834 0.406853 
tomato_juice -1.066768 0.589705 0.128749 1.192762 -1.211823 
cod -1.125181 -0.800179 0.157694 1.072300 -0.406208 
provolone_cheese 0.245099 -0.257203 0.861339 1.343087 -1.796830 
mussel -1.609483 -1.493879 0.802584 1.171696 -0.616137 
blackberry 1.323389 -1.141914 -1.201982 1.842004 -0.024532 
roasted_peanut -1.020263 0.305776 -0.858529 1.458798 0.710015 
rhubarb 1.357685 -0.548810 -0.757515 1.963447 0.108625 
chinese_cabbage -1.715433 -0.351039 1.354886 1.871848 0.326476 
corn_grit -0.897376 0.077712 -0.180230 1.055438 -1.013521 
chicory -0.342421 -1.165954 0.638025 1.216738 -0.403937 
bourbon_whiskey 0.573005 0.733162 0.297903 2.180829 0.615267 
citrus 0.340469 -1.120470 0.458046 2.009844 1.150193 
lima_bean -1.184783 0.593830 -0.624833 1.074138 -1.319868 
lovage -0.289600 0.184513 1.038598 1.489550 -0.654185 
melon -0.358920 -1.373401 -1.162851 1.453670 0.887558 
parsnip -0.648732 -0.653755 -1.124142 0.834785 -1.298600 
fig 0.815557 -1.032216 0.230553 1.586240 -0.152746 
lemongrass -1.672797 -0.849385 -0.641891 1.209898 0.515982 
whiskey 0.371683 0.717066 -0.056020 2.181486 0.791282 
watercress -0.571272 -0.930239 0.217456 1.203855 -0.099363 
tequila -0.697785 -0.902853 -0.423188 1.446556 0.922387 
rye_flour 0.641690 1.162817 -0.889857 1.635726 -1.006151 
peppermint 1.021293 -0.166417 -1.071867 1.659032 -0.117355 
savory -0.355848 -0.593862 -0.152386 0.995053 -1.374543 
lobster -0.667218 -1.410491 0.474656 1.081018 -0.631666 
roasted_pork -0.375337 0.587715 -0.378100 1.242957 -0.758205 
