224 5
</s> 0.080054 0.088388 -0.076605 -0.065561 0.027332 
egg 1.262506 -0.030780 -0.569522 0.629824 0.539454 
butter 1.110619 0.032543 -0.540176 0.831565 0.213262 
wheat 1.190481 0.019344 -0.722606 0.698299 0.419465 
onion 0.509123 0.306808 0.322105 1.327134 0.433524 
garlic 0.448227 0.029897 0.483803 1.287630 0.710873 
milk 1.457004 0.058316 -0.718928 0.577989 0.425710 
vegetable_oil 0.521538 -0.007157 -0.188725 1.042990 0.689392 
cream 1.281928 -0.247966 -0.425034 0.644776 0.430939 
tomato 0.571493 0.333773 0.554006 1.398425 0.381965 
olive_oil 0.728807 -0.420589 0.591146 1.343466 0.068022 
black_pepper 0.499407 -0.048762 0.422091 1.255427 0.588143 
pepper 0.387973 0.204799 0.164154 1.446143 0.203330 
vanilla 1.704864 -0.187120 -1.748245 0.505898 0.789710 
cayenne 0.100234 0.098488 0.241905 1.398044 0.934231 
vinegar 0.463729 0.307645 0.148424 1.163360 0.832605 
cane_molasses 0.788455 0.605977 -1.045750 0.960826 0.530172 
bell_pepper 0.418610 0.039575 0.447361 1.386594 0.468084 
cinnamon 0.870735 -0.012194 -1.300823 1.063936 0.074724 
parsley 0.969855 -0.252420 0.529100 1.126535 0.175266 
chicken 0.349602 -0.035661 0.115559 1.351446 0.353725 
lemon_juice 0.759169 -0.585253 -0.130102 0.999492 0.307359 
beef 0.510542 0.583681 0.492713 1.257358 0.910524 
cocoa 1.720812 0.049519 -1.684664 0.408097 1.046729 
corn 0.661171 0.811016 -0.101433 1.067562 0.730763 
bread 1.135497 0.219889 0.280502 1.011837 0.165004 
scallion 0.185031 -0.306992 0.325939 1.229143 1.411788 
mustard 0.797393 0.351109 -0.044994 0.995439 0.554722 
ginger -0.090824 -0.413511 -0.489355 1.294444 1.157106 
basil 1.191407 -0.069925 0.971778 1.229864 0.086300 
celery 0.616183 0.277079 0.422140 1.441334 0.093069 
carrot 0.266055 0.062764 0.244695 1.431847 0.449536 
potato 0.645644 0.381787 0.379152 1.386256 0.156918 
chicken_broth 0.411999 -0.059783 0.332903 1.543146 0.006893 
yeast 1.505475 0.301415 -0.495847 0.607655 0.368387 
rice 0.041453 -0.212077 0.027247 1.281863 1.276826 
mushroom 0.871966 0.168454 0.673356 1.084624 0.684677 
cheese 1.279950 0.198380 0.503089 0.881034 0.401804 
soy_sauce -0.026932 -0.090916 0.010444 1.292544 1.797623 
cumin -0.274831 0.237305 -0.226582 1.892205 0.211024 
oregano 0.909801 0.312355 0.873573 1.358396 0.199802 
parmesan_cheese 1.527709 -0.064478 0.879479 0.928469 0.250113 
macaroni 1.263718 -0.099949 1.083264 1.087854 0.416116 
thyme 0.920789 0.059489 0.643160 1.488866 -0.309323 
cheddar_cheese 1.228358 0.873721 0.359095 0.901937 0.612083 
lard 1.321723 0.201465 -0.961123 0.655165 0.469201 
lemon 0.815777 -0.882939 -0.306671 1.007392 0.132592 
cream_cheese 1.518928 -0.190038 -0.650362 0.415796 0.754273 
walnut 1.300344 -0.101503 -1.438518 0.828559 0.174940 
green_bell_pepper 0.690561 0.615275 0.624022 1.310735 0.547342 
starch 0.535125 -0.259874 -0.482580 0.863879 1.036328 
nutmeg 1.128479 0.021874 -1.046082 0.922128 0.015095 
honey 0.400433 -0.220447 -0.901427 1.116343 0.498378 
apple 0.771170 -0.010767 -1.132783 1.185343 -0.159303 
almond 0.953775 -0.455758 -1.030474 0.939842 0.142115 
cilantro -0.300490 -0.259512 -0.126264 1.714284 0.621300 
pecan 1.385076 -0.010508 -1.495478 0.675721 0.505798 
white_wine 0.755303 -0.760160 0.662824 1.292076 0.147513 
bacon 0.916708 0.609412 0.337895 1.178531 0.288032 
pork 0.316252 0.452934 0.114907 1.321728 0.707279 
raisin 0.817615 0.114651 -1.431547 1.174336 -0.065622 
bean 0.334167 0.542329 0.483249 1.485971 0.626621 
rosemary 1.132558 0.135996 0.654958 1.447496 -0.469945 
fish 0.179069 -0.755301 0.456632 1.289166 1.314074 
cucumber 0.710445 -0.445098 -0.002656 0.768280 1.199835 
olive 0.881210 0.006875 0.701536 1.236688 0.242237 
coconut 0.150883 -0.194730 -1.410824 1.269581 0.611738 
orange 0.735614 -0.854932 -1.005939 1.119010 0.019846 
tamarind 0.646126 1.004529 0.034372 1.153988 0.776772 
vegetable 0.255342 -0.113883 0.247662 1.176410 1.310560 
orange_juice 0.539026 -0.827857 -1.009217 1.193918 0.109494 
buttermilk 1.352730 0.233053 -0.745507 0.696934 0.307360 
pineapple 0.510305 -0.717380 -1.272604 1.032236 0.595896 
shrimp 0.342143 -0.584842 0.680044 1.253341 1.301640 
coriander -0.545311 -0.170936 -0.526515 2.131734 0.067312 
bay 0.534385 0.097164 0.590757 1.572836 0.031045 
lime_juice -0.259772 -0.741604 -0.374850 1.583953 0.695583 
red_wine 0.713124 -0.177556 0.324907 1.273509 0.059782 
gelatin 1.259829 -0.863375 -1.464358 0.640832 0.764816 
pork_sausage 1.144996 0.603463 0.876778 1.346975 0.086193 
sesame_oil -0.040196 -0.242614 0.110988 1.320901 2.141291 
chive 1.298066 -0.410375 -0.000848 0.613063 0.601926 
seed 0.479971 0.531547 -0.627329 1.352174 0.037751 
mozzarella_cheese 1.810133 0.249727 1.078857 0.901075 0.257809 
ham 1.219519 0.372244 0.390399 0.974188 0.249433 
oat 1.178120 0.635950 -1.992918 0.923643 0.521215 
turmeric -0.599203 -0.021408 -0.493213 2.129846 0.236830 
nut 0.675590 -0.353861 -0.349992 0.907466 0.646454 
shallot 0.484002 -0.884553 0.378939 1.370239 0.182651 
lettuce 0.514413 -0.368070 0.172706 1.069544 0.776013 
cider 0.428241 0.502314 -0.428229 1.254084 0.365927 
dill 0.920323 -0.030664 0.318628 1.080292 0.262320 
pea 0.325582 0.050415 0.367239 1.411541 0.508274 
zucchini 0.737540 0.074545 0.394563 1.339021 0.006943 
cherry 1.263254 -0.648891 -1.643698 0.838879 0.355110 
lime -0.049161 -1.069051 -0.594550 1.390418 0.690174 
yogurt 0.267046 -0.593627 -0.684801 1.401843 0.014504 
strawberry 1.366122 -1.440586 -1.337298 0.713346 0.543374 
soybean -0.010029 -0.211926 0.042910 1.272950 1.964527 
celery_oil 0.563107 1.380484 -0.007660 1.193493 1.106863 
peanut_butter 0.640863 0.535717 -1.531582 0.751334 1.620694 
banana 0.936062 -0.608936 -1.606508 0.875637 0.598922 
meat 0.638837 0.473633 0.293862 1.316312 0.313262 
tabasco_pepper 0.638619 0.794139 0.189156 1.142631 0.854306 
milk_fat 1.438648 -0.414996 -0.578668 0.692830 0.060856 
cabbage 0.205237 0.517149 0.071725 1.418010 0.718203 
mint 0.268493 -1.079868 -0.209504 1.368122 0.167687 
fennel 1.074980 -0.337420 0.873424 1.426600 -0.273030 
sage 1.066585 0.401861 0.232239 1.479422 -0.647499 
broccoli 0.793011 0.178222 0.490490 1.075209 0.642067 
turkey 0.750259 0.446688 0.218870 1.348259 -0.020129 
fenugreek -0.645061 -0.040823 -0.625692 2.136250 0.213776 
cranberry 1.054575 -0.496390 -1.257105 1.119544 -0.318520 
wine 0.420531 -0.522922 0.049071 1.121700 0.703832 
beef_broth 0.269003 0.364995 0.553387 1.455461 0.840292 
grape_juice 0.804852 -0.633424 0.276179 1.251071 -0.134087 
pumpkin 0.579539 -0.142752 -0.721809 0.762955 1.287852 
raspberry 1.661450 -1.281160 -1.161217 0.626578 0.320828 
whole_grain_wheat_flour 1.029471 0.509549 -0.943618 0.982429 0.124276 
lemon_peel 1.267075 -0.956506 -0.400694 0.856705 -0.095101 
coffee 1.563005 0.268224 -1.454018 0.528413 0.746807 
sesame_seed 0.130515 -0.203282 -0.338468 1.090707 1.410415 
avocado 0.172713 -0.403559 0.122668 1.291200 0.762620 
sherry 0.643414 -0.498544 0.137519 1.152264 0.268451 
sake 0.189055 -0.330499 0.225660 1.169034 2.248575 
feta_cheese 0.944967 -0.592632 0.589446 1.187648 0.041374 
apricot 0.855577 -0.446497 -1.252065 1.218539 -0.300688 
roasted_sesame_seed -0.012796 -0.290727 0.259683 1.342213 2.312250 
rum 0.941691 -0.677058 -1.689167 0.907047 0.577764 
orange_peel 1.035120 -0.677750 -1.082385 1.104893 -0.282564 
squash 0.609897 0.091620 0.116095 1.525098 -0.355648 
crab 0.932513 -0.205739 0.391519 0.758119 1.134156 
marjoram 0.994347 0.449553 0.363725 1.599535 -0.702715 
swiss_cheese 1.498410 0.881106 0.255399 0.890239 0.249402 
sweet_potato 0.273221 -0.014837 -0.836784 1.370566 0.119410 
shiitake 0.311497 -0.305731 0.645584 1.223292 1.858168 
radish 0.301510 -0.723870 0.396776 1.129360 1.862124 
peach 0.687540 -0.687597 -1.291974 1.076244 0.220222 
tarragon 0.870357 -0.776806 0.475673 1.133372 0.164410 
black_bean -0.061299 0.452866 0.274108 1.674820 0.694758 
lamb 0.286426 -0.376844 0.074363 1.762762 -0.481484 
maple_syrup 0.783316 0.323293 -1.145046 1.033306 0.267557 
pear 0.594172 -1.027380 -0.516756 0.833512 1.004504 
fruit 0.997697 -0.691279 -1.553969 0.946319 0.311322 
blueberry 1.763909 -1.272645 -1.428582 0.669665 0.254804 
clam 0.464131 -0.936927 1.154652 1.371693 1.269538 
smoke 0.866449 0.458326 0.386090 1.300365 0.088552 
tuna 0.707491 -0.218695 0.445314 0.940016 1.034294 
kidney_bean 0.317772 1.187996 0.684023 1.794149 0.513908 
peanut 0.127897 0.161082 -1.127941 1.034645 1.487000 
asparagus 1.075151 -0.508629 0.530266 0.948980 0.374598 
salmon 0.487560 -0.671705 0.155749 1.127391 0.596963 
leek 0.621314 -0.421497 0.622328 1.611206 -0.262634 
chickpea -0.070346 0.006959 0.194802 1.886347 0.004263 
blue_cheese 1.218702 -0.371910 0.144333 0.843134 0.212166 
brandy 1.209444 -0.864150 -0.995839 0.950155 -0.162849 
artichoke 1.335087 -0.473022 0.900964 1.038563 0.147325 
horseradish 0.968107 0.594267 0.108166 0.940352 0.664608 
mango -0.145272 -0.894144 -0.862002 1.501013 0.511643 
date 0.996928 -0.192545 -1.779642 1.147063 -0.077840 
cardamom 0.257095 -0.387031 -1.071709 1.516836 -0.205275 
white_bread 1.306062 0.169084 0.119208 1.061292 -0.276787 
oyster 0.264899 -0.258320 0.473295 1.187739 1.564905 
cottage_cheese 1.793971 0.043726 0.328327 0.560756 0.366587 
grape 0.453004 -0.995845 -0.915751 1.248447 0.114686 
brown_rice 0.324415 0.240432 -0.018369 1.487178 0.083658 
cauliflower 0.544326 0.078278 0.308544 1.353771 0.228676 
cured_pork 1.722309 0.058397 1.172974 1.152933 -0.082737 
egg_noodle 0.986585 0.689209 0.446530 1.073720 0.559033 
beer 0.490397 0.807472 0.073412 1.355629 0.454701 
hazelnut 1.411093 -0.566350 -0.807644 0.765717 -0.046092 
mandarin 0.631116 -1.019733 -1.178034 0.940302 0.688325 
romano_cheese 1.438929 -0.279128 0.922149 1.049083 0.065554 
plum 0.532511 -0.464606 -0.942140 1.378756 -0.332413 
pimento 0.905106 0.200094 0.479979 1.095270 0.446215 
smoked_sausage 0.756619 1.265241 0.560010 1.634394 0.151920 
scallop 0.654018 -1.214567 0.941205 1.304025 0.568790 
goat_cheese 1.269632 -0.667358 0.359893 1.042804 -0.218818 
lentil -0.035729 0.241664 0.221568 1.985353 -0.127157 
currant 0.905762 -0.462738 -1.156559 1.289874 -0.545445 
saffron 0.231503 -0.982432 0.290249 1.760100 -0.308860 
barley 0.161816 0.352620 -0.164456 1.390881 0.625796 
caraway 0.617910 1.455937 -0.677015 1.816225 -0.567057 
beet 0.569069 -0.291381 0.009069 1.392032 -0.146944 
squid 0.230790 -0.861159 0.917066 1.392106 1.913701 
corn_flake 1.048477 0.685761 -0.691194 0.808564 0.553920 
anise 0.878535 -0.483773 -0.415069 0.911069 0.302677 
roasted_beef 0.695083 0.746904 0.262701 1.268339 0.448400 
pistachio 1.065358 -0.702963 -1.017601 0.959440 -0.032637 
peanut_oil -0.286663 -0.193136 -0.200521 1.522115 1.265046 
cereal 0.730284 0.750952 -1.619373 0.983608 0.872710 
cashew 0.063432 -0.184047 -0.761312 1.349356 0.504488 
veal 1.033453 -0.295951 0.565729 1.308777 -0.298295 
seaweed 0.332687 -0.726061 0.281173 1.071562 2.333923 
turnip 0.415468 0.191991 0.219695 2.022136 -0.777428 
sauerkraut 1.203637 1.885762 -0.090225 1.455948 -0.102281 
berry 1.676239 -0.892506 -1.302782 0.869609 -0.302025 
kelp 0.322620 -0.634942 0.509066 1.208904 2.694910 
tomato_juice 0.598176 0.903110 0.714058 1.456452 0.609566 
cod 0.218067 -0.552997 0.540650 1.436419 0.658217 
provolone_cheese 1.935660 0.219048 1.032137 0.838896 0.260176 
mussel 0.088804 -1.306808 1.234813 1.816509 0.901815 
blackberry 1.966344 -1.261784 -1.370370 0.591668 0.183529 
roasted_peanut -0.175500 0.074444 -1.019546 1.283786 1.350988 
rhubarb 1.754176 -0.631751 -1.443801 0.571800 0.347324 
chinese_cabbage 0.122241 -0.483423 0.568291 1.340865 2.360441 
corn_grit 0.624036 0.537318 0.514133 1.330875 0.496384 
chicory 0.957305 -1.176244 0.540964 0.989917 0.440344 
bourbon_whiskey 0.843574 0.649635 -1.714461 1.177846 0.227277 
citrus 0.738716 -1.233597 -1.307594 1.014262 0.486728 
lima_bean 0.369042 1.125728 0.438908 1.801571 0.168881 
lovage 0.783469 0.087501 0.410140 0.998570 0.808203 
melon 0.249439 -1.641176 -1.191412 1.381012 0.379576 
parsnip 0.402753 0.095874 0.246029 2.006209 -0.793348 
fig 1.328862 -0.807272 -0.808233 1.175951 -0.793740 
lemongrass -0.634432 -0.876333 -0.280692 1.867335 0.962302 
whiskey 0.788087 0.456077 -1.758551 1.002786 0.788665 
watercress 0.474816 -0.942019 0.100304 1.176206 0.466818 
tequila -0.046538 -1.211943 -0.824248 1.381195 0.642206 
rye_flour 1.482792 1.397837 -0.886859 1.159070 -0.310312 
peppermint 1.765986 -0.194475 -1.150882 0.257435 1.071421 
savory 0.769746 -0.116844 0.605240 1.659393 -0.489825 
lobster 0.684311 -1.213987 0.746427 1.273142 0.408209 
roasted_pork 0.517574 0.772990 -0.316400 1.596103 -0.329990 
