224 5
</s> 0.080054 0.088388 -0.076605 -0.065561 0.027332 
egg 0.434299 0.617788 -1.053619 0.433936 0.743320 
butter 0.484979 0.729558 -0.971947 0.591917 0.408180 
wheat 0.307748 0.707788 -1.014539 0.581922 0.606666 
onion 0.684335 1.018306 0.220915 0.422166 0.640774 
garlic 0.794636 0.750297 0.455284 0.471141 0.932011 
milk 0.534953 0.675144 -1.274709 0.446735 0.538906 
vegetable_oil 0.368242 0.611066 -0.197984 0.574474 0.890635 
cream 0.687305 0.403478 -0.954108 0.562322 0.583063 
tomato 0.912085 1.096133 0.412606 0.332038 0.646556 
olive_oil 1.263373 0.548665 0.220717 0.805892 0.198702 
black_pepper 0.851939 0.696537 0.263572 0.501840 0.751975 
pepper 0.644847 1.064802 0.302519 0.622499 0.422875 
vanilla 0.031028 0.522477 -2.096228 0.894212 1.015668 
cayenne 0.513746 0.675715 0.578966 0.624278 1.184421 
vinegar 0.462876 0.842888 0.144726 0.439000 0.946998 
cane_molasses -0.171308 1.113896 -0.799002 0.583396 0.731738 
bell_pepper 0.812243 0.855883 0.382377 0.575201 0.585383 
cinnamon -0.115214 0.833283 -1.050465 1.119305 0.381377 
parsley 1.256278 0.581576 -0.061266 0.428678 0.440757 
chicken 0.554082 0.754992 0.268106 0.831710 0.482034 
lemon_juice 0.823253 0.175919 -0.367554 0.934508 0.426474 
beef 0.629000 1.096601 0.319755 0.162179 1.062676 
cocoa -0.064979 0.610598 -2.079929 0.701622 1.212416 
corn 0.239462 1.145656 -0.140493 0.250060 0.929253 
bread 0.987449 0.885164 -0.273726 0.284509 0.421710 
scallion 0.538316 0.324480 0.393611 0.606579 1.534864 
mustard 0.563273 0.837388 -0.208519 0.317435 0.833264 
ginger -0.002000 0.266356 0.074979 1.056098 1.298634 
basil 1.675513 0.785574 0.095981 0.273918 0.305685 
celery 0.830864 1.153082 0.247671 0.579559 0.256903 
carrot 0.611199 0.863834 0.418442 0.651200 0.701887 
potato 0.773369 1.243136 0.218725 0.425143 0.374045 
chicken_broth 0.834818 0.947940 0.365245 0.854172 0.153085 
yeast 0.539375 1.012493 -1.207807 0.298311 0.387351 
rice 0.374219 0.449185 0.394162 0.724441 1.334147 
mushroom 1.139718 0.896556 0.152119 0.176968 0.711192 
cheese 1.093810 0.837331 -0.319194 0.171761 0.503974 
soy_sauce 0.235353 0.372812 0.418867 0.678750 1.906368 
cumin 0.203455 1.023929 0.788975 1.224210 0.451670 
oregano 1.297990 1.086369 0.366471 0.299721 0.412490 
parmesan_cheese 1.766590 0.740216 -0.240925 -0.023820 0.481880 
macaroni 1.706014 0.722515 0.078420 0.076110 0.599132 
thyme 1.251942 1.131413 0.181491 0.631268 -0.077011 
cheddar_cheese 0.855431 1.278399 -0.271534 -0.210400 0.837660 
lard 0.296248 0.717172 -1.302937 0.601473 0.590911 
lemon 0.790202 0.018400 -0.499500 1.164941 0.335407 
cream_cheese 0.596271 0.339511 -1.298729 0.454850 0.846892 
walnut 0.042210 0.802848 -1.486960 1.039117 0.371634 
green_bell_pepper 0.784130 1.234976 0.415041 0.243975 0.729608 
starch 0.221909 0.341252 -0.402681 0.715840 1.079208 
nutmeg 0.164186 0.868166 -1.139298 0.931166 0.229589 
honey 0.052618 0.469484 -0.470394 1.059078 0.697108 
apple -0.103780 0.927599 -0.812757 1.303136 0.116450 
almond 0.148409 0.459374 -1.117435 1.232639 0.352967 
cilantro 0.360508 0.535819 0.723714 1.306760 0.691136 
pecan -0.024183 0.771850 -1.698043 0.931593 0.658327 
white_wine 1.367035 0.301915 0.180526 0.850174 0.286521 
bacon 0.806761 1.313554 0.042059 0.171908 0.533431 
pork 0.363847 0.937549 0.302962 0.482095 0.996690 
raisin -0.160715 1.006061 -1.019587 1.294859 0.093850 
bean 0.602500 1.238276 0.572435 0.384675 0.820254 
rosemary 1.464476 1.157253 0.015468 0.516666 -0.205395 
fish 0.943693 -0.051261 0.461832 0.853178 1.372505 
cucumber 0.713223 0.094001 -0.334930 0.483322 1.251480 
olive 1.353171 0.743561 0.202754 0.448919 0.371966 
coconut -0.492826 0.425810 -0.730861 1.487588 0.831423 
orange 0.370318 0.214187 -0.874683 1.566366 0.146324 
tamarind 0.326804 1.315402 -0.029849 0.037284 1.074693 
vegetable 0.594224 0.397478 0.370656 0.560117 1.421724 
orange_juice 0.272671 0.149845 -0.680692 1.579723 0.285596 
buttermilk 0.248631 0.891450 -1.185452 0.461391 0.599019 
pineapple -0.048644 0.125265 -0.969867 1.448968 0.747942 
shrimp 1.011788 0.075759 0.592240 0.700761 1.490285 
coriander -0.057495 0.877173 0.721479 1.664256 0.371639 
bay 0.887703 1.104844 0.552702 0.683793 0.341840 
lime_juice 0.288596 0.024714 0.372808 1.585637 0.804454 
red_wine 0.922090 0.784388 0.190800 0.730856 0.272509 
gelatin 0.208212 -0.042203 -1.656135 1.370478 0.864204 
pork_sausage 1.261414 1.454671 0.063827 0.076759 0.275819 
sesame_oil 0.274091 0.235476 0.516744 0.744318 2.251321 
chive 1.083299 0.180390 -0.680001 0.370211 0.817584 
seed 0.033903 1.306393 -0.302850 0.846135 0.192208 
mozzarella_cheese 1.915368 1.039909 -0.363907 -0.308191 0.509725 
ham 1.118129 1.081514 -0.328768 0.067334 0.456629 
oat -0.603333 1.137032 -1.784962 0.940487 0.959528 
turmeric -0.149250 0.837432 0.782653 1.752012 0.449720 
nut 0.410615 0.388437 -0.372898 0.862727 0.659472 
shallot 1.194219 0.210750 0.238093 1.055891 0.305852 
lettuce 0.801995 0.347445 0.039144 0.683726 0.777445 
cider 0.071891 1.185975 -0.191997 0.689111 0.467564 
dill 0.951787 0.736028 -0.053107 0.449686 0.517918 
pea 0.706851 0.848448 0.445605 0.685776 0.624319 
zucchini 0.963287 1.012696 0.139814 0.570501 0.190413 
cherry 0.022173 0.352523 -1.630212 1.409287 0.584552 
lime 0.148128 -0.129301 0.052334 1.738749 0.813825 
yogurt 0.240690 0.281183 -0.375526 1.568302 0.213663 
strawberry 0.580396 -0.348900 -1.696983 1.674891 0.610979 
soybean 0.216222 0.280480 0.467691 0.774763 2.060549 
celery_oil 0.064949 1.696835 0.033040 -0.171368 1.342450 
peanut_butter -0.767425 0.805852 -1.134025 0.652584 1.801832 
banana -0.119068 0.215637 -1.387459 1.417280 0.820966 
meat 0.651359 1.263743 0.145334 0.469059 0.366236 
tabasco_pepper 0.528643 1.111420 0.079318 0.045295 1.165138 
milk_fat 0.797307 0.471019 -1.195074 0.744359 0.182689 
cabbage 0.195470 1.033587 0.324879 0.574089 0.960614 
mint 0.669352 -0.031982 -0.042986 1.538953 0.287767 
fennel 1.649952 0.970670 0.191231 0.622730 -0.145334 
sage 1.098158 1.487234 -0.230832 0.603503 -0.424440 
broccoli 0.854070 0.802496 -0.027388 0.271617 0.739812 
turkey 0.757845 1.265169 0.034437 0.502641 0.162602 
fenugreek -0.189005 0.819593 0.715852 1.807111 0.416489 
cranberry 0.269205 0.711972 -1.138668 1.440202 -0.160206 
wine 0.717100 0.238173 -0.017828 0.823202 0.745415 
beef_broth 0.730957 1.045050 0.599231 0.333754 1.010942 
grape_juice 1.258054 0.438203 -0.037718 0.925515 0.040881 
pumpkin -0.024628 0.309016 -0.633143 0.670493 1.412700 
raspberry 0.775913 -0.158569 -1.811373 1.364696 0.478220 
whole_grain_wheat_flour -0.020604 1.218204 -1.034106 0.647058 0.402321 
lemon_peel 1.018808 0.064373 -0.962565 1.126149 0.086448 
coffee -0.039717 0.817422 -1.728618 0.579781 0.938374 
sesame_seed 0.067158 0.260608 -0.042627 0.806718 1.536307 
avocado 0.597941 0.211208 0.293621 1.007281 0.867997 
sherry 0.831285 0.401500 -0.008660 0.812541 0.498630 
sake 0.471595 0.053007 0.378979 0.678803 2.347591 
feta_cheese 1.422104 0.422775 0.113550 0.697146 0.265726 
apricot 0.147060 0.670335 -0.952117 1.507399 -0.061592 
roasted_sesame_seed 0.389140 0.237541 0.722453 0.777719 2.427919 
rum -0.145597 0.152401 -1.432639 1.600022 0.779872 
orange_peel 0.536279 0.335496 -1.014163 1.494102 -0.074360 
squash 0.821727 1.079331 0.152424 0.875394 -0.090667 
crab 1.133360 0.316274 -0.088210 0.114969 1.328901 
marjoram 1.060673 1.558689 -0.008596 0.691033 -0.428802 
swiss_cheese 0.997122 1.397711 -0.633683 -0.290408 0.626762 
sweet_potato -0.062367 0.936057 -0.300097 1.170728 0.236695 
shiitake 0.883331 0.139963 0.388866 0.384187 1.964038 
radish 0.739631 -0.062846 0.387183 0.695070 2.046453 
peach 0.146322 0.180324 -1.163202 1.525479 0.447896 
tarragon 1.436109 0.253617 -0.038495 0.692635 0.371289 
black_bean 0.357162 1.205930 0.856806 0.681383 0.894819 
lamb 0.754271 0.887991 0.393120 1.380936 -0.267606 
maple_syrup -0.232697 1.041874 -0.866455 0.916380 0.521641 
pear 0.377338 -0.203185 -0.463563 1.272436 0.927024 
fruit 0.092432 0.233090 -1.435935 1.654810 0.386037 
blueberry 0.737767 -0.176679 -1.947557 1.499047 0.495083 
clam 1.600504 -0.059963 0.777305 0.662897 1.461009 
smoke 0.867696 1.280244 0.121847 0.305849 0.391586 
tuna 0.980474 0.299982 0.065504 0.357495 1.135011 
kidney_bean 0.546180 1.892845 0.869315 0.227804 0.795859 
peanut -0.634575 0.528506 -0.470074 0.936295 1.638603 
asparagus 1.309080 0.368334 -0.137637 0.502924 0.491168 
salmon 0.948830 0.032816 0.071000 0.822331 0.856119 
leek 1.290845 0.786377 0.377045 0.888863 -0.002073 
chickpea 0.616686 0.904768 0.784153 1.179345 0.264630 
blue_cheese 1.192469 0.563822 -0.472149 0.499379 0.244534 
brandy 0.573916 0.294744 -1.186602 1.387925 0.022543 
artichoke 1.787560 0.462422 -0.078023 0.329363 0.382345 
horseradish 0.437664 1.047319 -0.261148 0.142996 0.976195 
mango 0.003658 0.080679 0.022240 1.812827 0.578432 
date -0.199908 0.822097 -1.485551 1.498256 0.190007 
cardamom -0.120253 0.850136 -0.375984 1.609335 -0.046203 
white_bread 1.063718 1.090205 -0.502131 0.434930 -0.051851 
oyster 0.760879 0.315003 0.549204 0.492442 1.686920 
cottage_cheese 1.326159 0.843908 -0.884981 -0.075916 0.459117 
grape 0.325286 0.109557 -0.555638 1.782561 0.125909 
brown_rice 0.338947 1.128825 0.239439 0.799888 0.348744 
cauliflower 0.687967 0.927092 0.247107 0.639677 0.451262 
cured_pork 2.021382 1.084950 -0.146788 0.134440 0.020585 
egg_noodle 0.849873 1.213314 -0.077751 -0.022019 0.786459 
beer 0.295648 1.473492 0.183111 0.407520 0.563241 
hazelnut 0.668267 0.383863 -1.394487 0.965056 0.250852 
mandarin 0.168958 -0.128054 -0.914761 1.513528 0.762181 
romano_cheese 1.930102 0.610293 -0.201239 0.222515 0.254824 
plum 0.152067 0.691467 -0.602095 1.518597 -0.095209 
pimento 1.011303 0.943796 0.131408 0.323311 0.538094 
smoked_sausage 0.626237 2.041438 0.518309 0.126904 0.536052 
scallop 1.698993 -0.216317 0.461545 0.976494 0.733892 
goat_cheese 1.546743 0.427937 -0.504781 0.704103 -0.064366 
lentil 0.482830 1.373757 0.846972 1.124546 0.107230 
currant 0.288972 0.757115 -1.049585 1.432441 -0.216068 
saffron 1.098842 0.352839 0.522857 1.514935 -0.093850 
barley 0.131914 1.015041 0.351612 0.733274 0.818224 
caraway -0.095740 2.374884 -0.267032 0.678314 -0.181241 
beet 0.795297 0.581850 -0.017011 1.053313 0.131173 
squid 1.339717 -0.248339 0.855670 0.816376 2.070987 
corn_flake 0.107424 1.014348 -0.927292 0.329905 0.801437 
anise 0.581335 0.355061 -0.634979 1.006105 0.326602 
roasted_beef 0.702050 1.403909 0.206590 0.108773 0.727386 
pistachio 0.425984 0.279548 -1.061972 1.427168 0.081080 
peanut_oil 0.061450 0.410176 0.531089 1.019573 1.454248 
cereal -0.644881 1.261024 -1.150282 0.682832 1.129534 
cashew -0.110336 0.619262 0.012218 1.301344 0.615080 
veal 1.491161 0.810038 0.017133 0.616510 -0.039910 
seaweed 0.661250 -0.264213 0.194765 0.693675 2.443363 
turnip 0.872804 1.471538 0.454299 1.138747 -0.409579 
sauerkraut 0.268580 2.580930 -0.400732 -0.108268 0.309193 
berry 0.604028 0.365018 -1.830873 1.535816 -0.075843 
kelp 0.886167 -0.093948 0.583532 0.623353 2.799930 
tomato_juice 0.801913 1.426335 0.555584 0.052207 0.943353 
cod 1.030913 0.356950 0.532397 0.806058 0.763938 
provolone_cheese 2.100649 1.036219 -0.542648 -0.298287 0.385560 
mussel 1.786391 -0.241956 1.086322 1.198213 1.056128 
blackberry 0.874424 0.091605 -2.213916 1.370142 0.248516 
roasted_peanut -0.526803 0.475446 -0.048190 1.153389 1.457804 
rhubarb 0.447617 0.365780 -1.990802 1.081082 0.503388 
chinese_cabbage 0.823308 0.013367 0.831619 0.739951 2.577066 
corn_grit 0.878944 1.114622 0.339662 0.332807 0.608817 
chicory 1.501092 -0.164610 0.004832 0.904990 0.580625 
bourbon_whiskey -0.661353 1.356543 -1.272837 1.014549 0.659670 
citrus 0.318761 -0.331992 -1.152287 1.726169 0.753841 
lima_bean 0.549655 1.964854 0.730024 0.355043 0.474207 
lovage 0.780079 0.631622 0.103854 0.341752 1.025105 
melon 0.358851 -0.405868 -0.588637 2.267087 0.397981 
parsnip 0.823307 1.450690 0.493463 1.216654 -0.472067 
fig 0.920210 0.548720 -1.146773 1.431561 -0.555925 
lemongrass 0.081978 0.082104 0.837193 1.830499 1.187357 
whiskey -0.623783 1.164978 -1.311495 1.006014 0.905873 
watercress 0.966586 0.082076 0.090559 0.998640 0.583666 
tequila 0.172165 -0.282033 -0.171107 1.951427 0.735427 
rye_flour 0.055018 2.176767 -1.123434 0.237495 0.132841 
peppermint 0.381817 0.124489 -1.853096 0.593096 1.202101 
savory 1.334607 1.152472 0.288499 0.733166 -0.183608 
lobster 1.631031 -0.163106 0.304628 0.927663 0.658211 
roasted_pork 0.142883 1.602505 0.052181 0.792688 0.042534 
