224 5
</s> 0.080054 0.088388 -0.076605 -0.065561 0.027332 
egg 0.821835 0.735723 -0.804364 0.700307 0.074856 
butter 0.856874 0.774649 -0.892625 0.628538 -0.152515 
wheat 0.770254 0.749394 -0.877338 0.714635 -0.028373 
onion 0.344364 0.589460 0.095538 1.289422 -0.573161 
garlic 0.510113 0.457456 0.390768 1.356947 -0.510684 
milk 0.820460 1.114281 -1.079315 0.525058 0.062786 
vegetable_oil 0.483352 0.494526 -0.160732 1.183469 0.067048 
cream 1.013251 1.021183 -0.561782 0.476145 0.003899 
tomato 0.378887 0.928136 0.294557 1.175737 -0.896825 
olive_oil 1.009314 0.676055 0.393012 0.860542 -0.823087 
black_pepper 0.630967 0.256208 0.160577 1.278824 -0.486887 
pepper 0.339094 0.820723 0.107476 1.180932 -0.498931 
vanilla 1.027639 1.287547 -1.619630 0.622669 0.803839 
cayenne 0.300732 0.642951 0.545683 1.524849 -0.111251 
vinegar 0.428045 0.244323 -0.097475 1.371347 -0.368786 
cane_molasses 0.248754 0.514813 -1.047404 1.197885 0.195746 
bell_pepper 0.480258 0.699090 0.399870 1.238331 -0.599751 
cinnamon 0.774908 0.429764 -1.197064 1.014629 0.534354 
parsley 1.020317 0.558703 0.152355 0.821000 -0.800357 
chicken 0.461084 0.774698 0.173993 1.123352 -0.314214 
lemon_juice 1.122435 0.627568 0.001073 0.698792 0.046101 
beef 0.250425 0.229626 -0.091132 1.522957 -0.694206 
cocoa 0.767926 1.584829 -1.658088 0.656887 0.809920 
corn 0.082465 0.935013 -0.338528 1.184723 -0.317961 
bread 0.780418 0.704189 -0.243714 0.791511 -0.815873 
scallion 0.600115 0.106897 0.576971 1.691931 0.136609 
mustard 0.513577 0.452129 -0.315919 1.096544 -0.398736 
ginger 0.621833 -0.040417 0.015502 1.654660 0.683310 
basil 0.930170 0.990799 0.434772 0.812447 -1.231604 
celery 0.541625 0.317912 -0.170546 1.221825 -0.922110 
carrot 0.401247 0.023836 -0.062716 1.554218 -0.565832 
potato 0.328070 0.538660 -0.173732 1.251698 -0.881707 
chicken_broth 0.589427 0.501406 0.070467 1.146127 -0.668541 
yeast 0.604116 1.052197 -1.005675 0.632568 -0.337520 
rice 0.389590 0.150072 0.304590 1.709534 0.162308 
mushroom 0.684905 0.450672 0.150354 1.121891 -0.908433 
cheese 0.844881 1.245293 0.022776 0.553121 -0.707473 
soy_sauce 0.487013 -0.323446 0.242072 2.080138 0.372227 
cumin -0.065708 1.326312 0.371823 1.438207 0.033239 
oregano 0.673237 1.013830 0.319853 0.928611 -1.155660 
parmesan_cheese 1.008590 1.182298 0.237784 0.599470 -1.298789 
macaroni 0.991781 1.108519 0.527967 0.748268 -1.107978 
thyme 0.926791 0.152397 -0.232996 1.045834 -1.313657 
cheddar_cheese 0.206335 1.447716 -0.232832 0.867603 -0.802053 
lard 0.705257 0.867070 -1.259230 0.751480 0.223344 
lemon 1.276714 0.546661 -0.062334 0.655347 0.167886 
cream_cheese 1.075529 1.224304 -0.654545 0.380170 0.193319 
walnut 1.069958 0.727659 -1.426607 0.678833 0.486869 
green_bell_pepper 0.156710 0.934238 0.178567 1.306500 -0.826124 
starch 0.801992 0.057567 -0.417412 1.171466 0.334332 
nutmeg 0.827632 0.412450 -1.307095 0.873270 0.159383 
honey 0.725649 0.284113 -0.596939 1.140435 0.512857 
apple 0.867875 0.358110 -1.110224 0.878959 0.202001 
almond 1.093443 0.677363 -0.868910 0.741693 0.640745 
cilantro 0.394483 1.095558 0.829890 1.392579 0.295920 
pecan 1.009610 0.894685 -1.485589 0.717858 0.632241 
white_wine 1.303151 0.341206 0.430534 0.850051 -0.707553 
bacon 0.400697 0.686720 -0.340080 1.066421 -0.927468 
pork 0.280302 -0.011547 -0.233661 1.606441 -0.413768 
raisin 0.665532 0.530976 -1.243415 1.018706 0.487942 
bean 0.082378 0.700281 0.176001 1.497560 -0.673228 
rosemary 1.003508 0.390396 -0.341849 0.834183 -1.468000 
fish 0.914005 0.194189 0.919097 1.555726 0.127687 
cucumber 0.827159 0.434490 0.279126 1.126156 0.282356 
olive 0.868200 0.979712 0.410070 0.822790 -0.848817 
coconut 0.465828 1.259616 -0.447821 1.123382 1.248633 
orange 1.442560 0.337844 -0.556223 0.728127 0.671336 
tamarind 0.039438 0.449961 -0.478058 1.444609 -0.517375 
vegetable 0.632114 -0.199697 0.254105 1.695389 -0.054230 
orange_juice 1.446326 0.176910 -0.450005 0.851965 0.735775 
buttermilk 0.728216 1.156249 -0.985910 0.567220 0.090642 
pineapple 1.129443 0.685365 -0.398899 0.859261 0.993189 
shrimp 0.993495 0.134849 0.953772 1.518690 -0.079596 
coriander -0.024700 1.201340 0.361829 1.553911 0.401227 
bay 0.612115 0.124555 -0.002197 1.356577 -0.963750 
lime_juice 0.727415 1.057069 0.810844 1.201528 0.694419 
red_wine 0.913678 0.171332 -0.028329 1.049243 -0.765667 
gelatin 1.446118 1.286612 -0.871135 0.470881 0.992515 
pork_sausage 0.545295 0.900104 -0.097657 1.018761 -1.590311 
sesame_oil 0.517383 -0.372779 0.482253 2.306433 0.466275 
chive 1.107144 0.596252 -0.136692 0.672512 -0.212107 
seed 0.120168 0.746956 -0.781459 1.206435 -0.245000 
mozzarella_cheese 0.944981 1.387013 0.118629 0.554391 -1.466033 
ham 0.712844 0.778649 -0.336335 0.806186 -1.041362 
oat 0.324512 1.184973 -1.859149 1.103249 0.838862 
turmeric -0.107806 1.361527 0.402680 1.594452 0.503597 
nut 0.871091 0.163915 -0.354733 1.052669 0.135883 
shallot 1.357999 0.177168 0.297654 0.869575 -0.444550 
lettuce 0.900037 0.617212 0.446704 0.999228 -0.074757 
cider 0.319732 0.201155 -0.640213 1.329140 -0.257631 
dill 0.712370 0.679092 -0.028419 0.921490 -0.551027 
pea 0.335641 0.613033 0.383905 1.426690 -0.414873 
zucchini 0.512547 1.049137 0.063483 0.919390 -0.779060 
cherry 1.381231 0.640107 -1.228881 0.723817 0.935213 
lime 1.028860 1.017672 0.679095 1.012756 0.926163 
yogurt 0.788916 1.136343 0.042222 0.813143 0.541815 
strawberry 1.878298 1.397043 -0.657287 0.219163 1.005369 
soybean 0.501483 -0.335558 0.332728 2.182956 0.478913 
celery_oil -0.222787 0.448267 -0.508934 1.662147 -0.524088 
peanut_butter -0.089528 1.293246 -0.922922 1.419456 1.079364 
banana 1.095778 1.303713 -0.875562 0.691189 1.186976 
meat 0.501238 0.288334 -0.282996 1.215653 -0.797301 
tabasco_pepper 0.197865 0.559748 -0.107373 1.361038 -0.526590 
milk_fat 1.218614 0.711795 -0.894369 0.427519 -0.127064 
cabbage 0.146224 0.152594 -0.171647 1.653682 -0.343479 
mint 1.139449 0.773367 0.455677 0.811687 0.311430 
fennel 1.019269 0.648347 0.159403 0.863013 -1.293772 
sage 0.870599 0.147797 -0.800423 0.955254 -1.458702 
broccoli 0.386229 0.981123 0.136322 1.053827 -0.543925 
turkey 0.481903 0.661621 -0.269102 1.038693 -0.906479 
fenugreek -0.140954 1.453883 0.404397 1.593849 0.494914 
cranberry 1.462861 0.227476 -1.133505 0.637257 0.310027 
wine 1.030551 0.017567 0.027953 1.098176 -0.074962 
beef_broth 0.359251 -0.270301 -0.105454 1.770534 -0.814446 
grape_juice 1.317422 0.190427 -0.011168 0.760466 -0.655545 
pumpkin 0.631940 -0.196495 -0.753670 1.420008 0.444191 
raspberry 2.005688 1.026218 -0.885922 0.138861 0.528819 
whole_grain_wheat_flour 0.359365 0.978128 -1.195554 0.893882 0.061998 
lemon_peel 1.548548 0.518079 -0.412059 0.407705 -0.019590 
coffee 0.743113 1.306492 -1.573139 0.607764 0.360166 
sesame_seed 0.454331 0.025450 0.006317 1.701428 0.579055 
avocado 0.715103 1.071023 0.796395 1.074666 0.202414 
sherry 1.130034 0.075875 0.006831 0.974533 -0.250836 
sake 0.873527 -0.725679 0.370241 2.238035 0.414374 
feta_cheese 1.140121 0.950675 0.511809 0.656609 -0.648317 
apricot 1.105412 0.333830 -1.006122 0.856829 0.520021 
roasted_sesame_seed 0.556045 -0.438268 0.635434 2.415955 0.371229 
rum 1.294873 0.943849 -1.022290 0.749742 1.281325 
orange_peel 1.635913 0.056200 -0.927130 0.637551 0.308204 
squash 0.378098 0.881096 -0.091277 1.056524 -0.687817 
crab 0.986622 0.328071 0.498403 1.107721 -0.313235 
marjoram 0.815895 0.200636 -0.753389 0.972953 -1.562405 
swiss_cheese 0.442389 1.244825 -0.662656 0.693503 -1.051717 
sweet_potato 0.438599 0.208269 -0.781961 1.267816 0.220613 
shiitake 0.936354 -0.688448 0.410754 1.996243 -0.177007 
radish 0.969050 -0.407004 0.678589 1.953268 0.316652 
peach 1.300382 0.698365 -0.646359 0.706830 0.894528 
tarragon 1.423713 0.254786 0.222452 0.747464 -0.606614 
black_bean -0.080885 1.255620 0.645238 1.545297 -0.395733 
lamb 0.750007 0.448022 0.010060 1.035516 -0.439536 
maple_syrup 0.477822 0.430366 -1.196086 1.099253 0.209575 
pear 1.474960 -0.386759 -0.296251 1.126453 0.641837 
fruit 1.446379 0.651845 -0.818144 0.686942 0.980946 
blueberry 1.902227 1.399319 -0.898436 0.197460 0.862284 
clam 1.349282 -0.178131 1.095879 1.545276 -0.516547 
smoke 0.447139 0.614252 -0.292894 1.112145 -0.965863 
tuna 0.793735 0.537977 0.589866 1.153596 -0.210512 
kidney_bean -0.386896 1.101854 0.215373 1.777223 -1.129856 
peanut 0.007631 0.861081 -0.317525 1.608636 1.044821 
asparagus 1.126619 0.538276 0.274773 0.789946 -0.573807 
salmon 1.036897 0.377383 0.408885 1.014646 -0.006783 
leek 0.943013 0.035498 0.128509 1.218472 -1.034355 
chickpea 0.128470 1.017346 0.486894 1.447210 -0.400582 
blue_cheese 1.352534 0.412400 -0.226574 0.556451 -0.585898 
brandy 1.697040 0.119199 -0.954856 0.571516 0.320793 
artichoke 1.332690 0.977606 0.446532 0.534149 -0.917596 
horseradish 0.517630 0.306442 -0.429551 1.147970 -0.522677 
mango 0.800984 1.143709 0.445051 1.068810 1.071301 
date 1.106496 0.428066 -1.606055 0.988314 0.852139 
cardamom 0.525471 0.701760 -0.582408 1.126304 0.653520 
white_bread 0.976836 0.613908 -0.664646 0.613480 -1.028957 
oyster 0.808115 -0.414773 0.476946 1.833894 -0.188329 
cottage_cheese 0.842768 1.732558 -0.146340 0.312807 -0.784217 
grape 1.303723 0.773091 -0.161540 0.675411 0.715192 
brown_rice 0.193049 0.670635 -0.094836 1.313326 -0.404832 
cauliflower 0.299029 0.992221 0.096330 1.130396 -0.454694 
cured_pork 1.199957 0.871522 -0.005127 0.610091 -1.622121 
egg_noodle 0.281755 1.049788 -0.159154 1.025231 -0.957855 
beer 0.105326 0.416014 -0.457393 1.418194 -0.582113 
hazelnut 1.432596 0.332505 -1.193191 0.520627 0.022902 
mandarin 1.328235 0.855087 -0.291553 0.741022 1.110268 
romano_cheese 1.279891 0.869624 0.261075 0.555807 -1.205778 
plum 1.162861 -0.065052 -0.781727 0.978621 0.265253 
pimento 0.597673 1.123250 0.259697 0.878452 -0.606147 
smoked_sausage -0.164959 0.661003 -0.459834 1.600290 -1.356871 
scallop 1.583965 0.388018 1.096527 0.969512 -0.478817 
goat_cheese 1.512916 0.366747 -0.240935 0.500509 -0.889978 
lentil -0.119098 0.854932 0.136470 1.599935 -0.494032 
currant 1.279508 0.154269 -1.107234 0.772272 0.275580 
saffron 1.011393 0.422352 0.515349 1.057467 -0.341406 
barley 0.085007 -0.095992 -0.467972 1.804389 -0.200520 
caraway -0.487846 1.004393 -1.521799 1.482279 -0.877594 
beet 1.066657 -0.202503 -0.405531 1.071874 -0.549406 
squid 1.212010 -0.380958 1.216710 2.008052 -0.082105 
corn_flake 0.242446 1.298889 -0.847013 0.833704 -0.031909 
anise 1.081865 0.213152 -0.580672 0.832984 0.051436 
roasted_beef 0.400342 0.082230 -0.407238 1.397428 -0.923438 
pistachio 1.362225 0.769447 -0.839081 0.548981 0.530552 
peanut_oil 0.249548 0.261884 0.314433 1.805188 0.384068 
cereal -0.072393 0.930468 -1.500610 1.453111 0.736280 
cashew 0.393869 0.734514 -0.178411 1.266923 0.612444 
veal 1.371735 -0.089525 -0.343589 0.842276 -1.316529 
seaweed 1.070762 -0.392716 0.798051 2.050626 0.651975 
turnip 0.465494 -0.340257 -0.839391 1.566896 -1.112072 
sauerkraut -0.354089 0.951929 -1.467051 1.419343 -1.461238 
berry 2.037636 0.590147 -1.283570 0.276316 0.456646 
kelp 1.115652 -0.817269 0.803155 2.543047 0.391574 
tomato_juice 0.014091 0.555031 0.001409 1.602772 -1.073245 
cod 0.814864 0.299742 0.596906 1.326162 -0.298912 
provolone_cheese 1.324273 1.046892 -0.074842 0.437589 -1.614467 
mussel 1.447314 0.144743 1.550183 1.531877 -0.580108 
blackberry 2.156778 1.138953 -1.112351 0.081885 0.629675 
roasted_peanut 0.049472 0.906117 -0.062236 1.614081 1.000881 
rhubarb 1.504454 0.893265 -1.503124 0.449198 0.530605 
chinese_cabbage 0.922597 -0.502144 1.043120 2.456407 0.349647 
corn_grit 0.283134 0.990282 0.249063 1.203698 -0.805324 
chicory 1.782387 -0.217716 0.230329 0.813650 -0.448771 
bourbon_whiskey 0.841902 -0.218984 -1.940721 1.325703 0.406970 
citrus 1.793325 -0.114229 -0.694938 0.922856 1.077600 
lima_bean -0.285075 0.684561 -0.229973 1.769979 -1.219316 
lovage 0.720472 0.061375 0.015966 1.276875 -0.471625 
melon 1.643447 0.847557 0.256445 0.765076 1.332813 
parsnip 0.465039 -0.260302 -0.797277 1.519685 -1.122171 
fig 1.796289 -0.052415 -1.131256 0.516559 -0.114222 
lemongrass 0.493427 1.001478 1.012268 1.638805 0.881299 
whiskey 0.948115 -0.178776 -1.804125 1.298152 0.497910 
watercress 1.330635 0.016444 0.234848 0.982998 -0.106138 
tequila 1.402214 0.775882 0.456152 0.929189 1.195839 
rye_flour -0.057121 1.199467 -1.926467 1.034716 -0.793024 
peppermint 1.009455 1.878378 -0.953632 0.289559 0.618715 
savory 0.859245 0.082871 -0.255939 1.152331 -1.435549 
lobster 1.580519 0.306344 0.860103 0.906951 -0.511175 
roasted_pork 0.279536 -0.094760 -0.978223 1.450856 -0.747314 
