249 10
</s> 0.040027 0.044194 -0.038303 -0.032780 0.013666 0.030211 0.009409 0.002113 -0.036035 0.022185 
egg -0.872167 -0.088621 -0.697804 0.127188 -0.728595 0.564051 0.070317 0.052562 -0.388781 -0.355777 
butter -0.786144 -0.288501 -0.485447 0.071505 -0.714179 0.093551 0.416433 -0.307692 -0.267222 -1.160018 
wheat -0.800219 -0.254193 -0.783563 -0.275324 -0.693815 0.369402 0.524087 0.174707 -0.139493 -0.501907 
onion -0.293488 0.028670 0.728694 -0.143615 1.486628 -0.268575 -0.447063 -0.433334 -0.504307 -0.192765 
garlic 0.258055 -0.132393 0.491405 0.010080 1.837184 -0.065071 -0.175528 -0.057483 -0.633832 0.020762 
milk -1.092361 0.062989 -0.969351 0.123683 -0.756102 0.284873 0.614795 -0.164404 -0.112521 -0.573582 
vegetable_oil -0.386559 0.400627 -0.126880 -0.750461 0.261627 0.667035 -0.394197 -0.251885 -0.126298 -0.057098 
cream -0.876802 0.400237 -0.673423 0.643772 -0.585695 0.818443 -0.007499 -0.637247 -0.006152 -0.491741 
tomato -0.325723 -0.273953 0.504748 0.504055 2.187463 -0.443003 -0.546365 -0.121888 -0.649308 0.499589 
olive_oil 0.091191 -0.589703 1.485946 1.656066 1.579180 -0.109141 -0.026299 0.489620 -0.627189 -0.521479 
black_pepper -0.010260 -0.285594 0.867558 0.124214 1.313570 -0.378326 -0.293003 -0.227526 -0.573043 -0.861238 
pepper -0.421508 0.345693 0.876515 -0.180635 1.423998 -0.310894 0.245484 -0.775725 -0.539126 0.014544 
vanilla -1.047562 -0.791675 -1.560868 -0.136362 -1.192281 1.095809 1.883938 0.231075 0.672728 0.215089 
cayenne 0.735619 0.203731 0.063663 -0.632829 2.335436 0.657942 -0.163121 -1.018917 -0.369009 0.785789 
vinegar -0.551886 -0.728667 0.664596 -0.972940 0.876899 0.563775 -1.633554 0.508943 -0.518329 0.977059 
cane_molasses -0.922493 -0.980487 -0.617765 -1.793903 -0.200150 0.160167 0.078271 -0.137739 0.141243 0.356398 
bell_pepper 0.019851 -0.097105 0.674525 0.337643 1.946705 -0.097141 -0.210783 -0.167298 -0.693500 0.367450 
cinnamon -0.388832 -1.503338 -0.101260 -0.944305 -0.358980 -0.046559 2.000204 -0.777276 0.600632 -0.729464 
parsley -0.521286 0.376458 0.623089 1.167347 0.633768 -0.156387 -0.657570 -0.330819 -0.908373 -1.202664 
chicken -0.059324 -0.175065 0.694845 -0.248002 1.068041 -0.058562 0.402362 -0.365771 -1.373135 0.401555 
lemon_juice -0.293169 -0.456789 1.135466 0.220621 -0.185372 1.099948 -0.305024 -0.021494 -0.270511 -0.026475 
beef -0.164315 -0.411817 -0.116293 -1.181510 1.842141 -0.658310 -0.884931 0.441205 -0.384253 -0.209906 
cocoa -1.391200 -0.185013 -1.931648 -0.359418 -1.324508 1.243797 1.426627 -0.236713 0.725591 0.252914 
corn -1.022547 -0.008417 -0.594790 -1.105212 1.372420 -0.106226 -0.542161 -0.473239 0.456954 1.079371 
bread -1.220801 -0.136774 0.184402 0.683134 0.636458 -0.469732 -1.114464 0.300086 -0.337477 -0.571819 
scallion 1.403453 0.564752 -0.183188 -0.848079 1.566353 1.359561 -0.701699 -0.042732 -0.859974 -0.297458 
mustard -1.316916 0.008925 0.494294 -0.899802 0.062916 0.504593 -2.123795 -0.865589 0.221183 -0.250594 
ginger 1.716590 0.148399 0.535784 -2.111991 0.928492 1.733843 0.825018 -1.607626 0.832660 -0.969706 
basil -0.377624 -0.088086 0.523547 2.128822 2.037918 -0.812016 0.104976 0.878501 -1.067905 -0.240568 
celery -0.785353 0.176356 1.063552 -0.508519 0.947968 -1.028429 0.129553 -0.353908 -1.040611 -0.822046 
carrot 0.523069 0.429248 1.299444 -0.990763 1.061021 -0.537499 0.793329 -0.197984 -1.005455 -1.815688 
potato -0.758631 0.603896 0.570655 -0.211843 0.924489 -0.983109 -0.142998 -0.824717 -0.722320 -1.466153 
chicken_broth 0.355464 -0.052352 1.032188 0.285776 1.315241 -0.717248 0.874533 -0.736616 -0.945566 -1.610040 
yeast -1.378300 0.136803 -0.848539 0.652412 -0.426956 -0.012299 0.102427 0.673189 0.490942 -0.790936 
rice 1.405857 0.400925 0.199691 -1.454795 1.442191 0.847976 0.292796 -0.298280 -0.792306 -0.501340 
mushroom -0.120185 0.712631 -0.314685 0.264882 1.441672 -0.885036 -0.212034 0.503555 -1.457953 -1.208398 
cheese -1.106710 0.381968 -0.522169 1.638594 1.073704 -0.228526 -0.294744 0.429002 -0.154530 0.101975 
soy_sauce 2.468971 -0.166553 -0.872208 -2.439268 1.725028 1.933223 -0.805104 0.305838 -0.302075 -0.577320 
cumin -0.005152 1.134120 2.098811 -0.806675 2.353710 0.419290 1.438976 -2.384350 0.018411 1.231643 
oregano -0.598002 -0.310936 0.562561 1.477316 2.716720 -1.054604 -0.005879 0.661656 -0.161838 0.391272 
parmesan_cheese -0.635658 0.721966 0.335964 2.476487 1.348524 -0.574993 -0.041573 0.953118 -1.093004 -0.972289 
macaroni -0.253828 0.863130 0.372192 2.341429 1.966744 -0.407256 0.022335 0.949499 -0.897827 -0.615504 
thyme -0.547914 -0.931910 1.282528 0.979504 1.577530 -1.938445 0.369410 0.432766 -1.110774 -1.733728 
cheddar_cheese -1.766420 1.667950 -1.108692 0.127767 1.478924 -0.916683 -0.370517 -0.048457 -0.375152 0.386281 
lard -1.093640 -0.291497 -0.872046 -0.634097 -0.839623 0.215047 0.771631 0.406284 -0.012405 -0.405275 
lemon 0.225295 -1.070346 0.562604 0.772999 -0.303546 1.377429 -0.295405 -0.674227 -0.134889 -0.571821 
cream_cheese -1.310546 0.217285 -1.502049 0.482868 -0.667408 0.994977 -0.541537 -0.064040 0.030907 0.313855 
walnut -0.982873 -0.999318 0.021189 -0.544987 -1.535626 0.851547 1.370792 0.910944 -0.092307 -0.106539 
green_bell_pepper -0.710415 -0.167751 0.045207 -0.229054 2.139867 -0.870082 -0.571784 -0.388893 -1.264852 0.897579 
starch 0.624889 -0.164283 -0.772575 -1.134210 0.394103 0.918175 0.236269 -0.401305 0.536307 -0.791623 
nutmeg -0.583037 -1.432869 0.022384 -0.685477 -0.458813 -0.689609 2.180234 -0.436904 -0.050173 -1.116090 
honey 0.086881 -0.729936 0.805827 -1.382148 -0.175567 1.089949 0.597235 0.818807 0.168251 0.188699 
apple -1.145206 -1.064418 0.983006 -1.095505 -0.500154 0.065821 0.944359 0.115225 0.735318 -0.149538 
almond -0.793142 -0.652868 0.570296 -0.083254 -1.339384 1.199176 0.793567 0.132054 -0.006713 -0.348178 
cilantro 1.393084 0.355549 0.872031 0.112510 2.735394 1.678928 0.785672 -2.002566 0.123056 1.469553 
pecan -0.938052 -1.121642 -0.542489 -0.716523 -0.735664 0.660772 1.316764 0.526375 0.789050 0.312633 
white_wine 0.403961 -0.871894 1.158061 1.262656 0.782472 0.216693 -0.661200 -0.567286 -1.142574 -1.409953 
bacon -1.053130 0.635668 0.430681 -0.042874 1.076031 -0.604058 -0.963225 0.186353 -0.238836 -0.812286 
pork 0.184044 -0.925234 0.340592 -1.601221 1.923775 -0.534584 -0.344383 -0.239384 0.469465 -0.406874 
raisin -0.813050 -1.111994 0.836344 -1.109928 -0.835861 0.225785 1.936310 0.639078 -0.262642 0.202462 
bean -0.099183 0.175469 0.786256 -0.533548 2.356568 -0.476019 0.124607 -0.090004 -0.582422 0.652131 
rosemary -0.850020 -1.026557 1.307956 1.465286 1.811289 -2.063875 0.544092 1.373445 -0.466608 -1.373071 
fish 1.858354 -0.045800 0.351588 -0.132014 1.264339 1.732495 -0.907870 -0.989672 -0.841932 -1.118603 
cucumber 0.100754 0.743671 0.469921 -0.265754 -0.128900 2.307611 -1.471720 -0.104613 -0.679270 0.488136 
olive -0.867841 -0.072380 0.604460 1.880668 1.327688 0.012424 -0.664361 0.669915 -1.391275 0.898765 
coconut 0.032929 0.196335 -0.020105 -0.918372 -0.742383 2.106217 1.864252 -1.983900 -0.307066 0.920903 
orange -0.141055 -1.939821 1.292552 0.199267 -0.704774 1.609500 0.474513 0.065805 1.188789 -0.314429 
tamarind -1.305619 -1.139388 -0.563464 -2.009064 1.213320 -0.515647 -2.063387 -0.542290 -0.359749 1.101099 
vegetable 1.377202 0.485628 0.405189 -1.498160 1.269966 0.305350 0.436917 0.477777 -0.816063 -1.516753 
orange_juice 0.239738 -1.919562 0.918757 -0.021833 -0.149109 1.717973 0.808877 -0.243413 0.879523 0.620810 
buttermilk -1.362328 0.168101 -0.694595 0.173193 -0.912174 0.444678 0.257887 0.446840 0.035884 -0.314501 
pineapple -0.694188 -1.125678 0.145634 -0.434790 -0.492351 1.914044 0.382337 -0.390546 0.926700 1.347151 
shrimp 2.145618 -0.248532 -0.921097 0.019198 1.839618 1.457897 -1.309990 -1.586154 -0.670204 -1.472525 
coriander 0.697158 0.790884 3.165792 -1.237669 1.340982 1.153710 2.257166 -2.310791 -0.986862 0.882745 
bay -0.420936 -0.857803 1.444579 0.089302 1.453476 -1.337005 -0.466670 -2.160477 -0.090930 -2.395250 
lime_juice 1.099391 0.000022 0.807199 0.278885 2.196350 2.700911 0.158148 -2.263472 1.288887 1.849440 
red_wine -0.237510 -1.450981 1.528460 0.321247 1.053091 -0.290727 -0.906139 0.557259 -0.783657 -0.356938 
gelatin -0.600564 -0.356522 -0.382702 0.365042 -0.799235 2.312318 1.301653 0.543211 1.625556 0.804353 
pork_sausage -1.363010 -0.592536 -0.278431 1.667629 2.756146 -2.089097 -0.496058 -0.230016 1.140733 -1.151540 
sesame_oil 3.733286 -0.093137 -0.931067 -2.563061 2.706450 2.301235 -0.236423 0.689152 -0.409855 -0.871073 
chive -0.972570 -0.099024 0.358351 0.510701 -1.065295 1.010245 -1.455269 -0.837301 -1.351851 -0.568574 
seed -1.137086 0.444337 1.954732 -0.958405 0.342212 0.557733 0.077506 0.304180 1.595189 -0.113461 
mozzarella_cheese -1.309123 0.225989 -0.728517 3.014879 2.139723 -0.950813 -0.710262 1.918007 -0.397688 0.141074 
ham -1.465126 0.596551 -0.082346 0.776293 0.712515 -0.513123 -1.432922 0.189986 0.471339 -1.252555 
oat -1.211478 -0.438156 -0.448380 -1.945474 -1.265391 0.754355 2.390419 1.074772 0.649228 0.326725 
turmeric 0.951887 2.160394 2.365632 -1.417537 1.787344 1.281846 2.546060 -3.308102 0.142258 -0.055129 
nut 0.551973 -0.201695 0.638033 -0.667262 0.236210 0.693733 1.079929 1.881696 -0.345141 -0.379657 
shallot 0.717988 -1.138784 1.995823 1.250203 0.256684 0.741922 -0.401745 -0.338094 -0.745563 -1.898278 
lettuce -0.236946 0.604613 1.534139 -0.121447 0.565970 1.948770 -1.451041 1.200823 -0.295663 1.088663 
cider -0.980654 -1.010422 1.316995 -1.923563 0.271453 0.183528 -1.064770 0.149195 0.567579 0.184798 
dill -0.937748 0.620330 1.030963 0.226121 -0.323668 0.608269 -1.570644 -0.213747 -1.297151 -0.808222 
pea 0.302780 1.196247 1.134083 -0.421684 1.218456 0.097878 0.326182 -1.205463 -2.301291 -0.494260 
zucchini -0.484532 0.287885 0.726444 0.936805 1.081710 -0.842227 1.775144 0.010695 -1.142226 -0.224995 
cherry -0.545496 -2.092329 0.087471 0.320943 -1.314076 1.908360 1.028966 0.037340 -0.058477 0.934759 
lime 1.086002 -0.970034 0.315993 0.837605 1.258585 2.683201 0.068747 -2.229758 0.871150 1.357843 
yogurt -0.113967 0.549945 2.183204 0.102610 -0.027247 1.876675 1.009371 -0.243129 0.197605 0.745136 
strawberry 0.090551 -0.577920 -0.292889 1.527045 -0.613286 2.989088 1.408791 1.059559 2.695763 -0.053166 
soybean 2.832512 0.570551 -0.916507 -2.270799 1.940325 1.665780 0.410533 0.967513 -0.284979 -1.179970 
celery_oil -1.098327 -1.789927 -0.704762 -2.164774 2.390904 -0.556494 -2.605862 0.380954 0.221409 1.962957 
peanut_butter -0.235156 1.723912 -1.218321 -2.271401 -0.717993 1.587048 1.402527 0.588873 -0.408042 0.416649 
banana -0.375974 0.026706 -0.230713 -0.337051 -0.963959 2.440818 1.295001 0.305463 0.917870 0.885469 
meat -0.532459 -0.851713 0.666612 -0.450828 1.406929 -1.169987 0.159159 0.160451 -0.104822 -0.664125 
tabasco_pepper -0.859031 -0.226435 -0.699562 -0.523945 1.552792 0.124780 -2.063478 -0.886993 0.194584 0.549078 
milk_fat -0.564307 -0.612517 -0.844047 1.258892 -0.869304 0.388705 0.428935 -0.751174 0.012605 -1.719798 
cabbage -0.012206 0.659432 1.099848 -1.988103 1.077172 0.273684 -0.444769 0.234087 0.170266 -0.544087 
mint 0.927230 -0.056484 1.945096 0.880432 0.837261 1.941128 1.080729 -0.861516 -0.192302 0.554049 
fennel -0.342076 -1.226425 1.233844 2.098340 1.669291 -1.522798 0.283735 0.248221 -0.347994 -2.146639 
sage -0.975014 -1.225954 0.975488 0.499305 1.304687 -2.611739 0.989330 0.899382 -0.473039 -2.107497 
broccoli -0.481588 2.191294 -0.087216 0.091179 0.781194 0.216762 0.301004 0.337626 -1.235013 -0.254142 
turkey -0.924755 -0.335230 0.683861 0.110603 1.567443 -1.096317 0.330686 0.683453 -0.094285 0.090862 
fenugreek 0.669887 0.863061 2.669959 -1.367864 1.312464 1.152650 2.462575 -3.465091 -1.514268 1.188420 
cranberry -0.982210 -2.280466 0.934179 -0.477361 -0.353838 0.511587 1.108418 1.645045 1.499434 0.473091 
wine 0.839225 -0.888800 0.391438 -0.255950 0.661090 0.928195 -0.352907 -0.075902 -0.140562 -0.726002 
beef_broth 0.237753 -0.993918 0.265276 -1.290356 1.753474 -1.252933 -0.586460 0.406036 0.031442 -1.819636 
grape_juice -0.190603 -1.084814 1.724352 1.079265 0.640336 0.364261 -0.241945 1.816968 -0.425850 -0.089709 
pumpkin 1.300214 -1.529947 -1.732820 -1.400969 -0.086011 0.092231 2.203641 0.562605 -1.357388 -1.097816 
raspberry -0.635350 -0.584773 -0.314376 1.347193 -0.889959 2.299886 0.689476 1.187860 2.285057 -0.131978 
whole_grain_wheat_flour -1.314891 0.415390 -0.021643 -0.859254 -0.602228 0.115870 0.972897 2.296023 0.782063 -0.577751 
lemon_peel 0.084848 -0.863327 0.814481 1.211411 -0.780776 0.915712 1.003276 0.218636 -0.779234 -0.923766 
coffee -1.345237 -0.932136 -1.566600 -0.611747 -1.252445 0.805733 0.124729 -0.952508 0.175364 -0.024179 
sesame_seed 1.396550 0.910552 0.847773 -2.191449 0.442506 2.339789 -0.278242 0.768684 -0.088180 -0.312427 
avocado 0.067025 -0.008642 0.623845 0.860601 1.634937 2.352365 -1.597210 -0.367864 0.491402 2.149966 
sherry 0.210352 -1.045286 0.798952 -0.083729 0.381759 0.158253 -0.366165 -0.140803 -0.905424 -0.914100 
sake 3.488357 -0.680490 -1.349132 -2.497710 2.033833 2.562831 -1.148823 1.888035 0.883645 -1.547148 
feta_cheese -0.775496 0.410492 1.949532 1.656382 1.041900 0.661712 -0.331850 1.784858 -0.559612 0.904103 
apricot -0.760065 -1.998259 1.283205 -0.495197 -1.011813 0.365200 1.641755 -0.313988 0.156697 -0.426978 
roasted_sesame_seed 3.196116 2.338002 0.355345 -2.446861 2.597321 2.474416 -0.931423 1.684610 0.525629 -2.356519 
rum -0.369703 -1.878124 -0.662051 0.233168 -0.599526 1.686741 1.390768 -0.891151 1.333033 0.632751 
orange_peel -0.311532 -1.974437 1.247631 0.377918 -1.180021 1.211831 0.959666 0.355471 0.743959 -0.629783 
squash -0.088926 -0.019981 0.983671 0.400791 1.419638 -1.003707 2.071486 -0.077426 -1.095237 -0.299609 
crab 0.018683 0.386369 -0.914340 0.503908 0.571379 1.247659 -2.171839 -2.637130 -0.262941 -1.009753 
marjoram -1.345677 -1.040759 1.725819 0.016347 1.387010 -2.603841 0.397900 1.371993 -1.052151 -1.308736 
swiss_cheese -2.535864 1.213225 -0.931599 0.307140 0.075894 -0.669453 -1.907497 0.615812 0.325121 -1.006931 
sweet_potato 0.143944 -1.387355 1.083426 -1.311783 0.264966 -0.480011 2.137584 -0.943965 -1.047011 -0.391408 
shiitake 2.929631 -0.434395 -1.162870 -0.965802 1.754708 0.771881 -0.338730 1.802190 -1.308752 -2.581532 
radish 2.698644 0.124698 0.591535 -1.499276 1.358445 2.774087 -1.887959 2.205343 -0.352151 -1.409743 
peach 0.066669 -1.566347 0.155356 0.164213 -0.255375 1.797490 1.079881 -0.096597 1.346754 0.540179 
tarragon -0.421393 -0.388753 1.593044 0.978073 -0.332022 0.561621 -1.484801 -0.060974 -1.183282 -1.631835 
black_bean -0.070542 0.978373 0.353212 -0.034266 3.331264 0.533934 0.323557 -0.690947 0.838450 2.141035 
lamb 0.543485 -1.212794 3.186310 0.252486 1.282092 -0.297951 1.775339 -0.199019 -0.824305 -0.588078 
maple_syrup -0.761396 -1.243147 -0.147252 -1.827370 -0.121650 -0.258308 0.856186 0.163167 0.197674 -0.150340 
pear 0.920086 -1.462252 0.983034 -1.367869 -0.750292 1.529280 0.569299 1.163906 -0.091746 -0.801031 
fruit -0.487178 -1.222111 0.466216 0.081765 -1.151883 1.769362 1.353929 0.557261 0.814926 0.201142 
blueberry -0.385741 -0.488250 -0.318634 1.564106 -1.578520 2.690149 1.497997 1.714695 2.162619 -0.787606 
clam 2.441140 -1.069553 -1.093892 1.181791 1.578046 0.940147 -1.493253 -1.683285 -1.549871 -2.890358 
smoke -1.256106 -0.400986 0.985140 -0.127867 1.150612 -0.832210 -1.437354 -0.136489 0.424987 -1.096170 
tuna -0.111260 1.349404 0.348889 -0.028621 0.459743 1.485598 -1.616760 0.528145 -0.965398 0.084757 
kidney_bean -0.570715 -0.431021 0.779104 -1.150692 3.617055 -1.697399 0.186977 0.292056 -0.703299 1.456351 
peanut 0.756349 1.486049 -0.480810 -3.058598 0.380571 2.103461 0.891568 -0.671937 0.243614 0.726488 
asparagus 0.019753 0.534893 0.694630 0.923370 -0.118757 0.452911 -0.068830 0.229286 -2.109962 -1.084383 
salmon 0.365758 -0.025762 0.930339 0.002594 -0.037315 1.603014 -0.910854 -0.402491 -0.443331 -0.547583 
leek 0.440566 0.196278 1.980618 0.733276 0.283454 -0.501723 0.506261 -0.693311 -1.252436 -3.504117 
chickpea 0.541701 0.170879 2.140692 -0.228991 2.222718 -0.205653 1.831072 -0.046493 -1.425897 0.899156 
blue_cheese -1.139541 -0.130610 1.005163 0.895816 -0.116826 0.764541 -1.348600 1.241483 0.284194 -0.222949 
brandy -0.993311 -3.103960 0.056261 0.732070 -1.057467 0.811471 -1.108975 -0.671712 1.731206 -1.595624 
artichoke -0.604636 0.109211 0.655662 2.610800 0.707064 0.294913 -0.863093 0.810164 -1.281897 -0.374815 
horseradish -1.325907 0.055068 0.693496 -1.312276 0.038404 0.757723 -2.871024 -0.479365 0.431447 -0.474115 
mango 0.905581 -0.158599 1.502966 -0.041936 0.778449 3.052397 0.360342 -1.868423 1.025407 1.232463 
date -1.202250 -1.883776 0.738748 -0.955617 -1.938455 0.606917 2.107075 0.365320 -0.751734 0.066452 
cardamom 0.438872 -1.550586 1.774189 -1.021452 -0.211461 0.324333 2.641831 -2.104769 -0.955154 -0.379901 
white_bread -1.382223 -0.009196 0.115787 0.620824 0.314403 -1.087441 -0.293979 0.510334 -0.154268 -1.420458 
oyster 2.684659 0.379479 -0.758170 -0.981071 1.859165 1.118582 0.074021 -0.188115 -0.477915 -2.273930 
cottage_cheese -1.708548 1.058266 -0.696159 2.105197 0.790206 -0.097760 -0.128513 1.053825 -0.244003 0.774128 
grape -0.102402 -0.351422 2.378778 0.200642 -0.489632 2.917805 0.704968 0.398319 1.080038 1.147571 
brown_rice -0.388689 0.593548 1.044956 -0.397942 1.373852 -0.674211 1.254256 -0.106216 -0.731572 -0.056828 
cauliflower -0.511390 2.205381 1.701754 -0.505759 0.461125 0.153359 0.504880 0.182711 -1.721778 -0.515883 
cured_pork -1.012302 -0.131619 0.533094 3.005149 2.072407 -1.368363 -1.024737 2.425699 0.644564 -2.099478 
egg_noodle -0.920971 0.944958 -0.714154 0.066610 1.465300 -0.796566 -0.067890 -0.176902 -0.267532 -0.334265 
beer -0.714594 -0.459946 -0.033549 -1.191715 1.711571 -0.600450 -0.924107 -1.333665 0.896280 -0.439698 
hazelnut -0.759471 -1.461927 0.301381 0.079538 -1.586264 0.565613 0.578287 0.732876 -0.065267 -1.328747 
mandarin -0.013444 -0.039414 0.486733 0.552188 -0.081527 3.087043 0.734550 1.246927 1.391483 1.686781 
romano_cheese -0.580872 -0.090200 -0.040957 2.953759 1.138125 -0.681487 -0.067964 1.141229 -0.531462 -1.516568 
plum -0.349287 -2.207736 1.738966 -0.663581 -0.075994 0.087925 1.217663 0.084677 0.853485 -0.484568 
pimento -1.476435 1.062869 0.321684 1.119422 1.045596 -0.154860 -0.889029 -0.658760 -0.981077 0.435815 
smoked_sausage -1.726368 -0.132051 0.708720 -1.438206 1.870987 -2.202619 -0.781017 -1.215823 0.345801 -1.377051 
scallop 1.413093 -0.662586 0.464911 2.276645 1.204009 1.130214 -1.086098 -2.567258 -0.906422 -2.425677 
goat_cheese -0.677948 -0.132834 1.691980 1.836418 0.131561 0.313668 -0.224405 1.318861 0.206991 -1.229430 
lentil 0.152794 0.971094 2.922772 -0.663496 2.073726 -0.778690 2.597863 0.066536 -1.343854 0.139591 
currant -0.923998 -2.948153 1.266253 -0.229379 -0.772423 -0.021739 0.974973 0.468271 -0.311167 0.105773 
saffron 1.187629 -0.667366 2.027131 1.483280 1.093285 -0.120406 1.776395 -1.991849 -1.157936 -2.253679 
barley 0.548185 0.882709 1.033904 -1.661183 1.022704 -0.139857 0.852722 1.484511 -0.002384 -1.576308 
caraway -2.617691 0.823756 2.742808 -1.842926 0.167402 -1.037437 -1.031862 -2.284585 2.760525 -3.038204 
beet -0.872179 -0.860211 3.774135 -0.852823 -0.702467 1.153233 -1.340815 1.237928 -0.400332 -0.390800 
squid 3.822612 -0.314011 -1.655570 0.085545 1.972119 2.260094 -1.023499 -0.413291 -0.872556 -2.726902 
corn_flake -1.357827 1.073857 -0.976431 -0.969838 -0.020054 -0.028794 0.672489 -0.461906 -0.442752 0.362178 
anise 0.670074 -1.615145 0.476990 0.104651 -0.388815 0.528892 1.151379 -0.364781 0.070600 -1.908341 
roasted_beef -0.931079 -0.840048 0.804632 -1.102319 0.999304 -0.966511 -1.370887 0.417294 -0.087240 -0.946699 
pistachio -0.286447 -0.891871 0.990843 0.524169 -1.562160 1.648036 1.264612 -0.505990 -0.400063 -0.446325 
peanut_oil 2.349539 0.531078 -0.238746 -1.830251 1.878373 1.735274 0.405511 -1.307230 -0.460642 -0.305316 
cereal -0.952440 1.461996 0.036904 -2.496548 -0.662310 0.485678 2.527867 2.461315 0.696910 -0.374894 
cashew 0.405971 1.020181 1.281630 -1.028777 0.034930 1.420846 1.611617 -0.425876 -0.656466 0.218691 
veal -0.453470 -1.515974 1.221098 1.301498 0.614942 -1.350155 -0.755709 0.582199 -0.413799 -2.968634 
seaweed 2.562312 0.610585 -1.468381 -1.611780 0.756907 3.416627 -2.355263 2.438806 -0.535339 -1.035557 
turnip -0.152705 -0.820788 3.606489 -1.727449 -0.249484 -1.278669 1.147380 0.046163 -1.876985 -3.109700 
sauerkraut -3.272594 -0.492499 0.082734 -1.673930 0.918370 -2.069272 -2.235622 -0.816489 3.386132 -2.372654 
berry -0.989667 -0.066180 0.286173 1.354704 -1.085885 1.867143 1.503374 0.551045 3.141732 -1.102360 
kelp 4.502523 0.908973 -1.494359 -1.972165 1.746793 3.161506 -0.884971 0.665643 0.032200 -3.745603 
tomato_juice -0.975877 -0.541812 0.633084 -0.887915 1.968452 -0.998516 -1.162658 -0.396728 -0.697082 0.501231 
cod 1.067641 0.551253 0.425109 0.238573 1.283770 0.643965 -0.461189 -1.770637 -0.600593 -1.859056 
provolone_cheese -1.878530 -0.300566 -0.393442 2.864605 1.499374 -0.957018 -1.782898 2.006120 0.696638 -0.785265 
mussel 3.367774 -1.877518 0.590108 1.517892 2.626964 0.966900 -1.075155 -2.868451 -0.934064 -3.658041 
blackberry -0.453654 -2.110612 -1.092363 1.970492 -0.833020 1.695101 1.109749 1.951957 2.197759 -0.435518 
roasted_peanut 1.299708 1.352278 0.449293 -1.886610 0.957244 2.329532 1.597245 -0.810693 0.269522 0.883520 
rhubarb -0.385777 -1.653772 -1.859592 0.718644 -1.409992 1.262325 1.325883 1.165458 0.396147 -0.581353 
chinese_cabbage 4.996631 -0.681862 -0.247703 -2.332362 2.809258 2.439168 -1.253617 1.693402 -1.455147 -2.777138 
corn_grit -0.549708 0.148442 -0.394508 0.939913 2.513215 -0.440584 -0.319618 -1.935922 0.540656 0.223059 
chicory 0.287783 -0.776327 3.041227 0.959952 -0.148893 1.593824 -2.042197 2.240037 -0.003075 -1.958022 
bourbon_whiskey -0.914305 -3.659633 -1.638362 -1.457421 -0.443065 -0.193582 0.049691 -2.687294 -0.465782 0.241846 
citrus -0.100762 -2.885610 0.930501 0.136672 -1.756485 2.105685 0.212514 -0.443685 1.260425 -1.214643 
lima_bean -1.410996 -0.053558 1.408892 -1.272923 2.560669 -1.982488 -0.323455 -1.308126 -0.890412 0.244455 
lovage 0.170708 -4.096725 -1.784924 -0.853028 -0.282547 -0.334810 -3.353914 -3.795157 -5.062540 -0.225555 
melon 0.994787 -0.969801 1.814742 0.969823 0.509364 3.783674 1.554781 0.499824 1.697391 1.976790 
parsnip -0.761537 -0.107822 3.255568 -1.329218 0.043437 -1.605245 1.223774 -0.595896 -0.946560 -2.994689 
fig -1.203602 -2.779986 1.757143 1.354499 -1.682993 0.459467 0.588795 1.045105 -0.141289 -0.880565 
lemongrass 4.180742 1.049955 0.638921 -0.151849 2.981872 3.275115 1.939662 -3.537287 -0.014537 -0.496264 
whiskey -2.138318 -4.303385 -0.503592 -0.051927 0.019765 -0.197481 -0.437861 -0.451236 1.555602 1.445980 
watercress 0.476472 -1.707622 2.468353 -0.072859 0.386471 1.478180 -1.005308 0.654187 -0.496920 0.066960 
tequila 1.184577 -3.008734 -1.319457 0.808795 1.961824 2.596985 -0.957850 -1.488213 1.282374 2.393249 
rye_flour -3.264210 0.343333 1.447955 -1.499400 -0.937686 -0.456139 -0.737827 1.769075 2.817562 -1.277670 
peppermint -0.426226 0.120812 -1.096789 0.031682 -1.518284 2.234828 0.098987 -0.075777 -0.878061 0.472759 
savory -0.140246 -0.893706 1.561005 0.909306 1.332527 -1.467875 0.754939 0.360626 -0.386105 -2.099995 
lobster 1.213016 -2.027770 -0.010859 1.969749 1.129559 0.438660 -0.784639 -2.114121 -0.751774 -1.893071 
roasted_pork -0.916436 -2.191447 1.310144 -1.444446 1.595824 -1.502129 -0.168074 0.278102 0.791698 -0.279150 
mace 0.146875 -2.297220 0.857782 -1.141595 -0.299524 -0.277727 1.946602 -0.464717 0.050449 -1.291498 
endive -0.246249 -1.252775 3.019915 1.070387 0.308160 0.162650 -0.914281 1.768026 -1.047783 -1.409421 
brassica 0.846723 0.357327 1.692733 -1.096759 1.411436 0.213374 -0.787905 0.741552 0.942597 -2.857349 
grapefruit 0.277862 -1.760055 1.877093 0.259274 0.065228 2.809962 -0.035409 0.167591 1.207135 1.393135 
enokidake 4.195518 0.120434 -2.489661 -2.899292 2.693294 1.986180 -1.843049 2.359620 -0.158426 -3.690883 
porcini 0.113293 -1.314483 0.692511 2.195037 0.893180 -1.599296 0.391558 1.051169 -0.982700 -3.345195 
kiwi 0.343743 -0.049284 0.634360 0.581188 0.070475 3.604320 0.798616 0.772023 2.649735 1.372367 
wasabi 1.766264 -0.296929 -0.717498 -1.957809 -0.625503 3.703621 -4.294739 0.883111 -2.796803 -0.845181 
watermelon 0.265045 -1.060857 2.219214 2.521746 0.275968 3.943866 -0.094616 -0.983744 2.386010 0.781894 
lime_peel_oil 1.086352 -0.866150 1.025587 1.159263 1.089085 3.371644 0.151366 -1.905449 1.109039 1.691120 
okra -0.260773 -0.662162 0.888719 -0.744119 2.187806 -0.990202 -0.198249 -1.865184 -0.552253 -0.228685 
macadamia_nut -0.248999 -0.145143 -1.038670 -0.564312 -0.858615 1.811962 1.265255 -0.621473 -0.141688 0.847372 
smoked_salmon -1.298637 1.232471 1.503991 0.487874 -1.272308 1.755736 -2.853447 -0.059486 -0.229873 -1.746146 
kale 0.147090 -0.030669 2.066344 -0.078336 1.822861 -1.269345 0.419147 0.646481 -0.828236 -1.965422 
popcorn -0.565527 1.655113 -1.018134 -0.746534 0.293470 1.136286 1.650960 0.245900 -0.615330 1.581838 
rye_bread -3.844530 1.106289 1.067749 -0.627970 -0.093821 -0.897685 -3.027758 -0.277258 1.826074 -1.466321 
star_anise 2.003674 -2.025644 1.380344 -1.095322 0.688401 1.503571 0.895414 -0.930261 -0.251916 -0.575939 
brussels_sprout -1.296994 0.730854 2.068866 0.084897 -0.141789 -0.648219 -0.071542 0.876130 -1.376400 -1.410072 
tea -0.209278 -1.316456 0.692417 -0.005937 -0.270020 1.239086 1.147229 -1.342932 0.985949 -0.025522 
thai_pepper 2.984432 0.392603 -0.278122 -1.764488 2.251998 3.144637 1.356176 -2.877511 -2.173142 2.052822 
champagne_wine -0.005649 -1.614888 1.741217 1.035860 -0.333444 1.809648 -1.150321 0.432811 1.165828 -0.925747 
anise_seed -0.620647 -0.311922 1.701941 -0.242428 -0.707793 1.271526 1.141639 -0.466419 0.965529 -0.321810 
yam 0.336798 0.317556 1.748598 -2.022360 0.228931 -0.355660 2.699111 -0.848724 0.520504 -2.292051 
bitter_orange -0.516941 -3.688712 0.815149 3.558465 -1.494744 2.015156 0.984424 -2.446733 0.563002 -1.020219 
wheat_bread -1.548493 1.142479 0.216903 -0.065336 0.464357 0.045363 -0.664006 0.743866 0.068190 0.056326 
