249 10
</s> 0.040027 0.044194 -0.038303 -0.032780 0.013666 0.030211 0.009409 0.002113 -0.036035 0.022185 
egg -0.352622 0.186507 -0.555551 0.192636 0.398674 0.635782 0.694995 -0.313621 0.813044 -0.630800 
butter -0.521287 0.204424 -0.847847 0.477847 -0.120019 0.325143 0.770829 0.233587 0.638782 -0.333317 
wheat -0.179635 -0.046337 -0.791762 0.456606 0.309815 0.520149 0.836048 0.129405 0.786732 -0.402884 
onion -0.836928 0.392947 0.176577 0.742023 0.464851 -0.218490 -1.161038 0.438397 -0.675712 0.152752 
garlic -0.851083 0.307045 0.047569 -0.100744 0.629951 -0.589857 -1.038799 0.822459 -1.007092 0.793465 
milk -0.458578 0.448158 -0.932956 0.469138 0.213244 0.454513 1.138260 -0.355665 0.669040 -0.420104 
vegetable_oil 0.101749 0.634983 0.130649 -0.011493 0.500877 0.666322 -0.417500 0.317572 -0.466388 -0.700015 
cream -0.625256 0.504649 -1.008696 0.015334 -0.196713 0.638964 0.406401 -0.553750 0.461573 -0.337019 
tomato -1.116042 0.077187 0.198269 0.706771 0.925270 -0.266663 -1.579493 -0.190052 -1.037929 1.156868 
olive_oil -1.956055 -0.597838 0.206684 -0.252758 -0.584952 -0.784415 -0.437956 0.567914 -1.329751 0.526182 
black_pepper -0.791324 0.124611 -0.556964 0.016258 0.324922 -0.792743 -0.938398 0.830111 -0.638555 0.113199 
pepper -0.722057 0.962447 0.342732 0.608828 0.051903 0.107248 -0.840900 0.725743 -1.072620 0.227751 
vanilla 0.894038 -0.735005 -1.645340 0.413086 0.395897 1.704970 2.135384 0.028928 0.347000 -0.050392 
cayenne 0.422277 0.539226 -0.372899 -0.265196 1.502851 -0.265599 -1.577719 0.580310 -1.811653 0.511199 
vinegar -0.292482 -0.056982 0.591650 -0.478144 0.410444 1.061671 -2.247211 0.239518 0.003890 -0.459225 
cane_molasses 0.604675 0.429510 -0.422616 0.850293 0.498568 1.504920 -0.742108 0.969230 1.228191 0.066446 
bell_pepper -0.737832 0.534002 0.028017 0.223355 0.639399 -0.271377 -1.111082 0.176909 -1.379490 0.520519 
cinnamon 0.887177 -0.714805 -1.692681 0.819504 -0.368198 0.819375 0.809062 1.887950 0.090570 0.325312 
parsley -1.777551 0.186300 -0.299257 0.098083 -0.445411 -1.005515 -0.250967 0.346776 -0.744189 -0.370314 
chicken -0.799104 1.131563 0.548083 0.021512 0.059609 0.172372 -0.264677 0.805827 -1.031702 0.560196 
lemon_juice -0.827434 -0.093747 -0.293163 -0.849961 -0.945353 0.686289 -0.259360 0.084551 -0.709485 -0.422127 
beef -0.621724 -0.087666 0.483355 0.440503 1.403567 -0.462906 -1.683629 0.982458 0.287902 0.328373 
cocoa 0.872250 0.002131 -1.445588 0.259483 0.938018 1.845296 1.466551 -0.655424 0.910815 -0.250009 
corn 0.167413 0.518975 0.005981 0.681129 1.447453 0.792314 -1.197210 -0.223215 -0.109473 0.718512 
bread -1.591266 -0.126410 -0.103425 0.609127 0.183134 -0.210956 -0.569011 -0.552474 0.261615 -0.067551 
scallion 0.070574 0.508328 0.189485 -1.685842 1.534691 -0.343361 -0.871528 0.432784 -1.110669 -0.409824 
mustard -0.500920 0.538947 -0.074300 0.436260 -0.128644 1.046897 -1.925323 -0.259713 0.227894 -0.975741 
ginger 1.469854 0.800788 -1.102131 -1.449560 0.652785 0.405331 -0.436771 2.100633 -0.661068 -0.343124 
basil -2.551280 -0.259362 0.159835 0.405723 0.514479 -1.377202 -0.172401 -0.471915 -1.025413 1.391295 
celery -1.342290 0.866393 0.537800 1.162605 -0.125832 -0.531071 -0.639041 1.397246 -0.309042 -0.066292 
carrot -0.701312 0.582805 0.652739 0.209474 0.176623 -0.952764 0.015331 2.383367 -0.419990 -0.949309 
potato -0.878966 0.777491 -0.156194 1.232004 0.418852 -1.210857 -0.244248 1.167278 -0.437444 -0.972552 
chicken_broth -1.369804 0.482343 -0.124498 0.337026 -0.614760 -0.987405 -0.079679 1.885187 -1.058513 0.621783 
yeast -0.487264 -0.551630 -0.468476 1.128484 0.620848 0.188773 1.015058 -0.412391 0.454825 -0.570847 
rice 0.268208 0.718741 0.566612 -1.295170 1.116663 -0.187857 -0.149081 1.654274 -1.023166 -0.267340 
mushroom -1.715007 0.925703 0.440955 0.103042 0.723994 -0.984546 0.008140 0.510449 -0.122475 0.633601 
cheese -1.614051 -0.077670 -0.094660 0.490194 1.002636 -0.458757 0.069181 -1.132757 -0.254252 1.082399 
soy_sauce 1.092501 0.427728 0.308847 -2.658090 2.150017 0.222661 -1.494693 1.687403 -0.155372 -0.409218 
cumin 0.417572 1.781733 0.191082 0.458086 -0.078782 0.537286 -0.706579 1.661467 -3.337747 0.840515 
oregano -1.831998 -0.436668 0.099911 1.142821 0.846975 -1.067402 -0.945761 -0.239280 -1.281547 1.449971 
parmesan_cheese -2.793352 -0.071778 0.200055 0.226081 0.308896 -1.391399 0.621212 -0.822896 -0.505841 0.638384 
macaroni -2.528668 0.166997 0.416694 -0.050018 0.554974 -1.142638 0.137321 -0.802382 -0.926322 0.902290 
thyme -2.233250 -0.542239 -0.142048 1.076067 -0.772111 -1.506104 -0.196100 1.730715 -0.143158 0.576015 
cheddar_cheese -1.042917 1.034467 0.483281 1.806530 1.749993 -0.167962 -0.363147 -1.209951 -0.314373 0.084832 
lard 0.089133 -0.291806 -1.013807 0.591285 0.479296 0.670449 1.110658 0.232234 1.034497 -0.371037 
lemon -0.827608 -0.154256 -0.970570 -0.961380 -1.225718 0.658312 -0.315251 -0.037533 -0.541879 -0.317964 
cream_cheese -0.609645 0.331567 -0.764523 0.041430 0.192654 1.163985 0.481885 -1.469170 0.597535 -0.510123 
walnut -0.097367 -0.903292 -0.050953 0.365106 -0.500689 2.086485 1.383696 0.826433 1.151885 0.434690 
green_bell_pepper -0.843451 0.924453 0.451595 1.307773 1.388985 -0.286883 -1.558969 0.008691 -0.738262 0.695635 
starch -0.001841 0.593827 -0.392275 -1.264539 0.390091 0.585349 0.218069 0.811996 0.683443 -0.095880 
nutmeg 0.073306 -0.265932 -1.479768 1.226417 -0.335105 0.302983 1.202459 1.569236 0.659508 0.677126 
honey 0.462732 -1.013876 0.284109 -0.406967 -0.115729 1.544596 -0.283107 1.193968 0.095527 -0.412465 
apple 0.182253 -0.970071 0.081880 0.845994 -0.968063 1.751487 0.277517 1.216663 0.015445 -0.589024 
almond -0.363175 -0.226513 -0.331365 -0.343527 -1.065174 1.408341 1.224799 0.651274 0.117835 -0.490607 
cilantro 0.927262 0.889837 -0.621714 -0.626337 0.915868 0.487021 -1.201217 0.553029 -3.272955 1.008099 
pecan 0.304480 -0.819465 -0.850379 0.487901 0.020546 1.726536 1.185197 0.443991 1.116495 0.329648 
white_wine -1.998089 0.214846 -0.421124 -0.767343 -1.005346 -0.808231 -0.481078 0.713784 -0.709738 0.250282 
bacon -1.269875 -0.010914 0.382591 0.971739 0.642452 -0.413801 -0.975812 0.340360 0.372879 -0.134223 
pork 0.115573 -0.221290 0.109211 0.094867 0.965949 0.172268 -1.922304 1.680585 0.474186 0.531419 
raisin 0.417772 -0.739535 -0.068375 0.776218 -0.639529 1.604949 1.245985 1.913940 -0.125382 0.634803 
bean -0.466919 0.083385 0.686644 0.484612 0.919438 -0.154246 -1.209082 1.026272 -0.962286 0.512378 
rosemary -2.590496 -0.677811 -0.035787 1.384278 -0.672520 -1.293926 -0.124593 1.113445 -0.300453 1.476742 
fish -0.079674 0.534927 -1.159105 -2.426529 0.683924 -0.994715 -1.182420 0.813825 -1.552712 -0.602043 
cucumber 0.027962 0.340544 0.137721 -1.554123 0.365191 0.881921 -0.708623 -0.902337 -0.907678 -2.184350 
olive -1.730492 -0.394832 0.365973 0.300890 0.108801 -0.142477 -0.981009 -0.896162 -1.413185 0.449577 
coconut 1.083520 1.575259 -0.760311 -0.591211 -0.267814 2.092468 1.197806 0.885920 -0.987280 0.478952 
orange 0.134368 -1.455410 -1.010324 -0.873101 -1.468344 2.102384 -0.453188 0.742655 -0.230422 0.481218 
tamarind 0.036422 0.989754 -0.369688 1.533452 1.291472 0.908468 -3.135190 -0.089228 0.885346 0.361945 
vegetable -0.199961 0.436910 0.405839 -1.314326 1.399701 -1.324357 0.148108 1.913684 -0.256773 -0.957727 
orange_juice 0.272603 -0.704924 -0.575951 -0.774967 -1.126657 2.147256 -0.332344 0.875038 -0.530346 0.730422 
buttermilk -0.198495 -0.501259 -0.527601 0.711592 0.356096 0.624581 0.882064 -0.292436 0.338247 -0.683708 
pineapple 0.683616 -0.000761 -0.500687 -0.833218 -0.645926 2.843023 -0.266342 0.142939 -0.223101 0.224821 
shrimp -0.124868 0.980759 -1.954097 -1.933406 1.414132 -1.500742 -1.193591 0.070225 -1.220644 -0.285642 
coriander 0.738609 2.520781 0.575803 -0.028033 -1.059403 1.503882 -0.259923 2.788983 -3.152418 0.618593 
bay -1.147457 0.534663 -1.586827 1.334927 -0.673142 -1.649611 -1.511908 1.964531 -0.798145 0.102250 
lime_juice 0.929655 0.325638 -0.503413 -1.366251 0.616005 1.590810 -1.828500 -0.583873 -3.264732 0.709443 
red_wine -1.481451 -0.260543 0.417766 -0.043540 -0.871404 0.548503 -1.486493 1.031646 0.143542 0.843509 
gelatin 0.449417 -0.847096 -0.447308 -0.655554 -0.100035 2.368505 1.250817 -0.590991 -0.288896 -0.354240 
pork_sausage -1.473774 -1.419450 -0.709612 2.256339 1.489320 -2.091381 -0.781128 0.072507 -0.803635 0.745229 
sesame_oil 1.307308 0.004372 0.248602 -3.823049 2.848051 -0.697764 -1.171939 2.539270 -0.716953 -0.317035 
chive -1.153616 0.929980 -0.983580 -0.580330 -0.771964 0.390272 -0.435147 -0.859390 0.434591 -1.762495 
seed 0.200813 -1.496660 0.515454 1.157123 -0.500485 0.994332 -0.801606 1.128369 -0.859569 -1.869223 
mozzarella_cheese -2.940615 -1.040029 0.404285 0.837377 1.460178 -1.486456 0.263094 -1.696498 -0.384071 1.515942 
ham -1.622277 -0.333834 0.007806 0.713420 0.483976 -0.573900 -0.918378 -0.450130 0.353626 -0.533138 
oat 1.001802 -0.924625 0.030813 1.150871 0.593910 1.902509 2.370710 1.291371 0.864959 -0.816962 
turmeric 0.900042 3.279997 -0.024740 -0.180218 -0.957404 0.611989 0.357388 2.613217 -4.404598 -0.412373 
nut -0.562057 -0.789040 0.760468 -1.036862 0.070125 0.427608 0.840219 1.052022 -0.079476 -0.050345 
shallot -1.760242 -0.412472 -0.884517 -1.509435 -1.545517 -0.608912 -0.767392 1.103977 -0.704861 0.019992 
lettuce -0.831740 -0.281801 1.594643 -1.333288 0.208546 1.337149 -1.307974 -0.493281 -1.130307 -0.488728 
cider -0.031383 -0.308363 0.593529 0.613584 -0.276546 1.716506 -2.352352 1.090911 0.697172 -0.324872 
dill -1.495996 0.381038 0.291455 0.039589 -0.749898 0.178442 -0.832138 -0.405401 -0.514659 -1.891790 
pea -0.971323 1.500196 0.897973 -0.311552 0.158648 -0.359316 -0.248678 1.253900 -1.149408 -0.427259 
zucchini -1.425110 0.399715 0.872355 1.042736 0.180977 -0.777113 1.039944 0.822813 -1.636336 0.601241 
cherry -0.107263 -0.245562 -1.056481 -0.503219 -1.189718 2.524126 0.779741 0.212928 0.892444 0.657948 
lime 0.866057 0.403397 -1.146263 -1.432420 -0.006919 1.812039 -1.212260 -0.438015 -2.343889 0.613236 
yogurt -0.044348 -0.064389 0.560453 -0.533106 -1.052131 1.435674 0.719437 0.425099 -2.129299 -0.712749 
strawberry 0.238503 -2.594437 -1.115271 -1.609779 -0.491013 2.278571 1.877732 -1.303537 -1.164126 -0.621978 
soybean 0.678738 0.065758 1.105147 -3.220276 2.506108 -0.343186 -0.314867 2.369297 0.157490 -0.098854 
celery_oil 0.382822 0.405054 -0.064760 1.234196 1.716781 1.507941 -3.990150 -0.097236 1.141813 0.708208 
peanut_butter 1.097673 1.181546 1.105106 -0.707708 1.897910 1.884845 1.873765 0.420295 0.416178 -0.729850 
banana 0.808421 -0.901041 -0.498989 -0.631910 -0.123874 2.405972 1.466483 -0.237624 -0.664735 -0.206410 
meat -0.897004 -0.008462 -0.000725 0.922881 0.183502 -0.235042 -1.368233 1.481386 0.478215 0.644141 
tabasco_pepper -0.061512 0.665386 -0.746169 0.809408 1.170191 0.423299 -2.779587 -0.670948 -0.237712 -0.119997 
milk_fat -1.047366 0.047506 -1.721152 -0.259512 -0.470107 -0.129575 1.076686 -0.065492 1.032933 -0.206046 
cabbage -0.109272 0.037563 1.215797 -0.036302 0.492217 0.111240 -1.467084 1.812663 -0.173747 -1.713282 
mint -0.255512 -0.285533 -0.332489 -1.671784 -1.045322 0.976339 -0.164748 0.440949 -2.275503 0.208812 
fennel -2.525449 -0.735898 -0.311201 0.532642 -0.385225 -1.518075 -0.174912 1.104146 -0.365654 1.790717 
sage -2.087060 -1.051408 -0.210614 2.297329 -0.794652 -1.600995 0.420840 2.120390 -0.067471 0.733636 
broccoli -1.196301 1.424541 1.334607 0.094950 0.921904 -0.425373 0.931655 -0.029638 -1.173081 -0.575200 
turkey -1.140602 -0.527193 0.747871 1.459195 0.444467 -0.164730 -0.673924 0.577339 -0.401200 0.351625 
fenugreek 0.888357 3.673887 0.047459 -0.016849 -0.681632 1.002720 0.334231 2.592126 -3.524673 0.633184 
cranberry -0.272897 -2.264828 -0.256411 0.695769 -1.125811 1.943959 -0.068971 0.738083 0.586529 0.179121 
wine -0.758688 0.004724 -0.143594 -1.646928 -0.115805 0.177706 -0.684528 0.915687 0.079998 0.353631 
beef_broth -0.884420 -0.297037 0.022372 0.428555 0.947463 -1.542456 -1.487037 2.408249 0.358560 0.223432 
grape_juice -2.027616 -0.688149 1.052012 -0.710041 -1.038576 0.579081 -0.625002 0.513001 -0.322010 0.804827 
pumpkin 1.245784 0.053479 -1.794086 -0.336093 1.254110 -0.665495 0.951038 2.071813 0.644020 -0.739057 
raspberry -0.470839 -2.501664 -1.194978 -1.392602 -0.784095 1.525327 1.294081 -1.016728 0.024908 -0.478553 
whole_grain_wheat_flour 0.127951 -1.798310 0.704630 0.930944 0.880861 0.641044 1.258572 0.410735 0.070768 -1.042747 
lemon_peel -1.226581 -0.579058 -1.058282 -0.972229 -1.605260 0.310220 1.257450 0.311392 -0.461782 -0.085326 
coffee 0.348424 0.278805 -2.088564 0.174209 0.317373 1.373622 0.614090 -0.262922 1.467233 0.079495 
sesame_seed 0.456116 0.109036 1.296013 -2.201902 0.972093 0.734705 -0.089438 1.493555 -0.229845 -1.411279 
avocado -0.153344 -0.544430 -0.014086 -0.894551 0.732723 1.181914 -2.308773 -1.671318 -2.438591 0.220920 
sherry -1.145992 0.457973 -0.383634 -1.023308 -0.647298 -0.195960 -0.635024 1.161023 -0.067903 0.139593 
sake 0.789899 -0.590962 0.098722 -4.007767 2.959186 -0.581686 -1.508636 1.898696 0.980157 -0.486578 
feta_cheese -2.026296 -1.196682 1.090378 -0.691272 -0.362135 0.282111 -0.205375 -1.114058 -1.881152 0.261608 
apricot -0.157510 -0.556360 -0.936183 0.103111 -1.610914 1.558560 0.671034 1.623882 0.186698 0.760050 
roasted_sesame_seed 0.128033 -0.144779 1.386601 -4.182268 3.240710 -1.293027 -0.477862 1.893440 -0.580272 -0.476851 
rum 0.959332 -0.962789 -2.732095 -0.603120 -0.271598 2.205027 0.505085 -0.300056 0.096884 1.134952 
orange_peel -0.462704 -1.717926 -0.931092 -0.562045 -1.729280 1.453360 0.572603 1.235811 0.297728 0.387036 
squash -0.975527 0.175451 0.169439 1.646174 -0.080531 -0.949154 1.074116 1.635334 -1.595119 0.703845 
crab -0.221446 1.277076 -2.407808 -0.274668 0.755193 -0.861450 -1.660799 -1.141708 -0.896638 -1.425932 
marjoram -2.458380 -0.692217 0.139932 2.409474 -1.098044 -1.520365 -0.299492 2.084950 0.115446 0.175504 
swiss_cheese -1.917444 -0.132814 0.587451 1.637848 0.731869 -0.317708 -0.431074 -1.159509 1.132760 -1.508780 
sweet_potato 0.795147 0.319228 -0.898922 0.902559 -0.218306 0.412440 0.698116 2.541362 -0.627887 0.495885 
shiitake -0.837517 -0.315804 -0.112558 -3.472253 1.820905 -2.222409 -0.237918 2.164350 0.788361 -0.778779 
radish -0.077204 -1.171997 0.880343 -3.835935 1.914871 -0.844155 -1.116669 1.200656 -0.527321 -1.687878 
peach 0.504716 -0.995988 -1.303314 -0.790572 -0.604817 1.853862 0.596221 -0.029903 -0.731372 0.351153 
tarragon -2.179368 0.212066 -0.065791 -0.899104 -1.390398 -0.068518 -0.726930 -0.108350 -0.385177 -0.680916 
black_bean 0.368678 0.281300 0.877406 0.631872 2.157943 0.443921 -1.543663 0.060875 -2.812168 1.736878 
lamb -0.849609 -0.788658 -0.093791 0.175989 -1.799908 -0.348305 -0.186465 2.819851 -2.082578 0.554818 
maple_syrup 0.699637 -0.608675 -0.402283 0.971115 0.206218 1.124513 0.131841 1.453411 0.427339 -0.065276 
pear 0.146188 -1.465962 -0.045428 -2.179278 -0.376681 1.013097 0.244944 1.606317 0.194816 -0.371202 
fruit 0.518088 -1.209464 -0.916772 -0.558422 -0.833707 2.177199 1.001965 0.329066 -0.398931 -0.182726 
blueberry 0.367579 -2.962437 -1.449549 -1.711944 -0.240355 1.738740 2.421685 -1.158682 -0.566719 -1.238867 
clam -1.177715 0.441545 -3.009104 -2.266226 0.871581 -3.469151 -0.889047 0.859986 -1.132903 -0.779241 
smoke -1.104741 -0.589167 -0.220186 1.119082 0.000863 -0.360476 -1.724263 0.695700 0.069166 -0.380389 
tuna -0.681048 0.357411 0.814417 -1.117491 0.847810 0.293544 -1.074164 -0.861821 -1.208976 -1.234383 
kidney_bean -0.464844 0.623626 1.659990 1.780426 1.865025 -0.058429 -1.953206 1.793128 -1.149140 2.141699 
peanut 1.952812 1.244210 1.063564 -1.020952 1.929070 2.067807 0.211651 0.962160 -0.683853 -0.726014 
asparagus -1.926491 0.763547 0.117743 -0.642640 -0.455582 -0.693844 0.636027 -0.102541 -0.673235 -0.634576 
salmon -0.702818 0.460718 -0.345732 -1.092779 -0.454173 0.211989 -0.773456 -0.300893 -1.056801 -1.484147 
leek -1.767920 0.340693 -0.678935 0.117295 -1.070066 -1.924679 0.329203 2.335930 -0.654093 -0.727711 
chickpea -0.323056 -0.153006 1.094874 0.502682 0.009475 -0.533209 0.230618 2.139026 -3.230621 0.339355 
blue_cheese -1.890117 -0.921580 0.554862 0.139113 -0.730123 0.810470 -0.678547 -0.869665 0.309674 -0.253027 
brandy -1.004158 -1.327574 -2.745557 -0.761555 -1.835682 1.474675 -0.989654 -0.061666 2.287816 0.022405 
artichoke -2.705172 -0.159265 -0.245680 -0.133048 -0.264395 -0.952348 -0.154289 -1.128924 -0.725628 0.369119 
horseradish -0.176968 0.075617 -0.403222 0.514468 0.445768 0.849114 -2.637858 -0.593945 0.501805 -1.771250 
mango 1.044461 0.496112 -0.603018 -1.614159 -0.313412 1.871009 -0.392162 0.011856 -2.877810 0.051935 
date 0.143203 -0.700550 -0.790702 0.509812 -1.435174 1.832153 1.575408 1.996629 0.724636 0.330517 
cardamom 0.947860 -0.110385 -1.205833 0.056145 -1.442866 0.831334 0.732810 3.166728 -1.205937 0.188075 
white_bread -1.601950 -0.171851 -0.116480 1.039574 -0.309177 -0.211179 0.038224 -0.012946 0.134779 0.120071 
oyster -0.270412 0.508895 -0.593676 -2.585838 1.574890 -1.654947 -0.489819 1.964736 -0.002520 -0.055916 
cottage_cheese -1.870542 0.212686 0.805212 0.848365 0.780350 0.509577 0.812390 -2.145120 -0.268094 0.597757 
grape -0.194306 -0.949761 1.151455 -0.787939 -1.471540 2.785375 0.296780 -0.011916 -1.617572 -0.666707 
brown_rice -0.812632 1.088115 1.249409 0.759541 0.030900 0.175849 0.354465 1.347531 -1.223816 0.296187 
cauliflower -1.504851 1.550569 1.600414 0.077988 -0.222482 -0.362831 0.521794 1.056358 -0.885562 -1.389296 
cured_pork -3.422430 -2.098108 0.263577 0.509413 0.334104 -1.992298 -0.075152 -0.473866 -0.252928 1.099521 
egg_noodle -1.207687 0.667191 1.098708 1.100863 1.212233 -0.249041 -0.499861 -0.276377 -0.330786 -0.468095 
beer 0.329187 -0.235499 -1.299266 1.593091 0.994746 -0.255902 -2.170352 0.658654 -0.430800 0.129687 
hazelnut -1.251881 -1.010699 -0.869245 -0.659518 -1.119716 0.712387 1.202818 0.776169 1.756898 0.055761 
mandarin 0.081552 -0.887887 0.840391 -1.523963 -0.138398 2.868519 0.711650 -0.835156 -0.940830 0.063691 
romano_cheese -2.805310 -0.681077 -0.374304 0.114215 -0.033735 -1.631272 0.485428 -0.563194 -0.599153 0.869025 
plum 0.101930 -0.795031 -0.386820 -0.307740 -1.222808 1.621211 -0.356704 2.126497 0.496942 0.559488 
pimento -1.408180 1.104789 0.245496 0.882075 -0.056016 0.168169 -0.961620 -1.167332 -1.853745 -0.273985 
smoked_sausage -0.722366 0.067898 0.154019 2.779433 0.848380 -0.923563 -1.991386 1.517873 -0.233608 -0.721273 
scallop -1.596177 1.019073 -2.409545 -2.196646 -0.674549 -1.685094 -0.450468 0.087195 -1.618610 0.079563 
goat_cheese -2.310123 -1.663245 0.446944 -0.431286 -0.808278 -0.284701 0.130808 -0.258447 -0.179708 -0.172575 
lentil -0.497231 0.654947 1.115485 1.022441 -0.037900 -0.851964 0.389845 2.808393 -2.409612 0.282035 
currant -0.186100 -0.653026 -0.738738 0.428451 -1.716835 1.730463 0.197109 2.010941 0.599672 0.824095 
saffron -1.098136 0.434378 -1.842465 -0.419462 -1.731450 -1.780879 0.780959 2.426621 -2.553814 0.324501 
barley 0.042704 -0.845836 1.690403 -0.250568 1.082531 -0.679971 0.471645 2.460527 -1.017353 -1.523819 
caraway 0.559999 -1.900268 -0.738317 3.092323 -0.704407 -0.644238 -1.517941 1.446161 -2.625839 -4.515516 
beet -1.322046 -1.553319 1.130533 -0.540450 -1.619739 0.814032 -1.580274 1.479513 -0.137172 -1.617452 
squid 0.137172 0.709530 -2.108479 -4.261569 2.630781 -2.780806 -0.640944 1.178718 -0.524621 -0.690530 
corn_flake -0.197617 1.395712 0.109804 1.173841 0.868180 0.591399 1.020022 -0.061858 0.322989 -0.563304 
anise 0.378888 -1.334424 -2.570217 -0.377768 -0.476495 -0.798371 0.786156 1.203955 -0.492772 -1.262491 
roasted_beef -1.104886 -0.220313 0.562743 0.811827 0.591669 0.095498 -2.017387 0.795264 1.076982 -0.003136 
pistachio -0.634043 -0.006561 -0.847843 -0.732041 -1.866451 1.574325 1.258541 0.893573 0.100414 0.071684 
peanut_oil 0.738069 1.890227 0.629547 -2.099089 1.429721 0.544774 -0.941520 1.564352 -1.160981 0.141248 
cereal 0.711179 -0.945499 2.121887 0.930937 1.756848 1.623520 2.515035 1.041101 0.358967 -1.027012 
cashew 0.150490 1.215465 1.631276 -0.670367 -0.443390 1.577225 0.527549 1.861097 -1.110533 -0.432278 
veal -2.918249 -1.295951 -0.727075 0.121949 -1.157847 -1.868236 -0.505572 1.338217 0.541587 0.463979 
seaweed 0.328027 -0.967490 0.595446 -4.317644 3.448047 -0.854122 -1.125486 -0.144141 -0.127958 -2.280851 
turnip -1.634773 0.474770 1.134042 0.725604 -2.283998 -0.647092 0.098380 5.030395 0.503524 -1.453008 
sauerkraut -0.561968 -2.796012 -0.768739 3.212203 0.717005 -0.408577 -3.160348 0.152115 1.468579 -3.033993 
berry -0.852643 -2.522795 -0.598122 -0.129928 -1.373148 1.808890 1.722189 -0.610096 0.144322 -0.578115 
kelp 0.321217 0.549083 -0.305218 -5.598334 3.597375 -1.701723 0.295139 1.871286 0.208087 -0.886285 
tomato_juice -0.739658 0.981121 0.248273 1.316299 1.058627 -0.118336 -2.272840 0.428257 -0.120894 0.375928 
cod -0.533325 1.020332 -1.566922 -0.582589 0.181150 -1.784479 -0.612986 0.974676 -1.805321 -1.033715 
provolone_cheese -3.253517 -1.792281 0.390829 0.612122 1.141313 -0.961751 -0.793981 -1.831998 0.807658 1.536141 
mussel -1.001664 0.765247 -3.628838 -2.544176 0.191734 -3.575891 -1.409037 1.855079 -2.071038 -0.061575 
blackberry -0.301953 -3.385702 -1.726952 -1.154676 -0.195526 1.339211 2.050334 -1.315108 0.327992 -0.500403 
roasted_peanut 1.976467 0.650775 1.138993 -1.630237 1.578169 1.917033 0.404298 1.279179 -1.996303 0.108399 
rhubarb 0.280462 -1.501277 -1.674749 -0.184651 -0.135050 1.437112 1.944564 -0.308497 0.575430 -0.313414 
chinese_cabbage 0.346519 -0.016674 -0.194154 -5.530544 2.894054 -1.971461 -1.788177 3.324552 -0.349578 -0.405072 
corn_grit -0.478590 0.075595 -1.224497 1.327494 1.199650 -1.113387 -1.297763 -0.066151 -1.481600 0.904471 
chicory -2.599767 -3.226966 0.855708 -2.226643 -1.400997 -0.298975 -1.106848 0.163717 -0.484817 -1.301184 
bourbon_whiskey 2.021933 0.703524 -4.010652 2.023594 0.031482 1.817075 -2.127588 1.281641 1.344046 0.693284 
citrus -0.006634 -1.347369 -2.597834 -1.469884 -2.076458 1.657710 -0.059403 0.833547 0.459723 -0.294235 
lima_bean -0.498354 0.528149 0.794532 2.888675 0.841808 -0.586428 -2.365807 2.032274 -1.263971 0.201606 
lovage 0.112727 3.746721 -5.084997 0.360196 0.184971 -1.478041 -3.621505 0.681236 1.852995 -1.198404 
melon 0.765453 -2.314404 0.065403 -2.275250 -0.817644 2.935124 0.221840 -0.272531 -3.046026 -0.173017 
parsnip -0.743341 -0.625992 0.084024 1.989005 -1.402616 -1.921862 0.559085 3.990522 -1.590232 -2.798019 
fig -1.439698 -1.967607 -1.090001 -0.201270 -2.150064 1.045520 0.388756 1.422610 1.193135 1.131148 
lemongrass 1.577088 2.521940 -1.294740 -2.751718 0.667319 0.068383 -0.258413 1.884722 -4.671987 1.128614 
whiskey -0.741471 0.206421 -1.154337 -0.181804 -0.171722 2.712401 -1.512734 0.336770 2.936415 3.652003 
watercress -1.276262 -0.817409 0.708017 -1.863805 -1.162295 1.459125 -1.842224 0.403457 -0.306422 0.057223 
tequila 1.097634 -0.130028 -2.442004 -1.690541 0.402375 2.413864 -2.409019 -1.298876 -1.586009 2.062734 
rye_flour -0.111266 -3.694245 0.636237 2.154573 0.820127 0.578488 -0.715834 0.151831 1.030978 -2.863652 
peppermint 0.035991 0.400495 -1.368616 -1.129296 0.554933 1.306906 1.209004 -1.384872 0.851830 -1.368055 
savory -1.798048 -1.369718 -0.280107 1.094434 -0.788696 -1.909308 -0.164476 1.971609 -1.221660 -0.071265 
lobster -1.103164 0.461507 -3.566428 -1.091738 -0.816955 -1.816073 -0.694133 -0.036625 -1.485103 -0.082627 
roasted_pork -0.109950 -1.046991 -0.269517 1.501046 -0.467791 0.472209 -2.174060 2.030622 0.234711 0.183628 
mace 0.517806 -0.765096 -1.772924 0.257988 -1.035075 0.506772 0.488503 2.842438 0.656725 0.285961 
endive -3.444786 -1.222125 1.314412 -1.523935 -2.003877 0.375229 -1.174716 0.989145 0.522088 1.036427 
brassica -0.192938 -2.356744 0.327639 -0.862860 0.836521 -1.452193 -1.358258 2.603354 -1.177295 -0.908147 
grapefruit 0.247111 -1.173210 -0.384826 -1.664980 -1.409469 2.952956 -1.293828 0.069860 -1.178084 0.281827 
enokidake 0.515430 -1.736085 -1.376685 -4.228632 4.753207 -3.170166 -1.636965 2.184093 1.577796 -1.179683 
porcini -3.210792 -0.821052 -0.442453 -0.084911 -0.649137 -2.723358 0.853841 1.874396 0.551620 0.673081 
kiwi 0.756569 -2.176630 -0.019339 -2.522689 -0.295685 3.096331 0.906777 -1.145809 -1.813969 -0.504362 
wasabi -0.736990 1.077149 0.460233 -4.735671 1.424508 0.123606 -2.204967 -0.279922 1.338483 -3.453359 
watermelon 0.697911 -2.621145 -1.823720 -1.515589 -1.420180 1.979820 -0.505381 -0.995005 -3.792650 -0.931265 
lime_peel_oil 0.831281 -0.716805 -1.246221 -1.475523 -0.365601 1.821015 -0.938407 -1.058110 -3.796693 0.138956 
okra -0.285824 1.243250 -0.736670 0.990776 0.289568 -0.423104 -1.967928 1.703804 -0.862747 0.753140 
macadamia_nut 0.624997 0.507571 -0.534526 -0.926672 0.496749 1.915386 1.101863 -0.236592 0.072382 0.265112 
smoked_salmon -1.597123 -0.628078 -0.360340 -0.949311 -0.498106 -0.080690 -0.649644 -1.882158 -0.744154 -2.886489 
kale -2.014792 -0.297751 0.784359 0.049409 -0.188973 -1.538890 -0.658751 2.485815 -0.078307 0.418285 
popcorn 0.855726 1.269619 0.844223 0.449400 1.482193 1.815586 1.166936 -0.199255 -0.484413 -0.620912 
rye_bread -1.570213 -1.438807 0.448278 2.859673 0.063967 0.245194 -2.114532 -1.307916 0.529206 -3.217459 
star_anise 0.726937 -0.086864 -0.910245 -2.461941 -0.639762 0.835469 -0.759061 2.801352 -0.352822 0.725208 
brussels_sprout -1.937164 -0.063708 1.107040 0.540916 -0.905367 -0.207200 0.251679 1.089574 0.091352 -1.071164 
tea 0.787714 -0.509840 -1.495679 -0.621829 -1.037922 1.524675 -0.032004 1.073025 -0.729349 -0.316203 
thai_pepper 2.203388 3.147762 -0.479693 -2.498617 2.150270 1.450078 -0.773840 1.168955 -3.074185 1.415351 
champagne_wine -1.271453 -1.742051 -0.461185 -1.690978 -1.909234 1.375195 -1.297281 -0.135835 -0.075848 -0.977909 
anise_seed 0.742298 -1.651255 -0.525121 0.213687 -0.913204 1.188531 0.466361 1.350427 -1.646935 -0.889437 
yam 0.943682 0.269235 -0.316854 0.708321 -0.606527 0.368657 0.961286 3.543272 -0.752021 -0.533242 
bitter_orange -1.969489 -0.112744 -4.200752 -1.136524 -4.171939 1.960138 0.301447 -0.441891 0.180507 1.497117 
wheat_bread -0.506794 -0.480465 1.395608 1.442107 1.021305 0.702303 -0.389598 -0.716141 -1.023038 -0.988743 
