249 10
</s> 0.040027 0.044194 -0.038303 -0.032780 0.013666 0.030211 0.009409 0.002113 -0.036035 0.022185 
egg -0.246360 0.492532 -0.246377 0.413043 -0.276306 0.822250 0.105813 -0.615563 0.624743 -0.407436 
butter -0.701963 -0.013405 -0.207284 0.304309 -0.553600 0.683846 0.289663 -0.686567 0.468399 -0.227762 
wheat -0.332821 0.215140 -0.435110 0.410516 -0.510730 0.749780 0.488524 -0.536781 0.544167 -0.359896 
onion -0.930158 -0.104766 -0.144504 -0.028713 0.914616 -0.449335 -0.614362 -0.095639 0.083489 0.328868 
garlic -0.883758 -0.191983 -0.238311 0.029565 1.044105 -0.352571 -0.572911 0.692676 -0.333836 0.467118 
milk -0.519661 0.189341 -0.517319 0.848207 -0.569864 0.900975 0.459004 -1.051349 0.396987 -0.127147 
vegetable_oil -0.303574 0.693326 0.127876 -0.399580 0.650169 0.425640 -0.479158 -0.102873 0.393072 -0.142289 
cream -0.347303 0.669080 -0.097580 0.467775 -0.435649 0.863628 -0.180225 -0.747425 0.540547 0.184982 
tomato -0.672678 -0.138545 -0.801311 0.697056 1.306318 -1.196993 -0.185314 0.671687 0.083152 0.784965 
olive_oil -1.001249 -0.144758 0.146493 0.381460 -0.151951 -0.590495 -0.227459 1.565135 0.424457 1.118367 
black_pepper -1.014687 -0.651770 -0.022408 0.229238 0.186973 -0.093502 -0.812383 0.418213 -0.021816 0.440785 
pepper -1.115738 -0.290083 0.107669 -0.297264 0.663199 -0.462173 -0.409826 -0.210554 0.179369 0.848899 
vanilla 0.005774 0.064107 -0.984923 0.547298 -0.480031 2.289461 1.687071 -0.595752 1.063423 -0.629409 
cayenne -0.454890 0.152572 -0.935711 -0.622627 1.778134 0.119894 -0.311230 0.572542 -0.643465 0.825262 
vinegar 0.098934 -0.236695 -0.037128 -0.313880 1.609728 -0.221547 -1.176370 0.189235 1.073489 -0.280754 
cane_molasses 0.113226 -0.450001 -1.250495 -0.248473 0.721673 0.387716 0.049836 -0.656183 0.877719 -1.132116 
bell_pepper -0.794274 0.078090 -0.286073 -0.036087 1.050292 -0.464329 -0.432067 0.521591 -0.139976 0.917589 
cinnamon -0.540778 -0.937916 -1.708447 -0.562692 -0.624711 1.267648 1.081557 0.339086 0.836757 -0.546705 
parsley -1.036889 0.210635 0.190208 0.624689 -0.490906 -0.117253 -0.985950 0.386880 0.141912 0.632091 
chicken -0.938881 -0.126222 0.634587 -0.619135 0.554293 -0.268886 0.072600 -0.001184 -0.023883 1.012036 
lemon_juice -0.029844 0.367668 0.154220 -0.193327 -0.122458 0.510211 -0.735533 0.562929 0.928638 0.845444 
beef -0.643099 -1.011878 -0.318854 0.150197 1.378778 -0.767424 -0.719829 0.081977 -0.094456 -0.394942 
cocoa 0.085111 0.901401 -0.997485 0.775475 -0.026379 2.189625 1.615073 -1.071957 0.931795 -0.608928 
corn -0.018444 0.384850 -1.233299 0.050450 1.526228 -0.305517 -0.067747 -0.365669 0.298695 -0.248272 
bread -0.628016 -0.040047 -0.100723 1.069797 0.122652 -0.596099 -0.536857 -0.306904 0.624971 0.217748 
scallion -0.574915 0.425608 0.574800 -0.132696 1.399633 0.996129 -0.579233 0.583352 -0.790539 0.209248 
mustard 0.046420 0.396746 -0.282347 -0.195269 0.841189 0.042465 -1.651635 -0.409436 1.206210 -0.176960 
ginger -0.438416 -0.710537 -0.446057 -1.758966 1.091282 2.006485 -0.187813 0.687891 -0.586383 -0.228787 
basil -0.954132 -0.413124 0.178350 1.649014 0.150181 -1.115722 0.017416 1.145596 -0.025329 1.303148 
celery -1.783126 -0.883484 0.499896 -0.343840 0.313606 -0.667014 -0.569552 -0.536534 0.220122 0.476161 
carrot -1.818160 -0.841176 0.855371 -1.053782 0.258777 -0.088449 -0.371129 0.254942 -0.096409 -0.316897 
potato -1.998385 -0.307898 0.202055 0.068289 0.071213 -0.369584 -0.576812 -0.420651 -0.306269 -0.039593 
chicken_broth -2.093900 -0.841126 0.306635 -0.378924 -0.261038 -0.156255 -0.019452 0.426203 -0.170302 0.808250 
yeast -0.137385 0.436675 -0.623181 1.223480 -0.406023 0.136687 0.388892 -0.317191 0.898724 -0.771623 
rice -0.865561 -0.285675 0.806628 -0.918048 1.336813 0.849376 0.063173 0.523836 -0.568933 -0.086987 
mushroom -1.578703 -0.684576 0.999833 0.951639 0.377916 -0.288319 -0.151044 -0.404207 -0.545733 0.582489 
cheese -0.546018 0.811435 -0.323314 1.729988 0.144329 -0.463912 0.303129 0.211519 -0.006010 0.622464 
soy_sauce -0.250837 -0.778476 1.059585 -1.181508 2.551115 1.669086 -0.668118 0.944061 -0.860347 -0.780518 
cumin -1.158613 0.656340 -1.414275 -2.254555 1.488941 -0.398013 0.447734 1.192185 -0.124169 1.368799 
oregano -0.680160 -0.472690 -0.429125 1.311276 0.801558 -1.365233 0.055136 0.935281 -0.193399 1.040729 
parmesan_cheese -1.208988 0.049697 0.933867 2.247436 -0.380119 -0.753877 0.341708 0.445862 -0.203523 1.170717 
macaroni -1.111902 0.084142 0.792380 1.695896 0.223277 -0.774220 0.152870 0.606301 -0.384906 1.470932 
thyme -1.743921 -1.967386 0.405955 0.751270 -0.572762 -0.971205 -0.347892 0.732347 0.119953 0.622196 
cheddar_cheese -1.100301 0.937717 -0.142013 1.294111 1.163935 -0.868170 0.233619 -1.265137 -0.179851 0.246283 
lard -0.154277 0.108237 -0.769720 0.631531 -0.551540 0.810566 0.831661 -0.338676 0.761084 -0.835399 
lemon -0.040058 -0.110678 -0.164522 -0.213473 -0.519519 0.889701 -0.743370 0.604011 0.675541 0.936081 
cream_cheese 0.229357 0.636697 -0.083866 1.010528 -0.369161 0.953880 -0.119346 -0.895602 0.705700 0.405022 
walnut 0.049214 -0.221866 -0.276954 0.162801 -0.595935 1.017252 1.306757 0.462804 1.693645 -0.774184 
green_bell_pepper -0.930002 -0.350216 -0.553827 0.351371 1.413716 -1.134682 -0.413742 -0.178389 -0.238145 0.665187 
starch 0.048165 -0.985647 0.480495 -0.523139 0.388053 1.085916 0.034704 -0.496908 -0.005722 -0.225899 
nutmeg -1.016107 -1.179693 -1.338106 -0.274502 -1.113761 0.834774 1.099185 0.020181 0.582087 -0.553887 
honey 0.380052 -0.318313 0.121243 -0.848155 0.811254 0.770019 0.209972 0.584875 1.218100 -0.520235 
apple -0.216190 -1.222884 -0.098450 -0.835503 -0.201263 0.500644 0.417184 -0.394920 1.682855 -0.304146 
almond -0.049691 0.003944 0.258598 -0.568676 -0.531754 1.166801 0.559042 0.136486 1.394492 0.027976 
cilantro -0.366566 0.745230 -1.265895 -1.286394 1.839180 0.468303 0.193890 1.330055 -0.575730 1.695614 
pecan 0.269974 -0.409562 -0.857053 0.257422 -0.361995 1.012742 1.325880 -0.199670 1.345524 -0.575190 
white_wine -0.941528 -0.405474 0.446584 0.420446 -0.647517 0.294992 -1.192456 0.926676 -0.011708 1.011226 
bacon -1.179331 -0.315327 0.182122 0.761672 0.520784 -0.682551 -0.668489 -0.372454 0.549228 -0.105686 
pork -0.379483 -1.490974 -0.438667 -0.573636 1.052957 -0.241575 -0.928857 0.163744 0.177225 -0.577602 
raisin -0.774802 -0.330702 -0.694308 -0.991587 -0.558549 0.738057 1.377019 0.396997 1.597270 -0.586334 
bean -1.121826 -0.376931 -0.415916 -0.197339 1.297070 -0.795116 -0.116645 0.455886 -0.104000 -0.046396 
rosemary -1.717844 -1.941953 0.331250 1.165248 -0.530433 -1.487665 0.142307 0.680172 0.413998 1.126441 
fish -0.482534 0.346186 -0.046539 -0.156008 0.863598 1.600131 -1.396639 1.253305 -1.049403 0.516782 
cucumber 0.365944 1.970931 0.376468 -0.169559 0.636252 1.290934 -1.528985 0.567182 0.778035 -0.236929 
olive -0.553953 0.425977 -0.225041 1.292065 0.603828 -0.868222 -0.505930 0.862574 0.577667 1.151105 
coconut -0.472177 0.458704 -0.608155 -1.873718 0.437966 1.984134 1.284725 -0.681607 0.414952 0.458959 
orange 0.618569 -1.350937 -0.235872 -0.289703 -0.409655 1.342246 0.152112 0.767550 1.696200 0.428195 
tamarind 0.077743 -0.959681 -1.521616 -0.126169 1.873666 -0.962827 -1.755788 -0.814255 0.704073 -0.614909 
vegetable -1.366500 -0.266931 0.769128 -0.311640 0.762683 0.724445 -0.134218 0.822764 -0.638185 -0.738353 
orange_juice 0.560776 -1.373350 -0.097734 -0.872103 0.035498 1.374765 0.296642 0.541589 1.323937 0.810925 
buttermilk -0.186500 0.633036 -0.492035 0.536140 -0.336297 0.628161 0.450216 -0.587592 0.750992 -0.349414 
pineapple 0.738872 -1.274321 0.172602 -0.705218 0.607800 1.618872 0.216796 -1.126936 1.310889 1.013269 
shrimp -0.601256 -0.265586 -0.573729 0.497084 0.950191 1.646569 -1.453215 0.457930 -1.833007 1.033786 
coriander -1.685047 0.332297 -0.452640 -3.499493 1.098356 0.449660 0.892577 1.076977 0.101221 1.765683 
bay -1.979510 -1.995329 -1.146487 -0.533648 -0.065730 -0.288632 -1.230669 0.031187 -0.339863 0.978337 
lime_juice 0.457383 0.522105 -0.989611 -1.324984 2.352169 1.071988 0.126152 1.019797 0.168949 2.281377 
red_wine -0.332199 -1.126382 -0.018125 -0.039750 0.062635 -0.878329 -0.898289 1.562520 1.267863 0.436382 
gelatin 0.678604 -0.382064 0.481480 0.263171 0.152214 2.285521 1.127159 -0.884832 1.467955 0.451588 
pork_sausage -1.430016 -2.040803 -0.653225 2.041136 0.743790 -1.322675 0.083040 -0.188949 -0.561391 0.721593 
sesame_oil -0.223858 -1.160935 1.267813 -0.815896 3.270141 2.348691 0.142387 1.940945 -2.016706 -1.076033 
chive -0.496720 2.123835 0.094297 0.250817 -1.025214 0.941995 -1.471973 0.020997 1.140602 -0.308802 
seed -0.299367 -0.030832 -0.229718 -0.780571 0.630331 -0.223242 -0.387304 0.584390 1.971595 -0.575210 
mozzarella_cheese -0.593002 -0.495008 0.121360 3.226613 0.364007 -1.413348 0.636846 0.701205 -0.214760 0.761172 
ham -0.867185 -0.022871 0.328545 1.230050 0.280579 -0.397977 -0.734354 -0.588850 0.434646 0.380036 
oat -0.200269 -0.516078 -0.263185 -0.334802 0.061042 1.068691 2.039518 -0.507628 1.634293 -1.575188 
turmeric -2.266582 0.409203 0.391236 -4.040617 0.875359 1.054116 0.695123 0.284022 -0.560590 2.388398 
nut -0.379672 -0.156486 0.887540 0.060786 0.115398 0.344526 0.670507 0.933102 0.884438 -0.519632 
shallot -1.042705 -0.666235 0.335841 0.042498 -0.785804 0.822303 -1.224681 1.320985 0.285817 1.219197 
lettuce 0.442813 1.034289 1.055361 -0.033327 1.580881 0.086801 -0.760752 1.045930 1.525497 0.655768 
cider 0.267532 -0.817702 -0.411865 -1.338365 1.166756 -0.462690 -1.242243 0.280455 1.931134 -0.576730 
dill -0.695607 0.928662 0.749450 0.288400 0.093695 0.236977 -1.700465 -0.070462 0.946733 0.282716 
pea -1.663564 0.345587 1.129247 -0.498461 0.801422 0.064642 -0.241447 0.076492 -0.227834 0.527052 
zucchini -1.458686 0.056533 -0.004582 0.146842 -0.288755 -0.819559 0.651093 0.797695 -0.013284 0.636064 
cherry 0.767281 -0.398556 -0.469322 0.001160 -0.295672 1.709147 1.062993 0.245542 1.929093 0.388034 
lime 0.900955 0.274213 -0.884813 -0.834211 1.506575 1.677054 -0.273222 0.383415 0.403319 2.158657 
yogurt -0.094844 0.705778 0.300322 -1.407315 0.065859 0.756025 0.072580 0.609546 1.475583 1.071020 
strawberry 1.281503 -1.108722 1.044600 0.944213 -0.119617 2.743352 1.151028 -0.409182 1.581912 1.422625 
soybean -0.381509 -0.701757 1.120766 -0.618336 1.931580 1.789422 0.307617 1.773383 -1.238362 -1.517009 
celery_oil 0.928938 -1.662394 -1.526239 -0.309140 3.046296 -1.088836 -1.786873 -0.899454 0.930016 -0.827339 
peanut_butter -0.260473 1.009704 0.923622 -0.785514 1.479845 1.478597 2.320603 -1.120069 0.209664 -1.001667 
banana 0.472530 -0.611336 0.028251 -0.472329 0.016629 2.002534 1.333809 -0.766205 1.192149 0.641199 
meat -0.974933 -1.501988 -0.136572 0.017968 0.740531 -0.668694 -0.455141 -0.034519 0.242832 -0.152583 
tabasco_pepper 0.029400 -0.263316 -1.119098 0.224731 1.772761 -0.281847 -1.538150 -0.759128 0.257469 0.277263 
milk_fat -0.611573 0.292903 -0.895944 0.871136 -1.572078 1.274792 -0.015959 0.174014 0.117181 0.101573 
cabbage -0.909460 -0.773199 0.533544 -0.974101 1.481499 -0.120992 -1.019758 0.109031 0.502734 -0.649339 
mint 0.337608 0.337222 -0.130503 -0.921313 0.053996 1.099431 -0.165743 1.905358 0.676925 1.490336 
fennel -2.055568 -0.977268 -0.893012 1.410323 -0.735428 -0.954430 -0.154430 1.658419 -0.000852 0.766043 
sage -1.935941 -2.764753 0.655005 0.606790 -0.962272 -1.135576 0.173715 -0.235663 0.498638 0.773114 
broccoli -1.268920 0.770083 1.816900 0.327282 0.784782 -0.339639 0.456375 -0.553885 0.112486 0.644449 
turkey -0.905358 -1.450412 0.450953 0.184536 0.593537 -1.099699 -0.033959 -0.233380 0.751891 0.483602 
fenugreek -2.204223 1.038649 -0.364645 -3.397860 1.138683 0.640238 0.811008 1.150558 -0.072907 1.489407 
cranberry 0.404964 -1.878695 0.302265 -0.195766 -0.308736 0.766998 0.305194 -0.084547 2.234286 0.166309 
wine -0.119123 -0.966383 0.661429 -0.415752 0.285961 0.785789 -0.765975 1.010391 0.125216 0.399352 
beef_broth -1.660255 -2.124081 0.011793 -0.069575 0.751984 -0.444326 -0.832915 0.673599 -0.460568 -0.735235 
grape_juice -0.203648 -0.728371 0.876333 0.397777 -0.087484 -0.605066 -0.568490 1.764900 1.677900 0.819766 
pumpkin -0.592975 -0.768259 -0.822659 -0.291513 -0.574040 1.710633 0.859998 0.360700 -1.037156 -1.551269 
raspberry 1.170438 -0.894498 0.727324 1.039861 -0.594599 2.253418 0.709147 0.154175 1.568341 0.799501 
whole_grain_wheat_flour -0.205920 0.203106 -0.046763 0.570890 0.336134 0.039595 1.254701 0.302212 1.315708 -1.209666 
lemon_peel -0.389507 0.364415 0.105893 0.248116 -1.610439 1.156106 0.327093 0.871557 0.974966 0.716811 
coffee 0.120279 0.566314 -1.618495 0.240635 -0.553805 1.648536 0.666194 -0.512482 0.605015 -0.677595 
sesame_seed -0.077676 1.000633 1.253843 -1.033907 1.264780 1.457120 -0.100141 1.350273 0.506404 -1.220733 
avocado 0.830251 1.372162 -0.601851 0.177885 2.185599 0.281998 -0.586532 1.262224 0.626372 1.570337 
sherry -0.640775 -0.684029 0.188912 -0.088959 -0.067886 0.365829 -0.969333 0.810888 0.416539 0.294610 
sake 0.286211 -1.729153 1.673424 0.159861 2.786400 2.801133 -0.571706 1.596518 -1.627230 -1.610444 
feta_cheese 0.239947 0.861272 0.725725 1.110163 0.076789 -0.740075 0.027327 1.980306 1.130963 1.225079 
apricot -0.191251 -1.218778 -0.440991 -0.978051 -0.886596 0.936316 0.846000 0.387163 1.548485 0.357292 
roasted_sesame_seed -0.835126 0.812543 1.372927 0.425712 2.021843 2.168747 -0.363276 3.331459 -1.963841 -2.558060 
rum 0.898296 -0.818215 -1.211655 -0.152542 -0.221447 2.285668 1.013274 -0.040399 0.953005 0.664846 
orange_peel 0.238404 -1.411568 -0.355545 -0.135645 -1.024302 1.260825 0.185052 0.888329 1.637842 -0.166072 
squash -1.950491 -0.520536 -0.302372 -0.478278 -0.658873 -0.542153 0.621499 0.485160 -0.141937 0.312830 
crab -0.398176 0.402839 -0.651882 0.487098 0.486820 1.823310 -2.210406 -1.089993 -1.236795 1.339651 
marjoram -1.896964 -2.630902 0.899943 0.339150 -1.194191 -1.382027 -0.180460 0.234714 0.608671 0.357950 
swiss_cheese -1.255772 0.186208 0.990014 1.786058 0.262314 -0.374086 -0.870450 -1.612932 0.671599 -0.175177 
sweet_potato -1.483507 -0.863397 -1.373022 -1.595379 -0.376399 0.613401 0.690468 0.270920 0.307955 -0.495155 
shiitake -1.134667 -1.884382 2.248203 0.911424 0.870048 2.080163 -0.575401 1.233032 -1.971511 -1.129302 
radish -0.018869 0.519880 1.188590 0.529152 1.802386 1.998883 -0.838821 2.959911 -0.979719 -1.589067 
peach 0.758201 -1.025113 -0.517500 -0.503390 0.036552 1.727011 0.249805 -0.156405 0.745603 0.699464 
tarragon -0.774918 0.260498 0.939479 0.410050 -0.932773 0.547935 -1.924157 0.711077 0.892677 0.865041 
black_bean -0.549385 0.432715 -1.170231 -0.298003 2.919924 -0.997613 0.857321 0.957717 -0.727790 1.187133 
lamb -1.384610 -1.099423 -0.123885 -1.483692 -1.213530 -0.538983 -0.260216 2.284075 0.647614 0.886386 
maple_syrup -0.539703 -0.940345 -0.498226 -0.493335 -0.096877 0.643589 0.462962 -0.304340 1.144230 -0.947135 
pear 0.261241 -0.664298 0.369163 -0.399522 -0.135178 1.735663 -0.050030 1.607728 0.929465 -0.712296 
fruit 0.513295 -1.075884 0.038585 -0.059889 -0.295475 2.067093 1.136924 -0.048183 1.487719 0.503263 
blueberry 1.111412 -0.733877 1.086221 0.866218 -0.407120 2.928420 1.152970 -0.142566 1.336036 0.631836 
clam -1.637690 -1.357725 -0.285963 1.002000 0.168011 1.958434 -2.185706 1.085705 -2.772657 1.223881 
smoke -0.895245 -0.973720 -0.521078 0.664000 0.789946 -0.489191 -1.206601 -0.173574 0.677334 0.036917 
tuna -0.103982 1.364209 1.051414 0.361017 1.394528 0.355919 -0.828088 0.287175 0.485616 0.479085 
kidney_bean -1.378541 -0.781318 -1.175845 0.084492 2.459916 -2.035110 0.644966 0.955409 -0.005765 -0.264954 
peanut -0.054818 0.856635 0.682542 -1.379214 2.026629 1.411339 0.999195 -0.385263 0.206519 -0.575559 
asparagus -1.395503 0.702589 1.113701 0.664580 -0.585646 0.301084 -0.880482 0.395780 0.288709 0.719518 
salmon 0.209296 0.539859 0.453936 -0.080147 0.116376 1.021921 -1.584363 0.816635 0.383733 0.806356 
leek -2.771072 -0.888024 0.584542 -0.094879 -1.371854 0.378107 -0.931817 0.810076 -0.142517 0.158314 
chickpea -1.751368 0.856118 -0.620776 -1.551943 0.541933 -1.019393 0.621199 2.511444 0.430451 0.520236 
blue_cheese 0.500776 -0.000616 0.717571 1.096927 0.124063 -0.363883 -0.947657 0.565312 1.942747 0.032027 
brandy 0.651690 -1.383232 -1.515513 1.570791 -0.968897 1.502495 -0.600906 0.669425 1.746650 -0.325951 
artichoke -0.738530 0.454853 0.479105 1.742475 -0.592468 -0.360732 -0.701244 1.253541 0.231160 1.369143 
horseradish 0.184276 0.203310 -0.363640 0.449798 1.154156 0.419345 -2.398904 -0.630457 1.234477 -0.481404 
mango 0.699058 0.450841 -0.333868 -1.845484 1.137306 1.757534 0.049577 0.785646 0.291818 2.315611 
date -0.606600 -0.471085 -1.157555 -0.531753 -0.915977 1.225003 1.637481 0.562137 2.033479 -0.823331 
cardamom -1.126023 -0.869915 -1.454293 -2.464586 -0.727086 1.292140 0.524843 1.268628 0.648740 -0.121192 
white_bread -0.867590 -0.390310 0.033419 0.900558 -0.492383 -0.760630 -0.142519 -0.024919 1.026296 0.167337 
oyster -1.171794 -1.445989 1.432926 -0.081104 1.152905 1.701325 -0.654883 0.735966 -1.920021 -0.514044 
cottage_cheese -0.052811 0.973368 0.199624 2.194483 0.350257 -0.841931 0.619381 -0.544554 0.771452 0.655522 
grape 0.524717 -1.136193 1.623927 -1.344731 0.451129 1.107328 0.331661 0.135795 2.162652 1.872781 
brown_rice -1.450647 -0.703252 1.390996 -0.824498 0.806445 -0.375529 0.568572 -0.468902 0.154728 0.700353 
cauliflower -1.776863 1.212759 1.717787 -0.558285 0.047168 -0.357965 -0.411185 0.029685 0.653564 -0.056208 
cured_pork -1.167343 -1.414404 0.866613 3.145200 -0.209932 -1.175679 0.107464 1.309846 0.086068 1.068290 
egg_noodle -1.034079 -0.474702 0.665735 0.811590 1.048415 -0.571477 -0.428805 -1.538400 -0.232819 0.400702 
beer -0.684506 -1.195688 -2.015249 -0.205748 0.973055 -0.499155 -1.144544 -0.492833 -0.164745 0.247850 
hazelnut -0.292957 -0.336590 -0.166043 0.556556 -1.520916 1.359967 0.514073 0.676821 1.383521 -0.817156 
mandarin 1.454271 -1.011643 1.926431 -0.300959 1.182981 1.470204 0.719073 -0.397781 1.814050 1.372429 
romano_cheese -1.086828 -0.033611 0.312556 2.161528 -0.810206 -0.512230 0.060002 1.318231 -0.037256 1.301754 
plum -0.174933 -1.250013 -0.775632 -1.207455 -0.409716 0.624910 -0.013146 1.249636 1.721124 -0.255738 
pimento -0.980548 0.927098 0.109366 0.511786 0.642439 -0.560889 -0.816569 -0.493820 0.546080 1.332574 
smoked_sausage -2.175038 -1.385929 -0.871350 0.287423 1.219483 -1.049838 -0.920726 -0.850773 -0.107624 -0.458119 
scallop -1.343743 0.050961 -0.195213 0.348321 -0.669113 1.665338 -1.768996 1.333493 -1.156554 1.646899 
goat_cheese -0.463279 0.495775 0.316569 1.377215 -0.997948 -0.429223 -0.440246 1.922703 1.459864 0.186247 
lentil -2.596304 0.004621 0.246587 -1.563930 0.279067 -1.056481 0.946544 1.379804 0.247652 0.300145 
currant -0.345125 -1.155407 -1.307751 -0.135891 -0.992054 0.631654 0.496555 0.783060 2.019072 -0.067459 
saffron -2.432643 -0.591883 -0.766997 -0.697807 -1.704179 0.644929 0.038803 2.571659 -0.640048 1.191395 
barley -1.462974 -1.065715 2.038533 -0.448983 1.133518 0.005258 0.316215 0.750262 0.369629 -1.088939 
caraway -1.803148 -0.079694 -1.402245 -0.523312 0.229786 -0.710191 -2.014266 0.079830 2.260007 -1.637828 
beet -0.583493 0.009264 0.563215 -0.647690 -0.136380 0.077679 -1.678254 1.564284 2.562881 -0.888297 
squid -0.561433 -0.973469 0.626100 1.035884 1.216179 3.147907 -0.922678 1.675312 -3.330393 -0.001659 
corn_flake -0.766922 0.435245 0.086653 -0.162612 0.351748 0.245134 0.652970 -1.477941 0.656449 -0.169747 
anise -0.468301 -0.755998 -1.280553 0.446293 -1.293961 1.569509 -0.185050 1.227393 0.213236 -0.734474 
roasted_beef -0.486400 -1.312987 0.062965 0.471375 0.950650 -0.683429 -1.109415 0.048961 0.642919 -0.386543 
pistachio -0.013971 0.143718 -0.209677 -0.396406 -1.131680 1.416039 0.902037 0.803640 1.508910 0.303169 
peanut_oil -0.647737 -0.162145 0.800174 -1.819717 2.095976 1.509819 -0.391068 0.419624 -1.032759 0.314417 
cereal -0.584993 -0.014307 0.912042 0.430581 0.877753 0.340176 2.844607 -0.195064 1.617787 -2.006951 
cashew -0.917465 0.344433 1.435302 -1.928712 0.814756 0.959215 0.537646 -0.055162 0.875468 0.112634 
veal -1.217766 -2.382636 0.788830 1.191013 -1.455492 -0.662691 -0.849926 0.890655 0.430367 0.547887 
seaweed 0.240099 0.879660 1.479019 1.634975 2.938506 2.773693 -0.536754 2.393463 -1.115529 -1.499134 
turnip -3.414443 -1.452034 1.048917 -1.260620 -1.549751 0.103650 -0.878160 1.138585 1.064077 -0.975246 
sauerkraut -0.643204 -2.590708 -0.672389 1.856029 1.004046 -0.332262 -2.554370 -1.860801 1.363427 -1.499797 
berry 0.508824 -1.876690 1.164371 0.526367 -0.743806 1.519722 0.768827 -0.587610 1.647182 0.557259 
kelp -0.170974 -0.511197 1.506924 0.573286 1.704167 3.944542 0.102204 3.640984 -2.664443 -2.221546 
tomato_juice -0.714197 -0.699089 -1.237141 0.204509 1.263871 -1.246779 -1.109680 0.094208 0.226516 -0.212060 
cod -1.397314 0.192611 -0.241429 -0.382796 0.080563 0.995373 -1.193482 0.460711 -1.241069 1.058984 
provolone_cheese -0.562414 -0.363765 0.198062 3.681262 0.352371 -1.211043 0.244007 0.988037 0.460646 0.673915 
mussel -2.047422 -1.964832 -0.671344 -0.122787 -0.688918 1.930179 -2.218895 2.432398 -2.620703 1.212621 
blackberry 1.446337 -1.743764 0.230663 1.692607 -1.083125 2.668730 0.992043 0.020415 1.068610 0.486343 
roasted_peanut 0.003397 0.826220 0.646641 -1.954455 2.490451 1.485488 1.855245 1.165233 -0.001731 -0.346387 
rhubarb 0.903697 -0.762303 -0.433928 0.916053 -0.852882 2.429263 1.271845 -0.146598 0.756886 -0.065058 
chinese_cabbage 0.144109 -2.655295 2.355537 -0.273279 2.484736 3.499513 -1.000935 3.762948 -2.642049 -1.770154 
corn_grit -1.200270 -0.187970 -1.726353 0.985593 1.015197 -0.614463 0.124737 0.063018 -1.108434 1.050344 
chicory 0.112896 0.123757 1.417176 1.623440 -0.141188 0.653131 -1.738328 2.642881 1.783726 -0.274046 
bourbon_whiskey -0.378236 -2.013226 -3.374582 -0.450079 0.049181 2.314898 -0.548494 -2.112119 -0.348535 0.215756 
citrus 0.853616 -0.667426 -0.869834 0.044874 -0.938734 2.500116 0.112706 1.713169 2.149840 0.183648 
lima_bean -2.174122 -1.170992 -1.243356 -0.650464 1.296436 -1.556967 -0.725815 0.118161 0.236424 0.057299 
lovage -0.669929 -0.892936 -3.730638 -0.562837 -0.695765 2.110926 -4.566721 -1.369764 -1.946740 0.196263 
melon 1.496212 -0.831635 0.929588 -0.686799 1.684940 2.134127 1.139751 1.174850 1.665522 2.589590 
parsnip -3.365438 -1.916168 0.512511 -1.461089 -1.504972 0.156486 -0.672058 0.097343 0.323489 -0.270679 
fig -0.105388 -1.039284 -1.171826 0.410266 -1.760588 0.628606 0.516598 2.143744 2.288134 -0.104722 
lemongrass -0.782346 0.079095 0.519631 -2.891049 1.755164 2.548866 1.058989 2.833378 -2.215345 2.387288 
whiskey 0.851068 0.179597 -3.712425 0.412649 0.688491 0.136059 0.114737 1.794973 2.419214 -1.171513 
watercress 0.029260 0.068430 0.418190 -0.302769 0.721570 0.304784 -1.151502 2.084983 1.784525 0.401807 
tequila 2.330581 -1.081845 -2.299073 0.143176 2.189763 1.801806 -0.268058 0.610333 -0.279179 2.343921 
rye_flour -0.309032 -1.103112 -0.146842 1.844035 0.075450 -0.430093 -0.278711 0.061456 2.587828 -3.049227 
peppermint 0.519629 1.532154 0.199230 0.252476 -0.835090 2.353426 0.084619 -0.128597 0.681982 -0.415367 
savory -1.763094 -1.999637 0.175423 0.232859 -0.921450 -0.872957 -0.388494 1.464307 0.154093 0.660077 
lobster -0.847362 -1.046570 -1.290976 0.767614 -1.109748 1.644847 -1.830925 0.560730 -1.207327 1.785600 
roasted_pork -0.607319 -2.768982 -0.572848 -0.932237 0.450641 -0.615755 -1.070338 0.099612 0.678490 -0.331104 
mace -1.068187 -1.349170 -1.551283 -0.922168 -1.034615 1.177357 0.265489 0.850071 0.551828 -1.136015 
endive -1.089109 0.182360 0.155294 0.820881 -0.840010 -0.658961 -0.955738 3.318316 2.159091 -0.358898 
brassica -1.538621 -0.231027 -0.797960 0.456595 0.880976 0.374267 -0.981996 2.439116 -0.171245 -1.709563 
grapefruit 1.731408 -1.266924 0.332255 -0.706128 1.060942 1.316666 -0.425691 1.284235 2.117632 1.760613 
enokidake -0.361500 -2.392733 0.673850 2.006225 2.672430 3.646447 -1.154699 2.126335 -3.283566 -2.626323 
porcini -2.372634 -2.097162 1.555726 1.587573 -2.122511 -0.295552 -0.446963 1.160784 -0.154916 0.256155 
kiwi 1.759095 -1.206623 1.260238 -0.153162 1.080529 2.773135 0.466749 -0.101936 1.569832 1.254009 
wasabi 0.094926 1.280393 1.698258 0.878048 2.573032 2.790574 -2.302191 1.402683 -0.363071 -1.366556 
watermelon 1.374719 -0.832056 -0.775071 0.220222 0.676726 2.650904 -0.537386 1.091146 1.008563 3.217125 
lime_peel_oil 1.175446 0.285836 -0.840928 -0.529119 1.483700 1.903535 0.094583 1.051523 0.109436 3.114347 
okra -1.847464 -0.805729 -1.522865 -0.782495 0.878845 -0.286570 -0.561231 0.217434 -1.112992 1.054760 
macadamia_nut 0.702175 0.618360 0.149922 -0.425628 0.336271 1.603320 1.269824 -0.146427 0.780962 0.053279 
smoked_salmon -0.219382 2.101933 0.837301 1.527987 -0.439132 1.297589 -2.334400 0.503935 0.870327 0.348772 
kale -2.772388 -0.673249 0.308497 0.170436 -0.344570 -0.691915 -0.537822 1.553078 -0.017005 -0.672003 
popcorn -0.326601 1.224502 0.115170 -0.352830 1.249032 0.462441 1.930501 -1.121134 0.689681 0.176381 
rye_bread -1.141326 0.430416 -0.581793 1.912945 0.627223 -0.793161 -2.567379 -1.180723 2.227695 -0.867897 
star_anise -0.042092 -1.636847 -0.027285 -2.088954 -0.017682 1.755527 -0.152943 2.262279 0.042925 -0.039213 
brussels_sprout -1.819304 0.144768 0.848488 0.126042 -0.869892 -0.314738 -0.534823 0.310882 1.227526 -0.628487 
tea 0.249595 -0.403917 -1.004986 -0.863757 -0.475900 1.808092 0.056941 0.458042 0.961993 0.111960 
thai_pepper -1.075072 0.138838 -0.659984 -2.636757 3.530337 2.740491 0.648559 -0.478316 -2.312011 2.344847 
champagne_wine 0.858924 -0.908576 0.386519 0.563560 -0.382414 1.303898 -1.571949 1.217723 1.617273 0.463317 
anise_seed -0.134571 0.146696 -1.286663 -0.848266 -0.157772 0.813519 0.268502 1.260967 1.697946 -0.295635 
yam -2.309243 -1.030839 -0.157477 -1.861619 -0.929186 1.380719 0.404099 0.318867 0.203148 -0.778371 
bitter_orange 0.450067 -1.014159 0.177957 -0.325981 -2.550044 2.737312 -0.456714 0.891987 2.145716 2.925478 
wheat_bread -0.407088 0.445190 0.758971 0.761297 1.221808 -0.385222 -0.003862 -0.723278 1.271772 0.209315 
