249 10
</s> 0.040027 0.044194 -0.038303 -0.032780 0.013666 0.030211 0.009409 0.002113 -0.036035 0.022185 
egg -0.483798 0.245980 -0.429148 0.006891 -0.055658 0.882326 0.386107 0.840626 0.542749 0.087512 
butter -0.707530 0.187794 -0.528328 -0.130564 -0.731385 0.814797 0.196945 0.456567 0.252695 -0.329904 
wheat -0.463838 0.160960 -0.752220 -0.132009 -0.386033 0.897025 0.541164 0.587656 0.502481 -0.292175 
onion -1.028029 0.163352 -0.280466 -0.147355 0.594460 -0.592878 -0.906858 -0.786576 -0.300892 0.287459 
garlic -0.780390 -0.118513 -0.085250 -0.074622 1.102432 -0.950056 -0.454215 -0.649066 -1.102015 -0.059391 
milk -0.761754 0.558958 -0.674307 0.278027 -0.564677 0.842833 0.841633 0.657391 0.521472 -0.184960 
vegetable_oil -0.393053 0.409483 0.089092 -0.726550 0.794522 0.430295 -0.336031 0.241850 -0.387755 0.165443 
cream -0.646609 0.440222 -0.174622 0.485579 -0.451979 0.968534 0.580723 0.617573 -0.014011 0.390910 
tomato -1.005046 0.037409 -0.517194 0.511465 1.389511 -1.103556 -0.617979 -1.158715 -0.178982 0.920428 
olive_oil -1.209137 -1.562487 0.549240 0.886765 0.274779 -0.942523 -0.543570 -0.109616 -0.003172 0.141657 
black_pepper -0.843168 -0.120753 -0.120953 0.193594 0.278227 -0.649927 -0.983173 -0.320850 -0.854808 -0.276298 
pepper -1.239728 0.161005 0.152010 -0.359037 0.312810 -0.356309 -0.541722 -1.045599 -0.453395 0.528900 
vanilla 0.109463 -0.475687 -1.419587 0.010617 -0.327947 2.052505 1.831066 0.504860 0.620526 -0.346123 
cayenne -0.171483 -0.244877 -0.461872 -0.581169 1.607788 -0.478375 -0.439161 -1.164744 -1.902864 0.494736 
vinegar 0.169183 0.310632 -0.096478 -0.089284 1.398507 0.592212 -2.133556 -0.637994 -0.413035 0.245676 
cane_molasses 0.075109 0.689374 -1.651268 -0.869537 0.290625 1.054750 -0.778971 -0.079344 0.348869 -0.179911 
bell_pepper -1.092560 -0.144952 0.040433 0.218036 0.863702 -0.864985 -0.430504 -0.877808 -0.685587 0.675377 
cinnamon -0.378347 -1.516055 -2.263519 -1.264873 -0.749160 0.697335 0.338000 -0.131555 0.385350 -0.110989 
parsley -1.243232 -0.439369 0.350687 0.787795 -0.005756 -0.545559 -0.329375 0.914195 -0.345574 0.572837 
chicken -1.194511 0.141590 0.711744 -0.496596 0.255067 -0.221927 0.031751 -1.214651 -0.647942 -0.014663 
lemon_juice -0.204001 -0.937535 0.595594 0.198081 0.671263 0.727323 -0.400280 0.488584 -0.121346 0.651516 
beef -0.432973 0.900336 -0.857276 -0.029703 1.134935 -0.750695 -1.486306 -0.555793 -0.632310 -0.839132 
cocoa -0.144450 0.597715 -1.318887 -0.107799 -0.328140 2.256864 1.954922 0.596998 0.435421 0.116942 
corn -0.375382 0.982212 -0.853343 -0.169631 1.012139 0.217210 -0.406125 -1.031252 -0.071433 0.556723 
bread -0.909682 0.385503 0.086454 1.364173 0.176528 -0.089556 -0.491515 -0.013356 0.454445 0.196180 
scallion -0.062422 0.494075 0.621949 -0.528893 1.602362 -0.134658 -0.184226 0.290812 -2.213946 -0.732670 
mustard -0.124894 1.018762 0.054239 0.256484 0.732397 1.016098 -1.984254 0.432888 -0.200504 0.788954 
ginger 0.233615 -0.959152 -0.444670 -2.058846 0.460026 0.668476 -0.278635 -0.467480 -2.438037 -0.642658 
basil -1.641542 -0.831905 0.323505 1.649676 0.817422 -1.842520 0.411717 -0.485312 -0.102783 0.326200 
celery -1.697416 0.254017 0.346823 -0.260087 -0.670786 -0.660458 -1.069814 -0.585510 -0.189286 -0.751612 
carrot -1.448304 -0.383810 0.362951 -1.525581 -0.092566 -0.840932 -0.809338 -0.158312 -0.383794 -1.179549 
potato -1.700426 0.469415 -0.184044 -0.269589 -0.474409 -0.873220 -1.139864 0.012640 -0.146151 -0.279453 
chicken_broth -1.783756 -0.604511 0.617098 -0.162575 -1.081344 -0.820543 -0.453805 -1.150212 -1.018286 -0.855617 
yeast -0.611965 0.510404 -0.773220 0.368296 0.212939 0.436118 0.493120 0.734882 1.315355 -0.326541 
rice -0.698461 -0.279465 0.501808 -1.745477 0.889583 -0.408701 0.002415 -0.388170 -1.941106 -0.825789 
mushroom -1.482408 0.823120 0.734222 0.903961 0.104874 -0.971920 0.190143 -0.302667 -0.480475 -1.332393 
cheese -1.244840 0.262293 0.225876 1.469096 0.473379 -0.694579 0.584446 -0.326354 0.036998 0.408627 
soy_sauce 0.785698 0.089681 0.362077 -1.653414 2.130166 0.405588 -0.773103 -0.493531 -2.759079 -1.978388 
cumin -1.544993 -1.342633 -0.054649 -2.534233 0.688791 -0.616417 -0.383458 -2.293552 -1.300699 2.071044 
oregano -1.416265 -0.293367 -0.555743 1.561824 1.106704 -1.987728 0.038907 -1.327490 -0.316635 0.478154 
parmesan_cheese -1.875024 0.111952 0.980760 1.972318 0.622845 -1.600019 0.828855 -0.112145 0.223916 -0.381016 
macaroni -1.705654 -0.236754 0.934748 1.520045 0.713251 -1.490490 0.653534 -0.043735 -0.059807 0.072738 
thyme -1.942093 -0.817965 0.012102 1.158604 -0.936469 -1.616410 -0.783677 -0.701335 0.041835 -1.314530 
cheddar_cheese -1.452815 2.134536 -0.020389 0.745534 0.878439 -0.438688 0.195331 -0.699444 0.322143 0.547952 
lard -0.313209 0.014742 -1.077840 -0.111312 -0.293006 1.033972 0.719145 0.695373 0.662707 -0.269957 
lemon -0.217212 -1.354180 -0.144685 0.626376 -0.191045 0.797125 -0.402048 0.574877 -0.656639 0.913917 
cream_cheese -0.337289 0.558004 -0.257485 0.670760 0.255001 1.176780 0.663524 0.732638 0.488973 0.663060 
walnut -0.182476 -1.117955 -0.800780 -0.498083 -0.224331 1.617359 0.332068 0.345053 1.821300 -0.412733 
green_bell_pepper -1.454255 0.963891 -0.350244 0.272998 1.093421 -1.213534 -0.509610 -1.579452 -0.260983 0.521670 
starch 0.303716 0.201174 0.039179 -0.263557 -0.036749 1.143935 -0.078453 -0.279475 -0.978539 -1.640163 
nutmeg -0.819363 -1.192780 -1.712123 -0.523399 -1.024669 0.318946 0.511956 0.454104 0.818877 -0.253979 
honey 0.409612 -0.966579 -0.045723 -0.833138 0.659131 1.215981 -0.831086 -0.264210 0.184852 -0.794896 
apple -0.162871 -1.016523 -0.599279 -0.472127 -0.416642 1.274042 -0.759068 -0.671776 1.055749 -0.521323 
almond -0.263435 -1.157183 0.160654 -0.433221 -0.545480 1.595029 0.218792 0.268917 0.348279 -0.169121 
cilantro -0.205788 -0.872722 0.154864 -1.015035 1.442268 0.115511 0.158839 -2.048462 -2.439189 1.400829 
pecan 0.069000 -0.304676 -1.353638 -0.084917 -0.380035 1.917927 0.568362 0.148251 1.101561 -0.192714 
white_wine -1.202150 -1.050072 0.684619 0.970289 -0.387605 -0.624956 -0.650430 0.257711 -0.953247 -0.024809 
bacon -1.230734 0.819224 0.429917 0.865556 -0.000277 -0.299511 -1.094340 -0.312457 0.435279 -0.638132 
pork -0.156821 0.293523 -0.867814 -0.100702 0.487913 -0.253941 -1.703063 -1.194176 -0.819261 -1.376402 
raisin -0.578271 -1.536800 -0.965502 -1.513925 -0.326070 0.926881 0.220117 -0.641668 1.308351 -0.044818 
bean -1.160156 0.243559 -0.033133 -0.508143 0.873420 -0.993531 -0.529051 -1.290239 -0.700594 -0.261617 
rosemary -2.018716 -1.046965 0.204331 1.793174 -0.686395 -1.741242 -0.468031 -1.330194 0.636314 -1.257381 
fish 0.070068 -0.596835 -0.222711 -0.248871 1.142452 -0.300896 -0.156336 1.109888 -3.206458 0.042930 
cucumber 0.218151 0.218206 0.978559 -0.580101 1.637582 1.245520 -0.929812 2.176666 -1.233476 1.306614 
olive -1.155589 -0.601501 0.492567 1.584332 1.474252 -1.122824 -0.240818 -0.186139 0.318514 1.163324 
coconut -0.156902 -0.356433 -0.343072 -2.159886 -0.460681 2.173478 1.303832 -0.964703 -1.438820 0.606044 
orange 0.457299 -1.908332 -0.307885 0.223043 -0.757168 2.014409 -0.800162 -0.432930 -0.327978 -0.241718 
tamarind -0.110010 1.665732 -2.106065 0.054811 1.480467 -0.126249 -1.916167 -0.863026 -0.054976 0.573550 
vegetable -0.642423 -0.280430 -0.048616 -1.205716 0.984883 -0.933831 -0.201443 0.883218 -1.184723 -1.377056 
orange_juice 0.517899 -1.760455 -0.188935 0.051055 -0.223579 1.848173 -0.491282 -1.014128 -0.438731 -0.073196 
buttermilk -0.694450 0.381342 -0.274672 0.215730 0.067835 0.821681 0.663199 0.532955 1.131665 0.182380 
pineapple 0.761462 -0.607325 -0.197215 -0.058542 0.225218 2.570356 -0.068920 -1.459175 -0.442377 0.174071 
shrimp -0.390015 0.397493 -0.210744 0.460601 0.528627 -0.564216 0.001820 0.988696 -3.867260 0.079181 
coriander -1.726374 -2.145627 0.379485 -3.816741 0.305871 -0.153363 -0.161091 -2.028863 -1.028485 1.946709 
bay -1.636936 -0.779500 -1.352895 0.358713 -1.434859 -1.454861 -1.685555 -0.792376 -1.862503 -0.198121 
lime_juice 0.389978 -1.248291 0.704123 -0.081151 1.557722 1.138654 -0.123662 -2.348219 -2.792266 1.725219 
red_wine -0.736953 -1.267588 0.198334 0.522864 0.329933 -0.435150 -1.892902 -0.170080 0.174843 -0.122171 
gelatin 0.873581 -0.368758 -0.189311 0.414559 0.323620 2.815982 1.211297 -0.486812 0.080408 -0.569959 
pork_sausage -1.492232 0.211019 -1.289776 2.314051 -0.146455 -1.945526 -0.407512 -1.413323 -0.128118 -0.925823 
sesame_oil 1.170053 -0.564260 0.523805 -1.824092 2.996149 0.023509 -0.432244 -0.030980 -3.597218 -3.039401 
chive -0.688387 0.444690 0.360625 0.335318 -0.099802 1.098093 -0.925676 2.320271 -0.318995 1.447770 
seed -0.373506 -0.986260 -0.333341 -0.746554 1.045677 0.289933 -1.732271 -0.198934 1.535124 0.401717 
mozzarella_cheese -1.600401 0.170726 -0.029312 3.093093 1.285030 -2.111183 0.934378 -0.238443 1.134011 -0.334491 
ham -1.103262 1.116579 0.635471 1.658383 0.041390 -0.122824 -0.876532 0.095740 -0.037313 -0.547212 
oat -0.167058 -0.638388 -1.302917 -1.766779 0.304256 1.692777 1.238042 0.010104 2.210219 -1.326835 
turmeric -1.984653 -1.850352 0.816099 -3.758883 -0.603522 0.209371 0.208959 -2.648272 -2.196994 1.690152 
nut -0.361620 -1.074823 0.507203 -0.765740 0.424089 0.311928 0.205540 0.469514 0.334794 -1.280630 
shallot -0.986943 -1.491530 1.054918 0.724460 -1.006076 0.081626 -1.346056 0.498665 -1.753177 0.068599 
lettuce 0.146717 -0.281340 1.900469 0.215248 2.026800 1.021742 -0.989503 -0.042833 -0.127240 0.593724 
cider 0.175797 -0.235259 -0.509414 -0.644163 0.832447 0.960731 -2.783454 -0.866801 0.614072 -0.011508 
dill -1.038616 0.116771 0.896820 0.335265 0.707969 0.146078 -1.410207 1.026908 0.422100 0.894174 
pea -1.679388 0.075776 1.219250 -1.160858 -0.005220 -0.435989 -0.563491 -0.383722 -0.944251 -0.099124 
zucchini -2.101905 -0.837544 0.117355 -0.169191 -0.055798 -1.353236 0.212787 -0.514367 0.606533 0.603091 
cherry 0.552345 -1.413419 -1.083848 0.508777 -0.385907 2.346057 0.178695 -0.312162 0.535803 0.202434 
lime 0.553323 -0.880227 0.219395 0.222540 1.048170 1.647685 0.243822 -1.436005 -2.383852 1.889143 
yogurt -0.573816 -2.116482 0.578010 -1.592943 0.331830 1.044712 -0.054838 -0.318985 0.228078 1.267363 
strawberry 1.371248 -2.165118 0.339404 1.880874 0.901532 2.904199 1.902258 -0.187217 0.261332 -0.645747 
soybean 0.494503 -0.571850 0.265823 -1.895311 2.668866 -0.540724 -0.216818 0.703622 -2.092982 -2.477075 
celery_oil 0.509653 1.862956 -2.214793 0.055221 2.157234 0.107860 -2.277435 -1.698553 -0.129872 -0.012265 
peanut_butter -0.030507 1.326454 0.882062 -2.400089 1.115087 2.158460 1.655159 -0.237056 0.121997 -1.286057 
banana 0.420406 -0.935342 -0.301176 -0.307834 0.320731 2.223588 1.510963 -0.809380 0.213771 0.050998 
meat -0.724989 0.026455 -0.650810 0.734145 -0.308286 -0.592876 -1.436210 -1.092327 -0.354877 -1.394014 
tabasco_pepper -0.274404 1.397996 -0.981808 0.722526 1.189931 0.010086 -1.406119 -0.942969 -0.826143 0.816598 
milk_fat -0.804276 -0.340689 -0.559702 0.824723 -1.318275 0.784296 0.654634 1.155460 -0.330839 0.019901 
cabbage -0.682978 0.700847 0.471456 -1.326019 0.856267 0.081008 -1.883786 -0.503561 -0.424836 -0.894727 
mint 0.026868 -2.391093 1.013906 -0.281699 0.959920 0.866168 0.267802 -0.303331 -1.134180 1.269275 
fennel -1.851947 -1.790646 -0.213584 1.498280 -0.692391 -1.797603 -0.405620 -0.330326 -0.082392 -0.293852 
sage -2.121630 -0.730480 0.153475 1.218532 -1.841986 -1.135150 -0.418772 -1.564564 0.592141 -2.096235 
broccoli -1.630797 1.056028 1.921947 -0.031333 0.700263 -0.233751 0.722157 -0.436925 0.100260 -0.506319 
turkey -1.034797 -0.025266 0.032478 0.759170 -0.187484 -0.451171 -0.690582 -1.598374 0.407798 -1.283823 
fenugreek -2.028361 -1.206076 0.576860 -3.968458 -0.272605 0.270942 -0.175247 -1.622782 -2.099343 2.584996 
cranberry 0.550705 -1.514991 -0.832621 0.651656 -0.245036 1.726578 -0.610912 -0.953717 1.125305 -1.116836 
wine -0.111974 -0.744690 0.835784 0.400037 -0.034121 0.448551 -0.648424 -0.414442 -1.707938 -0.919292 
beef_broth -0.879849 0.108101 -1.277920 -0.278783 0.285349 -1.603204 -1.760046 -0.145320 -0.702950 -2.042507 
grape_juice -0.709160 -1.776060 1.101215 0.978060 0.493916 -0.220289 -1.109064 -0.073738 0.422076 -0.119534 
pumpkin -0.087749 -0.746414 -2.060827 -1.722853 -0.159785 -0.060898 0.622640 1.607289 -0.794201 -1.401405 
raspberry 0.853772 -1.530275 0.133677 1.832126 0.124189 2.351597 1.147042 0.216089 0.471451 -0.979185 
whole_grain_wheat_flour -0.302897 -0.484205 -0.605963 -0.494286 0.986619 0.429112 0.302007 0.590605 2.262386 -1.023044 
lemon_peel -0.435909 -1.999758 0.418812 0.617681 -0.496927 0.723030 0.416016 1.163239 0.019124 0.167630 
coffee -0.090620 0.661779 -1.600308 -0.056922 -0.863095 1.877690 0.639851 0.797534 -0.196067 -0.015817 
sesame_seed 0.338301 -0.229814 1.166814 -2.016710 1.959634 0.880041 -0.183272 0.816602 -0.869041 -1.011506 
avocado 0.287892 -0.311227 0.865477 0.604484 2.481638 0.779914 -0.948613 -1.119925 -1.098848 1.935100 
sherry -0.618599 -0.705549 0.485346 0.243536 -0.512645 0.195889 -1.121343 0.179043 -1.161069 -0.528094 
sake 1.414911 -0.195649 -0.532815 -1.195573 2.910212 -0.141462 -0.892645 1.160052 -3.255720 -3.078179 
feta_cheese -0.877777 -1.932744 1.192588 1.332652 1.840620 -0.761070 -0.010262 0.192387 0.806802 1.308136 
apricot -0.357809 -1.946870 -0.808055 -0.429272 -1.315040 1.390753 -0.179668 -0.798332 0.445069 -0.432123 
roasted_sesame_seed 0.097492 -0.764822 0.883289 -2.354654 3.286327 -1.083903 -0.250167 1.946487 -2.815824 -2.250222 
rum 0.703445 -1.083153 -1.488773 0.521879 -0.720848 2.558771 0.912621 -0.324830 -0.846929 0.303770 
orange_peel 0.099095 -2.268908 -0.615113 0.253077 -0.950962 1.481330 -0.500554 0.132753 0.317913 -0.574190 
squash -1.966126 -0.943405 -0.578349 -0.787314 -0.470017 -1.345317 0.353147 -0.841135 0.140422 0.200661 
crab -0.280191 1.479603 -0.928845 0.856445 0.352160 0.256441 -0.327724 1.070608 -2.898660 1.317310 
marjoram -2.009689 -0.694007 0.037992 0.978320 -1.281592 -1.280536 -1.346445 -1.602156 0.942613 -1.885366 
swiss_cheese -1.153408 2.065962 0.788875 1.562858 0.312584 0.276609 -0.692073 0.396039 1.176259 -0.932071 
sweet_potato -0.935749 -1.110283 -1.423911 -1.994880 -1.437510 0.409797 -0.548304 -0.742019 -0.537773 -0.446379 
shiitake -0.046393 0.039423 0.847756 0.138574 0.973763 -0.826959 0.013788 1.558509 -2.971275 -3.777228 
radish 0.516070 -0.508514 1.279656 -0.699912 2.512537 0.051387 -1.137209 2.351189 -2.412153 -1.450530 
peach 0.785522 -1.725134 -0.785954 0.378478 0.097482 1.952251 0.431684 -0.469054 -0.375847 0.060211 
tarragon -0.970498 -0.573439 1.525775 1.060632 -0.278520 0.295943 -1.454189 1.034347 -1.079298 0.415715 
black_bean -0.656147 0.080251 -0.193648 -0.551064 2.244039 -0.949938 -0.042163 -2.813371 -1.443714 0.835053 
lamb -1.375522 -3.558959 -0.147294 -0.913645 -0.387459 -1.197997 -1.181680 -0.737393 -0.178620 0.289887 
maple_syrup -0.153283 -0.263036 -1.450125 -0.708809 -0.202365 0.938646 -0.272672 -0.499502 0.759118 -0.789183 
pear 0.747672 -2.051518 0.316000 -0.557391 0.386160 1.436103 -0.729654 0.894115 -0.417181 -1.142056 
fruit 0.686321 -1.656344 -0.639651 -0.095794 -0.252868 2.423200 0.502868 -0.655529 0.111378 -0.631638 
blueberry 1.438049 -2.054591 0.053184 1.742911 0.944126 2.835944 1.713924 0.884338 0.860229 -1.174380 
clam -0.939712 -0.455285 -0.506751 1.215283 0.012098 -1.762456 -0.334540 1.873826 -4.732143 -0.249236 
smoke -0.934778 0.624842 -0.158166 1.309660 -0.475610 -0.077653 -1.999933 -0.579968 -0.400140 -0.490074 
tuna -0.269502 0.581263 1.208923 0.209375 1.966938 0.348890 -0.810268 0.749585 -0.681486 0.731357 
kidney_bean -1.655205 0.289824 -1.177755 -0.731094 1.763460 -2.339725 -1.095172 -2.277050 0.264771 -0.012310 
peanut 0.322850 1.218186 0.590817 -2.529944 1.334151 1.838395 1.003636 -1.180550 -1.410679 -0.862278 
asparagus -1.365942 -0.215220 1.802373 0.620037 -0.120147 -0.045183 -0.137684 0.879531 -0.746098 0.095001 
salmon -0.063698 -0.396042 0.577434 0.334147 0.893289 0.591380 -0.869206 1.067800 -1.210891 0.866419 
leek -2.156079 -0.913116 1.085143 0.022220 -1.984767 -0.737739 -1.097022 0.767412 -1.035204 -1.321026 
chickpea -1.960904 -2.501919 0.119565 -2.180268 1.046265 -1.790870 -0.447332 -0.961249 0.120716 1.199925 
blue_cheese -0.445013 -0.417563 1.032733 1.607201 0.563260 0.597471 -1.272060 0.044992 1.019379 0.035044 
brandy 0.363926 -1.060437 -1.437549 1.653647 -2.085149 2.368875 -1.782266 1.035899 -0.655116 -0.188099 
artichoke -1.558572 -0.559466 1.169768 2.032918 0.292091 -0.884129 -0.081257 0.753752 -0.239016 0.854316 
horseradish 0.300300 1.437886 -0.904872 1.193089 1.155565 0.839037 -2.360636 0.424005 -0.123629 0.539665 
mango 0.447625 -1.513761 0.809576 -0.788060 0.697540 1.991719 0.075735 -1.592288 -2.145205 1.522075 
date -0.504208 -1.987400 -1.214821 -1.113112 -1.168132 1.785835 0.047353 0.068595 1.544136 -0.157496 
cardamom -0.813979 -3.059820 -1.262489 -2.135425 -1.052077 0.365295 -0.428670 -0.549310 -0.252227 0.561873 
white_bread -1.324553 0.037468 0.320671 1.441417 -0.761013 -0.063729 -0.650578 -0.191973 0.815620 -0.563111 
oyster -0.246551 0.063390 0.769026 -0.431878 0.483792 -0.493006 0.002830 0.327988 -3.278559 -2.984879 
cottage_cheese -1.341894 0.859597 0.646041 1.775469 1.007952 -0.073173 1.125109 -0.130084 1.612559 0.977713 
grape 0.412177 -1.907384 1.958156 0.006342 0.691887 2.595261 -0.210870 -1.809082 0.631070 -0.084889 
brown_rice -1.527739 0.002367 1.121031 -0.640696 -0.363505 -0.092081 0.013227 -1.874410 -0.045466 -1.067249 
cauliflower -2.183943 0.221991 1.946043 -1.591879 0.228306 -0.285159 -0.673722 0.178344 0.295151 0.565943 
cured_pork -1.530196 -0.750034 0.916026 3.628138 -0.091714 -1.605745 0.000778 -0.518782 0.128939 -1.475335 
egg_noodle -1.317266 1.721604 0.295239 0.566686 0.428686 -0.386569 -0.212257 -0.937227 -0.021367 -0.647248 
beer -0.377239 0.606870 -2.263356 0.257116 0.333301 -0.528133 -1.592117 -1.397034 -0.733750 0.080883 
hazelnut -0.423167 -1.003632 -0.068005 0.665561 -1.517042 1.582431 0.031693 1.461985 0.403134 -0.875152 
mandarin 1.047214 -0.882582 1.400538 0.343518 1.150202 2.873805 0.424097 -1.392477 0.227953 -0.532750 
romano_cheese -1.698935 -0.662166 1.000446 2.248340 0.174189 -1.361681 0.699195 -0.043792 -0.160846 -0.340085 
plum -0.144750 -2.002223 -0.824910 -0.556631 -1.110145 1.104272 -1.453122 -0.698511 0.233813 -0.657145 
pimento -1.436027 1.016438 1.024881 0.918377 0.491375 -0.039306 -0.511463 -0.538911 -0.261825 1.380389 
smoked_sausage -1.716834 1.385620 -1.341174 0.112319 -0.435913 -1.297102 -1.917191 -1.502077 -0.245931 -1.165548 
scallop -1.227478 -1.251553 0.568694 1.324083 -0.857040 -0.786530 0.373808 1.121408 -3.534170 0.462677 
goat_cheese -0.960905 -1.253278 1.305362 1.761452 0.207589 0.177381 -1.067358 1.096226 1.102795 0.230274 
lentil -2.510587 -1.838817 0.263162 -2.316180 -0.117989 -1.887346 -0.518150 -0.969586 -0.058248 0.103261 
currant -0.336296 -2.458106 -1.150479 0.201624 -1.222005 1.068491 -0.945414 0.202494 1.084714 0.085913 
saffron -1.959008 -3.467122 -0.063482 -0.999397 -1.476176 -1.265044 0.191666 0.339970 -1.481951 0.588268 
barley -0.651108 -0.870957 0.697446 -1.450507 0.927637 -0.712284 -0.613682 -0.137383 0.333026 -2.717098 
caraway -1.099856 0.899577 0.074491 -0.759671 -1.405836 1.628288 -4.807117 0.236152 1.425581 -0.810902 
beet -0.312270 -1.477992 0.830329 -0.134675 0.072481 0.944738 -3.565202 0.671593 0.589993 -0.025733 
squid 0.268854 -0.942367 -0.476626 0.155872 1.991162 -1.554507 1.043214 2.245503 -4.727757 -1.768663 
corn_flake -1.033585 1.283078 -0.025119 -0.896112 -0.056750 0.804777 0.562076 -0.353506 0.527565 -0.127305 
anise 0.013825 -1.809124 -1.362103 -0.227107 -0.706313 0.438366 -0.430644 1.470168 -0.728607 -0.586942 
roasted_beef -0.635665 0.495631 -0.609428 0.723220 0.389918 -0.488106 -1.909918 -0.725036 0.062880 -0.849157 
pistachio -0.559681 -1.762871 0.521178 -0.520864 -1.318151 1.961366 0.153561 0.649913 0.037230 0.198781 
peanut_oil -0.049735 0.348321 0.943450 -1.893310 0.857615 0.822742 -0.357183 -1.347662 -2.837413 -0.757739 
cereal -0.530205 0.051883 -0.146099 -2.055174 1.393433 0.600180 1.760249 -0.166974 2.590892 -2.638890 
cashew -0.726369 -0.757064 1.854642 -2.325307 0.091205 1.344764 -0.085140 -1.171609 -0.437091 -0.615544 
veal -1.539715 -1.002964 0.243499 2.402369 -1.856377 -0.902919 -1.315428 0.407425 -0.339237 -1.708825 
seaweed 1.085701 -0.006210 0.206376 -0.774642 4.024853 -0.212776 0.053901 2.924456 -2.496917 -1.318305 
turnip -2.640206 -1.844116 0.264833 -2.198147 -2.492092 -0.842119 -2.975820 0.809271 0.188864 -1.877657 
sauerkraut -0.405622 2.162887 -2.172432 1.905776 0.165120 0.088313 -3.793940 -0.023172 1.747723 -1.756633 
berry 0.702035 -1.770079 -0.023726 1.851472 -0.144841 2.190476 0.851279 -0.656856 1.320655 -1.437471 
kelp 0.870209 -0.742171 -0.365396 -1.182709 3.612731 -1.143483 0.798001 3.308191 -3.799076 -2.934715 
tomato_juice -1.017047 0.693997 -1.398679 0.351605 1.243876 -1.383688 -1.628785 -0.725757 -0.211229 0.619338 
cod -1.051669 -0.425472 -0.448555 -0.016462 -0.113176 -1.016574 -0.035342 0.710876 -2.582802 0.476784 
provolone_cheese -1.109927 0.288845 0.157967 3.914318 0.943691 -1.298871 -0.166691 -0.156317 0.979141 -0.415329 
mussel -1.301180 -2.618464 -1.267081 0.670740 -0.510498 -2.767552 -0.371521 1.607315 -4.968401 0.070218 
blackberry 1.220971 -2.021126 -1.122625 2.660511 0.602962 1.976519 1.760198 0.605081 0.982705 -0.905445 
roasted_peanut 0.460201 -0.423118 1.000874 -2.922895 1.454000 1.613800 0.770965 -1.694730 -2.028413 -0.666130 
rhubarb 0.547178 -1.190207 -1.181399 1.177836 -0.115311 1.926151 1.774154 1.050205 0.788281 -0.842280 
chinese_cabbage 0.926486 -1.801522 0.209870 -1.279064 3.548464 -1.664862 -0.777668 2.005441 -4.656105 -3.531088 
corn_grit -1.246416 0.737972 -0.745356 0.994807 0.161368 -0.995375 -0.044171 -1.667033 -1.509915 0.582987 
chicory -0.046276 -1.771714 2.594466 1.933982 0.709401 0.691888 -2.337556 1.649581 -0.398036 -1.122505 
bourbon_whiskey 0.383487 0.523748 -4.667467 0.648867 -1.443306 1.232889 -0.214320 -0.780701 -1.743618 0.024424 
citrus 0.663444 -2.258457 -1.082960 0.586199 -1.550592 2.473621 -0.978036 0.860049 -1.029681 -0.125135 
lima_bean -2.142490 0.769131 -0.798382 -0.567752 -0.067449 -1.470286 -2.197604 -2.026319 -0.328696 0.074283 
lovage -0.910387 0.894507 -4.796815 -0.267982 -0.085730 -1.453961 -2.308221 3.383537 -2.624314 3.046696 
melon 1.426910 -3.444263 0.741933 0.216275 1.946772 2.378609 0.643702 -1.695960 -0.586004 0.462438 
parsnip -2.449231 -1.395219 0.084905 -1.790874 -2.361709 -0.827695 -2.839503 0.003896 0.251841 -1.752546 
fig -0.622628 -3.066869 -0.737883 1.134232 -1.507046 1.059675 -0.708349 0.816991 1.192634 0.173735 
lemongrass -0.217366 -1.453001 1.749039 -2.160069 0.252858 0.795913 1.184764 -2.279478 -5.779585 0.046124 
whiskey 0.086337 -0.179894 -3.042609 -0.167475 -0.318296 2.148287 -2.578783 0.671112 1.210424 2.345765 
watercress 0.074317 -1.498695 1.313099 0.330231 0.856627 0.953227 -2.294656 0.497071 -0.886480 0.465445 
tequila 1.693010 -0.811908 -1.738381 1.494065 1.525221 1.802035 -0.315987 -1.678261 -2.720798 1.677394 
rye_flour -0.057243 -0.272815 -1.677131 0.463118 1.544911 0.170606 -2.215944 1.875735 3.833897 -0.888242 
peppermint 0.115158 0.203789 0.207263 -0.092614 0.272081 2.023464 1.277215 1.772197 -0.323202 0.310202 
savory -1.646230 -1.869379 -0.375131 0.534419 -1.038023 -1.621756 -0.961434 -0.514408 -0.067291 -1.209626 
lobster -0.681358 -1.173147 -0.812795 1.821542 -0.820191 -0.817405 0.076675 0.752002 -3.356412 0.758968 
roasted_pork -0.160487 -0.539226 -1.653720 0.093616 0.035832 -0.185802 -2.449847 -1.534248 0.515290 -1.163238 
mace -0.484652 -2.103943 -1.857446 -1.130230 -1.488311 0.617428 -0.759190 0.492338 -0.206788 -0.456210 
endive -1.427835 -2.339788 1.797824 1.113525 -0.042530 -0.486415 -2.416968 1.318162 0.539931 0.077228 
brassica -0.455461 -0.814846 0.349823 -0.500989 0.461863 -0.598147 -2.503341 0.668612 -1.020683 -2.005530 
grapefruit 1.342905 -2.134265 0.694241 0.879103 1.143205 2.461637 -0.966338 -0.942741 -0.885898 0.595772 
enokidake 1.007344 -0.018442 -1.690239 -0.743034 3.544167 -1.683622 -0.570821 3.384681 -3.277413 -4.036175 
porcini -2.296764 -1.384986 0.408265 2.168834 -2.156807 -1.912648 -0.287598 0.788616 -0.184231 -2.574759 
kiwi 1.904294 -2.234169 0.463998 0.620194 2.028708 2.951466 1.089401 -0.871619 -0.137854 -0.308723 
wasabi 0.920270 0.820532 1.383587 -0.582997 3.146790 1.067813 -2.046496 3.858118 -2.863005 -0.498350 
watermelon 1.257833 -3.048739 0.896753 1.450706 0.879724 2.695521 -0.419920 -1.168803 -1.684588 1.053061 
lime_peel_oil 0.902622 -1.404256 0.677589 0.551495 1.412102 1.949126 0.205628 -1.651371 -2.509767 1.961504 
okra -1.447040 0.152177 -1.305854 -0.885894 -0.429234 -1.157047 -1.157856 -1.321741 -2.192567 0.465528 
macadamia_nut 0.177585 0.212265 -0.226800 -1.055584 0.318676 2.149170 1.473560 -0.347207 -0.474767 0.213196 
smoked_salmon -0.642286 0.165991 1.627654 1.254590 1.049096 0.734792 -1.453701 3.151413 0.072683 1.208778 
kale -2.157225 -0.477037 0.636183 -0.213654 -0.896140 -1.409735 -1.944900 -0.050484 -0.506987 -1.207790 
popcorn -0.634976 1.152760 -0.033783 -1.465172 1.153544 0.971951 1.965331 -1.409923 0.276653 0.030099 
rye_bread -0.979491 2.033257 -0.054592 2.020459 0.359647 0.731000 -3.361676 0.889000 2.127782 0.028860 
star_anise 0.481011 -2.399764 -0.032658 -1.547458 -0.251654 0.950051 -0.923027 -0.224287 -2.423264 -0.996160 
brussels_sprout -1.720240 -0.242166 1.487085 -0.318131 -0.764532 0.208527 -1.662866 0.512279 0.956181 -0.796328 
tea 0.398663 -1.451690 -0.635370 -0.149588 -0.522207 1.823238 0.189882 -0.370830 -0.761515 0.027633 
thai_pepper -0.122680 0.206605 0.667251 -2.724055 0.987218 1.097775 1.782926 -2.633371 -5.290759 0.520910 
champagne_wine 0.642233 -1.479563 1.051569 1.628906 0.063357 1.874979 -1.742800 0.537331 -0.639121 -0.154016 
anise_seed -0.057243 -1.825032 -0.066910 -0.789468 -0.346164 1.454301 -1.149799 -0.099216 0.478369 0.109727 
yam -1.484866 -1.421184 -0.551101 -2.631987 -2.155741 0.307169 -0.487167 -0.715297 -0.443323 -1.729649 
bitter_orange -0.481027 -2.595985 -0.616560 2.773457 -3.748242 3.003975 0.619102 -0.715154 -1.598429 0.416647 
wheat_bread -0.655854 0.815482 0.975277 0.469893 1.311897 0.420995 -0.330856 -0.635237 1.210650 -0.083532 
