224 5
</s> 0.080054 0.088388 -0.076605 -0.065561 0.027332 
egg 0.354382 -0.276630 -0.457155 0.758391 1.061980 
butter 0.524898 -0.295023 -0.608830 0.770568 0.916763 
wheat 0.387875 -0.247680 -0.634722 0.726987 1.099613 
onion 0.307162 0.069338 -0.123470 1.420918 -0.081672 
garlic 0.213150 0.149361 0.238414 1.486372 -0.035050 
milk 0.549140 -0.407396 -0.644335 0.693909 1.115189 
vegetable_oil 0.058264 0.236605 -0.109376 1.099142 0.514714 
cream 0.664532 -0.143637 -0.280562 0.671341 1.008469 
tomato 0.716068 0.314096 0.013793 1.451564 -0.321692 
olive_oil 1.114948 0.115453 0.366470 1.229107 -0.021935 
black_pepper 0.285360 -0.082159 0.178181 1.372154 0.118986 
pepper 0.449348 0.373385 -0.184704 1.334312 -0.088865 
vanilla 0.288663 -0.233314 -0.961891 0.573520 2.184764 
cayenne -0.010622 0.589766 0.393224 1.450200 0.144223 
vinegar 0.081790 0.207831 -0.120772 1.320189 0.170582 
cane_molasses -0.103152 0.167712 -0.995711 0.967276 0.796443 
bell_pepper 0.515890 0.236985 0.156934 1.381428 -0.085417 
cinnamon 0.270456 0.320739 -0.918092 0.693152 1.281146 
parsley 0.800785 -0.380082 0.185118 1.245844 0.119655 
chicken 0.397962 0.380778 -0.057785 1.243940 0.074841 
lemon_juice 0.832397 0.269910 0.183540 0.800189 0.675285 
beef -0.038417 -0.147706 -0.116549 1.611369 -0.114928 
cocoa 0.019464 -0.465706 -1.049903 0.671466 2.217543 
corn 0.073282 0.288263 -0.564615 1.228748 0.159007 
bread 0.831514 -0.269176 -0.270376 1.118603 0.138632 
scallion -0.296972 0.263049 0.703316 1.539537 0.469740 
mustard 0.259598 0.083645 -0.346552 1.160859 0.281467 
ginger -0.540765 0.553289 0.299582 1.232958 0.962582 
basil 1.255591 -0.315051 0.286581 1.398502 -0.240798 
celery 0.301272 -0.297056 -0.251800 1.439944 -0.035515 
carrot -0.128863 -0.065841 -0.006936 1.564262 0.047378 
potato 0.299610 -0.325759 -0.275055 1.493152 -0.115069 
chicken_broth 0.405840 -0.053600 -0.012162 1.360058 0.015049 
yeast 0.619716 -0.421688 -0.829707 0.774665 0.854941 
rice -0.450182 0.272517 0.419669 1.504848 0.499275 
mushroom 0.330972 -0.639488 0.194360 1.481359 0.078662 
cheese 1.090324 -0.236336 -0.073636 1.061731 0.118305 
soy_sauce -0.823253 0.254557 0.552396 1.707785 0.667472 
cumin 0.361236 1.322242 -0.174191 1.385231 -0.112432 
oregano 1.046024 0.003096 0.094471 1.457033 -0.383348 
parmesan_cheese 1.302700 -0.674671 0.158475 1.209088 0.053222 
macaroni 1.233812 -0.352005 0.388942 1.361865 -0.147880 
thyme 0.661323 -0.852206 -0.113925 1.529259 -0.092075 
cheddar_cheese 0.646885 -0.203981 -0.505290 1.250671 -0.074916 
lard 0.244989 -0.279488 -0.943185 0.732687 1.237111 
lemon 0.881221 0.263894 0.233497 0.685192 0.883307 
cream_cheese 0.732795 -0.137612 -0.367694 0.568885 1.183236 
walnut 0.493092 0.050501 -1.074418 0.574129 1.624976 
green_bell_pepper 0.571781 0.165692 -0.102056 1.560422 -0.398252 
starch -0.219344 -0.036918 0.006704 1.010740 0.998869 
nutmeg 0.372763 -0.180048 -0.918351 0.720024 1.161734 
honey 0.229878 0.603802 -0.359076 0.793925 0.963868 
apple 0.454095 0.520221 -1.016699 0.725151 0.929619 
almond 0.556521 0.386060 -0.490575 0.575500 1.367281 
cilantro 0.276326 1.185492 0.465803 1.369659 0.157085 
pecan 0.307409 -0.044840 -1.036165 0.625026 1.639730 
white_wine 0.940929 -0.243309 0.650948 1.220109 0.241506 
bacon 0.502239 -0.353240 -0.396164 1.407623 -0.115853 
pork -0.368679 0.033047 -0.151857 1.525537 0.173233 
raisin 0.209689 0.510982 -1.089161 0.751625 1.118905 
bean 0.105130 0.154655 -0.092831 1.609853 -0.218457 
rosemary 1.024400 -0.840546 -0.236581 1.423025 -0.149209 
fish 0.034283 0.274909 1.056952 1.432333 0.555093 
cucumber 0.102364 0.201996 0.580787 1.015534 0.880193 
olive 1.249979 0.162072 0.134020 1.273210 -0.217242 
coconut -0.139562 1.000100 -0.347816 0.755284 1.468088 
orange 0.752019 0.610797 -0.152694 0.529487 1.336720 
tamarind -0.144121 0.070969 -0.683703 1.468741 -0.032652 
vegetable -0.490916 -0.246988 0.505354 1.594899 0.554154 
orange_juice 0.545351 0.806241 -0.200121 0.585037 1.305959 
buttermilk 0.595092 -0.158416 -0.897739 0.666950 1.005106 
pineapple 0.427106 0.884601 -0.349232 0.564051 1.502339 
shrimp -0.009980 0.116187 1.148044 1.568060 0.496497 
coriander 0.135465 1.531406 -0.172633 1.374501 0.107523 
bay 0.261232 -0.364341 0.001712 1.628802 -0.163951 
lime_juice 0.371525 1.339923 0.654739 1.098444 0.641456 
red_wine 0.765031 0.039963 0.071654 1.176519 0.102863 
gelatin 0.703791 0.326272 -0.423387 0.414490 2.037276 
pork_sausage 0.987737 -0.535596 -0.424335 1.569909 -0.444796 
sesame_oil -1.052342 0.220419 0.809835 1.911945 0.832729 
chive 0.560921 -0.372488 0.162658 0.894111 0.784105 
seed 0.543664 0.577473 -0.890671 0.989695 0.269396 
mozzarella_cheese 1.545205 -0.573834 -0.060959 1.300944 -0.224271 
ham 0.861343 -0.376881 -0.378473 1.194483 0.031507 
oat -0.102552 0.068213 -1.657992 0.797967 1.797671 
turmeric 0.060895 1.623003 -0.168135 1.390506 0.141325 
nut 0.066971 -0.155582 0.070575 0.960622 0.950442 
shallot 0.754095 -0.008032 0.644091 1.110860 0.438395 
lettuce 0.633150 0.570129 0.419585 1.067352 0.327298 
cider 0.039674 0.541807 -0.759491 1.199565 0.214881 
dill 0.687038 -0.026251 -0.080253 1.148967 0.143240 
pea 0.169314 0.083185 0.214374 1.496605 0.032998 
zucchini 0.814035 -0.016061 -0.149918 1.231378 -0.067805 
cherry 0.486608 0.455001 -0.593368 0.486287 1.984111 
lime 0.419776 1.306102 0.617666 0.852782 1.015683 
yogurt 0.782898 1.116370 -0.254190 0.657657 0.839238 
strawberry 1.265759 0.638730 -0.174220 0.279573 2.127618 
soybean -0.951397 0.152557 0.563033 1.728204 0.821843 
celery_oil -0.271550 0.270252 -0.838991 1.585975 -0.171390 
peanut_butter -0.882053 0.260268 -0.676783 1.052096 1.489635 
banana 0.468108 0.620408 -0.688560 0.502726 1.798312 
meat 0.261909 -0.118398 -0.394437 1.361952 0.022134 
tabasco_pepper 0.101700 0.185209 -0.421252 1.445231 -0.083790 
milk_fat 0.778035 -0.522825 -0.413144 0.618106 1.210915 
cabbage -0.160894 0.231516 -0.213751 1.469448 0.079139 
mint 0.881051 0.864758 0.480783 0.789159 0.723526 
fennel 1.328839 -0.284286 0.041013 1.364914 -0.228958 
sage 0.659708 -1.090042 -0.676370 1.445074 -0.000361 
broccoli 0.554192 -0.120247 -0.039535 1.198689 0.118898 
turkey 0.688083 -0.081401 -0.497919 1.296271 -0.147893 
fenugreek 0.029230 1.745139 -0.260754 1.386510 0.183697 
cranberry 0.978597 0.510198 -0.865078 0.537252 1.090437 
wine 0.264555 -0.012274 0.430168 1.096641 0.635419 
beef_broth -0.321168 -0.470172 -0.055822 1.826447 -0.071102 
grape_juice 1.016614 0.098369 0.086036 1.030157 0.211423 
pumpkin -0.611865 -0.484961 -0.197755 1.052007 1.453725 
raspberry 1.419505 0.203596 -0.260286 0.300580 1.975454 
whole_grain_wheat_flour 0.423773 0.129557 -1.229970 0.813611 0.785303 
lemon_peel 1.095364 -0.166557 0.114571 0.544790 1.195171 
coffee 0.111820 -0.492923 -0.953878 0.684110 1.771582 
sesame_seed -0.579767 0.308931 0.377617 1.336014 0.893799 
avocado 0.735602 1.058495 0.593235 1.179491 0.183536 
sherry 0.457934 0.013848 0.298141 1.089842 0.465204 
sake -0.946200 -0.119204 0.836241 1.840539 0.941317 
feta_cheese 1.487553 0.390697 0.419827 1.048599 0.011192 
apricot 0.640254 0.609169 -0.792109 0.585157 1.236529 
roasted_sesame_seed -0.950705 0.211083 0.947458 2.013376 0.742714 
rum 0.336198 0.646324 -0.513125 0.500342 2.089416 
orange_peel 0.776448 0.393113 -0.447719 0.531295 1.350005 
squash 0.796286 0.067164 -0.336881 1.210718 -0.041923 
crab 0.255543 -0.218418 0.605826 1.248204 0.490833 
marjoram 0.600379 -1.068912 -0.709894 1.548793 -0.144788 
swiss_cheese 0.928705 -0.382049 -0.836554 1.140643 -0.000663 
sweet_potato -0.036320 0.295861 -0.525767 1.009495 0.699604 
shiitake -0.594815 -0.757038 0.918181 1.836168 0.714965 
radish -0.410987 0.162951 1.176705 1.652748 0.776545 
peach 0.733630 0.851451 -0.410010 0.486381 1.572631 
tarragon 0.845336 -0.301184 0.610909 1.118115 0.437307 
black_bean 0.323385 0.968924 0.139556 1.623650 -0.364671 
lamb 0.791031 0.500121 -0.081121 1.130664 0.056755 
maple_syrup 0.040192 0.219136 -1.030888 0.864690 0.931678 
pear 0.139616 0.217030 0.531615 0.778437 1.434747 
fruit 0.712163 0.532884 -0.560844 0.441506 1.891623 
blueberry 1.401407 0.320833 -0.475458 0.296260 2.047380 
clam 0.177879 -0.558123 1.382442 1.780043 0.428420 
smoke 0.687819 -0.094572 -0.426754 1.363492 -0.196497 
tuna 0.374097 0.125804 0.599996 1.248898 0.326072 
kidney_bean 0.335882 0.406816 -0.397014 2.057206 -0.926957 
peanut -0.894342 0.718755 -0.318258 1.193174 1.188011 
asparagus 0.696400 -0.296600 0.393640 1.135976 0.342276 
salmon 0.499056 0.231380 0.646950 1.044866 0.574839 
leek 0.495563 -0.684089 0.188888 1.454528 0.117189 
chickpea 0.637014 0.921897 -0.018866 1.428313 -0.285236 
blue_cheese 1.270388 -0.209330 -0.091303 0.842369 0.411971 
brandy 0.812208 0.032969 -0.237715 0.488089 1.616727 
artichoke 1.478869 -0.230730 0.522932 1.145313 0.095717 
horseradish 0.268510 0.062963 -0.338094 1.258155 0.138845 
mango 0.418373 1.515994 0.279433 0.832339 0.961157 
date 0.361158 0.457542 -1.100588 0.602789 1.776785 
cardamom 0.339165 0.935811 -0.580327 0.763469 0.939593 
white_bread 0.852841 -0.704819 -0.481562 1.063800 0.335322 
oyster -0.470226 -0.454894 0.801997 1.757739 0.487368 
cottage_cheese 1.285895 -0.273746 -0.511457 0.825134 0.316349 
grape 1.042887 1.077740 -0.214170 0.552471 1.057329 
brown_rice 0.209212 0.234249 -0.303309 1.308777 0.065905 
cauliflower 0.505683 0.261285 -0.130314 1.316047 -0.056265 
cured_pork 1.592659 -0.782544 0.008800 1.401185 -0.201023 
egg_noodle 0.363248 -0.285604 -0.489001 1.369264 -0.064135 
beer 0.078117 0.138343 -0.633443 1.417810 -0.040150 
hazelnut 0.673994 -0.579316 -0.288389 0.599177 1.521746 
mandarin 0.741503 1.024047 -0.100250 0.507201 1.429678 
romano_cheese 1.332880 -0.700357 0.409152 1.236744 0.088904 
plum 0.501862 0.517508 -0.456673 0.700661 0.974882 
pimento 0.821109 0.251598 -0.024704 1.259095 -0.114878 
smoked_sausage 0.413653 -0.069042 -0.822791 1.843047 -0.671396 
scallop 0.820125 -0.224378 1.363397 1.385352 0.459749 
goat_cheese 1.489968 -0.161569 -0.024320 0.829639 0.385878 
lentil 0.308088 0.570488 -0.323364 1.573382 -0.369650 
currant 0.859297 0.466915 -0.770204 0.523049 1.227247 
saffron 0.807415 0.347686 0.557159 1.154676 0.278305 
barley -0.578900 -0.295162 -0.293806 1.558397 0.337309 
caraway 0.840938 0.514959 -1.898260 1.301979 -0.291667 
beet 0.737594 0.272251 -0.106802 1.109103 0.167415 
squid -0.265494 -0.216203 1.542306 1.938726 0.646801 
corn_flake 0.124614 -0.164349 -0.953261 0.887048 0.792154 
anise 0.329687 -0.292500 0.008893 0.800490 1.145265 
roasted_beef 0.215046 -0.270910 -0.459723 1.525897 -0.169719 
pistachio 0.758597 0.324584 -0.370999 0.463587 1.520020 
peanut_oil -0.590304 0.701435 0.384124 1.550188 0.524249 
cereal -0.514049 -0.077477 -1.394331 1.029055 1.349962 
cashew 0.019786 0.948085 -0.266693 1.003672 0.721614 
veal 0.760572 -0.945413 0.130936 1.313400 0.215090 
seaweed -0.707404 0.062992 1.338587 1.709854 1.199474 
turnip 0.143164 -0.488114 -0.750615 1.694282 -0.227464 
sauerkraut 0.676578 -0.048094 -1.886548 1.514034 -0.432176 
berry 1.496051 0.328622 -0.872300 0.320639 1.654078 
kelp -1.056517 -0.422314 1.392428 2.236715 1.164570 
tomato_juice 0.269509 -0.021943 -0.295280 1.727167 -0.455606 
cod 0.262507 0.014746 0.666517 1.479401 0.162442 
provolone_cheese 1.727352 -0.679967 -0.118355 1.272365 -0.156585 
mussel 0.564174 -0.160861 1.719765 1.850357 0.215092 
blackberry 1.473711 0.034312 -0.496698 0.292839 2.220429 
roasted_peanut -0.642602 0.963674 -0.132608 1.213291 0.922425 
rhubarb 0.853495 -0.096962 -0.790751 0.418854 2.032416 
chinese_cabbage -0.941472 -0.115982 1.343385 2.187135 0.846802 
corn_grit 0.556095 0.222632 -0.052769 1.516883 -0.318460 
chicory 0.943084 -0.194859 0.874905 1.029419 0.639961 
bourbon_whiskey -0.298533 0.338067 -1.581094 0.939993 1.355965 
citrus 0.321470 0.414176 0.411396 0.529176 2.229114 
lima_bean 0.115832 0.169378 -0.727440 1.918448 -0.643017 
lovage 0.008432 -0.394147 0.156826 1.390932 0.308508 
melon 1.040508 1.618309 0.262018 0.547276 1.474232 
parsnip 0.102158 -0.612630 -0.693726 1.651647 -0.119473 
fig 1.344154 0.014288 -0.521349 0.469446 1.156162 
lemongrass -0.178236 1.381862 0.934802 1.445186 0.688460 
whiskey -0.122514 0.637893 -1.498735 0.874695 1.372882 
watercress 0.724917 0.243722 0.675849 0.998380 0.586618 
tequila 0.521204 1.402928 0.560577 0.765827 1.261796 
rye_flour 0.950789 0.059597 -2.048267 0.993807 0.274402 
peppermint 0.357628 -0.493564 -0.431200 0.511366 1.920416 
savory 0.663314 -0.768461 -0.194581 1.589866 -0.204672 
lobster 0.844351 -0.220461 1.246050 1.282118 0.507954 
roasted_pork 0.207913 0.201920 -1.024277 1.291222 -0.011053 
