249 10
</s> 0.040027 0.044194 -0.038303 -0.032780 0.013666 0.030211 0.009409 0.002113 -0.036035 0.022185 
egg -0.629249 -0.219724 -0.221460 0.007080 -0.046962 0.688040 -0.325857 0.486062 0.973337 0.128022 
butter -0.736112 -0.771740 0.329202 0.242584 -0.037119 0.487580 -0.180256 -0.406233 0.929597 0.243434 
wheat -0.554661 -0.811527 0.228929 -0.334053 0.074147 0.361177 -0.055418 0.287361 0.960510 0.189560 
onion -0.280603 -0.140465 0.258948 -0.016644 0.801595 0.095267 -0.506680 -0.275808 -1.484634 0.001056 
garlic 0.424753 -0.235610 0.775725 -0.234384 1.001965 0.315207 -0.506472 -0.052570 -1.456673 0.039195 
milk -1.007311 -0.495515 0.231216 0.020011 0.073975 0.445473 0.028328 -0.097636 1.485037 0.381861 
vegetable_oil -0.166530 0.566873 -0.546313 -0.477305 0.155585 1.198689 -0.573974 -0.043469 -0.542266 -0.130025 
cream -0.694606 0.323326 0.154172 0.483590 -0.041778 0.764235 -0.123430 -0.131179 0.824437 0.406851 
tomato -0.395031 -0.142565 0.786378 -0.255487 1.163967 -0.530223 -0.388695 0.342342 -1.862952 0.894112 
olive_oil -0.063234 -0.608707 1.974705 0.057401 -0.140666 0.153605 -0.185307 0.068001 -1.287912 0.367083 
black_pepper 0.404665 -0.600946 0.724346 0.177392 0.771641 0.375513 -0.604006 -0.381976 -1.168799 -0.358924 
pepper -0.666946 0.527561 0.180848 -0.083279 0.873263 0.189052 -0.141791 -1.030448 -1.587747 0.162854 
vanilla -0.906758 -0.634642 -0.440342 0.283621 0.059866 0.871025 1.803976 0.349367 2.231882 -0.153029 
cayenne 0.814288 0.242234 -0.076183 -0.774857 1.906630 0.503147 -0.198345 0.132680 -1.742443 0.530802 
vinegar -0.117904 0.027753 -1.184599 0.463483 0.128709 0.800524 -0.744046 0.738747 -1.963038 -0.100066 
cane_molasses -0.557478 -1.204114 -1.618614 -0.131500 0.562918 0.325904 0.159930 0.186973 -0.097590 0.400715 
bell_pepper 0.021404 -0.064969 0.772749 -0.316396 1.065635 0.045937 -0.303953 -0.359493 -1.616402 0.354996 
cinnamon -0.068559 -1.837789 -0.766054 -0.216258 0.448944 0.872866 1.229663 -1.072961 0.520332 0.333606 
parsley -0.391343 -0.271859 1.615604 0.778751 -0.095315 0.514016 -1.120374 -0.815192 -0.538934 0.233567 
chicken -0.020259 0.451514 0.654922 -0.386556 1.235440 0.087277 0.555912 -0.801895 -1.172620 -0.210792 
lemon_juice -0.113229 0.281711 0.658667 0.334330 -0.696792 1.246268 0.268525 -0.037040 -0.483869 0.751572 
beef -0.061757 -0.820986 -0.273587 0.133455 1.306195 -0.368128 -1.277940 0.565300 -1.617313 -0.955305 
cocoa -1.178977 -0.258763 -1.240488 0.045040 0.375191 1.037426 0.870728 0.619393 2.265359 0.602420 
corn -0.708893 -0.088751 -0.943308 -0.300725 1.385136 -0.367790 -0.500299 0.802883 -1.240176 0.934384 
bread -0.852115 -0.399472 0.644892 0.711667 0.172085 -0.172362 -0.873647 0.112096 -0.414149 0.361501 
scallion 1.353127 0.840540 0.099584 -0.662163 1.228072 1.607970 -0.633563 0.680540 -0.973502 -0.908304 
mustard -0.659590 0.379935 -1.258316 1.251170 -0.317512 1.244957 -1.221867 -0.200775 -1.027202 0.402347 
ginger 1.924443 -0.270528 -0.911564 -0.835433 1.298476 2.205816 0.633922 -0.691598 -0.630789 -0.491777 
basil -0.297486 -0.261572 2.629652 0.445329 0.946045 -0.749677 -0.508196 0.309158 -0.860067 0.276456 
celery -0.793157 -0.358660 0.431704 0.373215 0.768896 -0.076840 -0.559363 -1.590033 -1.190745 -0.764386 
carrot 0.052127 -0.908565 0.372419 -1.146275 0.264414 0.686142 -0.601826 -1.112054 -1.446704 -1.401258 
potato -0.657098 -0.370448 0.685088 0.081112 0.497278 0.287590 -1.076007 -1.542427 -0.700886 -0.775648 
chicken_broth 0.227279 -1.000065 1.210850 -0.176129 0.891063 0.296592 0.084428 -1.848043 -1.124744 -0.534822 
yeast -1.479512 -0.577724 0.256762 0.067795 -0.185155 -0.223757 -0.469861 0.802317 0.975956 0.369832 
rice 1.002419 0.100292 0.067113 -1.459822 0.875924 1.433436 -0.304904 0.020223 -0.972436 -1.016563 
mushroom -0.232769 0.464880 1.529187 0.540902 1.382996 -0.336464 -0.841084 -0.294200 -0.298273 -1.544582 
cheese -0.836344 0.339062 1.382080 0.504561 0.847547 -0.695984 -0.486762 0.730777 -0.096695 0.314446 
soy_sauce 2.018023 0.495813 -0.881225 -1.139816 1.575242 2.033881 -0.224386 1.159125 -1.173827 -1.922109 
cumin 0.115171 0.558320 -0.061701 -1.418376 1.515267 0.817983 1.073490 -1.962683 -2.535727 1.404135 
oregano -0.572583 -0.758284 1.696305 -0.046454 1.304409 -1.226211 -0.478957 0.442182 -1.478782 0.603896 
parmesan_cheese -0.894070 0.179079 2.737122 0.961398 0.719129 -1.016839 -0.597703 0.365418 -0.156399 -0.370342 
macaroni -0.714100 0.588052 2.883161 0.243599 0.841598 -0.688012 -0.795591 0.404623 -0.426564 0.061925 
thyme -0.129887 -1.994502 1.920461 0.617835 0.417051 -0.466915 -0.428989 -1.136575 -1.209565 -0.632798 
cheddar_cheese -1.686064 1.188170 -0.021440 0.176358 1.620754 -0.996970 -0.941984 0.262233 -0.612743 0.016071 
lard -0.793679 -1.126585 -0.069324 -0.546429 -0.056847 0.438895 0.083208 0.251318 1.174060 0.340948 
lemon 0.321601 -0.339893 0.817335 0.516336 -0.427068 1.216520 0.415317 -0.044117 -0.219262 0.718706 
cream_cheese -0.946989 0.630345 -0.296354 0.637676 0.121942 0.719855 0.031774 0.652859 1.265930 0.903835 
walnut -0.949809 -1.178628 -0.226452 -0.589129 -0.805114 0.571189 1.483995 0.609119 0.829867 -0.106547 
green_bell_pepper -0.486252 0.324127 0.088748 0.192285 1.773530 -0.516289 -0.694598 -0.235551 -1.993947 0.302290 
starch 0.727927 -0.206052 -0.474096 0.040684 0.812767 0.913229 0.500865 0.279899 0.338421 -1.263091 
nutmeg -0.483579 -2.343393 0.190657 -0.150810 0.400173 0.006930 0.909001 -0.815637 1.045975 0.008386 
honey 0.184625 -0.941679 -0.796473 -0.195557 -0.447014 1.003707 0.832703 0.891337 -0.740970 -0.058334 
apple -0.820760 -1.083410 -1.133057 0.193259 -0.554134 0.602694 1.749699 -0.700127 -0.502998 -0.573262 
almond -0.615329 -0.556408 0.101459 -0.314280 -0.901700 1.143466 1.415839 -0.127581 0.686415 0.006141 
cilantro 1.194243 0.839589 0.103976 -1.265073 1.771964 1.352106 0.921159 -0.308039 -2.097818 1.807008 
pecan -0.974600 -0.993921 -0.946072 0.265061 0.389339 0.246126 1.463809 0.179217 1.272252 -0.210660 
white_wine 0.355730 -0.416355 2.018651 0.939882 -0.031688 0.802103 -0.609794 -0.697804 -0.655500 0.152353 
bacon -1.028396 -0.109616 0.097685 0.907812 0.358456 -0.254218 -0.898978 -0.223890 -1.011644 -0.891737 
pork 0.556254 -1.190003 -0.788416 0.608758 1.285897 -0.021217 -0.139557 0.068923 -1.602006 -0.970328 
raisin -0.888062 -1.702279 -0.157207 -1.062117 -0.319390 0.238449 2.036504 -0.556946 -0.053860 0.078645 
bean -0.091115 -0.387200 0.200213 -0.888082 1.408189 -0.176314 -0.341781 -0.204042 -1.903139 0.072041 
rosemary -0.799655 -1.620802 2.501023 0.643556 0.439027 -1.173207 -0.177982 -0.649657 -1.079119 -0.258000 
fish 2.003514 0.778295 0.747191 -0.148718 1.315575 2.072210 -0.490823 0.135683 -0.641415 -0.546099 
cucumber 0.170451 1.483160 -0.596897 -0.167221 -0.897477 2.480634 -1.290481 0.775933 -0.728192 0.140066 
olive -0.785803 0.291385 1.570887 0.288170 0.051519 -0.184052 -0.613419 0.504762 -1.546713 0.933366 
coconut 0.146038 0.835523 -0.840430 -1.064638 1.133411 1.557093 2.137450 -0.974705 0.645062 0.865361 
orange 0.309466 -1.279296 -0.216169 1.079965 -0.885518 1.185344 1.856654 0.345872 -0.501749 0.474082 
tamarind -0.605066 -0.499160 -2.447030 1.456211 1.747748 -0.446965 -1.069072 0.670333 -1.782213 0.056960 
vegetable 0.991715 -0.390665 0.531261 -1.267816 0.623441 1.274646 -0.703361 0.210822 -0.607382 -1.659573 
orange_juice 0.487794 -0.795134 -0.499449 0.466419 -0.630405 1.332739 2.142546 0.435057 -0.770405 0.643799 
buttermilk -1.519829 -0.213382 -0.125388 -0.360993 -0.654782 0.421244 0.095221 0.460886 0.799272 0.408379 
pineapple -0.041939 0.339680 -1.431304 1.088955 0.595491 0.807572 2.488066 0.457834 -0.208250 0.340095 
shrimp 2.113277 0.729143 0.491943 0.724831 2.231475 1.862104 -1.215683 -0.221546 -0.380244 0.036627 
coriander 0.249415 0.939161 -0.224672 -1.734485 0.996328 1.719553 1.983185 -2.905425 -2.275951 0.661841 
bay 0.300321 -1.522730 0.471405 1.387492 1.668756 0.165628 -0.594070 -2.752348 -1.270784 -0.433397 
lime_juice 1.413004 1.327472 -0.043308 -0.196325 1.188652 1.848542 1.230936 0.812774 -2.323898 2.583735 
red_wine -0.094298 -1.625624 0.655244 0.446515 -0.676200 0.259966 -0.337325 0.241318 -2.090023 0.171782 
gelatin -0.331692 0.575554 -0.749508 0.465919 -0.176474 1.424018 1.921049 0.981344 1.100954 0.152346 
pork_sausage -0.540772 -0.790197 1.500947 2.254578 2.033018 -1.868521 0.408316 -0.577889 -1.407161 -1.328929 
sesame_oil 3.110253 0.486590 -0.393799 -1.762666 2.252523 2.430808 -0.182119 1.761543 -1.434262 -2.607267 
chive -0.810627 0.343743 0.378291 0.744599 -1.239328 1.818744 -1.631115 -0.562768 0.397589 0.757383 
seed -1.109931 -0.677326 -0.939709 -0.581765 -1.368780 1.017206 -0.360493 0.186942 -1.560691 0.249163 
mozzarella_cheese -1.095253 0.377020 2.875330 1.214878 1.364841 -1.893642 -0.436960 1.420006 -0.302049 -0.374850 
ham -0.961564 0.247962 0.414127 1.527166 0.440047 -0.227406 -1.011355 -0.009966 -0.319155 -0.737838 
oat -1.683933 -1.244586 -1.063452 -1.928388 -0.446463 0.353114 1.449062 0.543145 1.206420 -0.620923 
turmeric 0.600120 1.637746 -0.018561 -1.836621 1.471650 2.212511 2.105721 -3.865030 -2.207234 0.539561 
nut 0.124552 -0.884888 0.683839 -1.179708 -0.573221 0.886652 0.102925 0.600380 -0.183635 -0.520413 
shallot 0.875926 -0.764664 1.555354 1.120487 -0.381065 1.328212 -0.122145 -1.009593 -0.981002 -0.489157 
lettuce -0.192582 1.713410 0.053739 0.235802 -0.537475 1.135185 -0.212260 1.424119 -1.986948 -0.025870 
cider -0.651482 -0.795309 -1.843792 0.638731 -0.479013 0.627538 -0.136790 -0.034056 -2.252899 -0.422080 
dill -0.979003 0.933900 0.616709 0.596623 -1.058590 1.262281 -1.164605 -0.336074 -0.798874 -0.151462 
pea 0.084355 0.688937 0.985026 -0.715916 0.770022 0.968704 -0.522454 -1.510416 -0.990971 -0.813866 
zucchini -1.096370 -0.376350 1.846465 -1.003537 0.379408 -0.434646 -0.024363 -1.147061 -0.925884 0.404821 
cherry -0.310032 -0.962265 -0.208949 0.360308 -0.229568 0.661568 2.281905 1.183240 0.726989 0.703223 
lime 1.375612 0.846019 -0.230807 0.115319 1.320241 1.597424 1.429359 0.748388 -1.103044 2.043158 
yogurt -0.273150 0.464690 0.126910 -0.755939 -0.806835 1.459265 1.329660 -0.506160 -1.146304 0.941264 
strawberry 0.102423 1.006479 0.648406 1.384646 -0.867439 1.776783 3.469026 1.841129 1.395364 -0.600384 
soybean 2.068431 0.319914 0.061077 -1.854761 1.248932 1.924460 -0.247517 1.341798 -1.000195 -2.493274 
celery_oil -0.423893 -0.563277 -2.792187 1.352292 1.845475 -0.637329 -0.867592 1.663104 -2.288772 -0.022368 
peanut_butter -0.709656 1.527612 -1.552984 -1.949795 1.113661 1.049157 0.826844 0.469254 1.185827 -1.100522 
banana -0.165886 0.441034 -0.359779 0.028832 0.057077 1.182561 2.416933 0.291625 0.909241 0.021243 
meat -0.171526 -1.277753 0.033003 0.660484 0.812623 -0.346328 -0.313125 -0.383744 -1.139032 -0.556043 
tabasco_pepper -0.199362 0.283661 -1.328585 1.208012 1.621987 0.123230 -1.017386 0.359623 -1.399703 0.717014 
milk_fat -0.398527 -0.694450 0.936500 0.800044 -0.164445 0.853750 -0.091664 -0.518891 1.618720 0.323217 
cabbage -0.383701 0.254287 -1.073172 -0.317398 0.252219 0.785349 -0.707369 -0.248482 -2.183266 -1.559755 
mint 0.617777 0.301159 0.936513 -0.600723 -0.765945 1.935851 1.019616 -0.206760 -1.045891 1.309465 
fennel -0.304250 -2.597047 2.743759 -0.134768 0.069510 -0.378220 -1.151745 -0.411984 -0.866097 1.080129 
sage -1.076410 -2.287210 1.640233 0.899151 0.419725 -1.330486 0.533449 -1.836779 -1.112385 -1.291214 
broccoli -0.756077 1.915301 1.349136 -0.861620 1.036045 -0.100597 -0.047508 -0.064780 -0.182773 -1.299744 
turkey -1.038888 -0.443482 0.436954 0.452220 0.543734 -0.931270 0.314386 -0.321193 -1.376753 -0.947597 
fenugreek 0.410703 1.883979 -0.231895 -1.311580 1.965774 1.636152 2.357847 -3.491735 -2.242825 0.563439 
cranberry -0.855472 -0.738758 -0.898023 1.135881 -0.837717 0.435310 2.459757 0.350143 -0.428517 -0.483586 
wine 1.029126 -0.835942 0.435914 0.205207 0.202922 0.986922 -0.025682 0.508276 -0.857660 -0.335277 
beef_broth 0.375442 -1.671081 0.325872 0.406314 1.226347 -0.186880 -1.150247 -0.472868 -1.425647 -1.729970 
grape_juice -0.109986 -0.832245 1.573192 0.162816 -0.897247 0.186229 0.148659 0.727710 -1.807642 -0.011443 
pumpkin 1.067347 -1.556952 -0.321713 -1.090323 1.252248 1.158357 0.067966 -0.650837 1.222714 -1.280300 
raspberry -0.013687 0.385118 0.777406 1.512954 -1.173057 1.466785 2.403249 1.464913 1.403311 -0.472705 
whole_grain_wheat_flour -1.645725 -0.972607 -0.231964 -1.350472 -1.073411 -0.084390 0.477031 1.281015 0.044186 -0.283055 
lemon_peel -0.013237 -0.763541 1.642850 0.094467 -1.090823 1.301728 0.868397 -0.540640 0.656507 0.426581 
coffee -0.602598 -1.106214 -0.900019 0.215355 0.331461 0.985062 0.130042 0.419216 1.692195 1.362767 
sesame_seed 0.796389 0.419902 -0.257183 -2.235402 -0.441080 2.023160 -0.298613 1.703129 -0.907728 -1.122664 
avocado 0.303750 1.558623 -0.155273 0.148643 0.506101 1.039147 0.250254 1.802653 -2.235272 1.891415 
sherry 0.577067 -0.690242 0.453513 0.586759 -0.020426 1.022917 -0.295216 -0.238927 -0.671994 -0.128619 
sake 2.833110 -0.173774 -0.414778 -0.775842 1.697024 2.050719 -0.693198 2.571773 -0.784488 -2.760870 
feta_cheese -0.861152 0.842194 2.373606 -0.372485 -1.242583 0.135506 0.335072 1.342351 -1.678749 0.615862 
apricot -0.274986 -1.701507 -0.185659 0.395630 -0.787271 0.933843 1.931110 -0.687385 -0.057519 0.325293 
roasted_sesame_seed 2.399079 1.002313 0.905563 -2.296108 1.217063 2.502080 -1.514541 2.039778 -1.059887 -2.851363 
rum 0.430395 -0.676638 -0.472045 0.643657 0.483888 1.386058 2.100797 0.552076 1.340032 1.367913 
orange_peel 0.148591 -1.736868 0.006407 0.953113 -1.137141 1.259091 2.044323 -0.110350 0.045422 -0.289252 
squash -0.495063 -0.981863 1.449885 -1.259901 0.861719 -0.277346 0.363494 -1.607358 -0.926722 0.025590 
crab 0.874583 1.058791 -0.240738 1.911630 1.653746 1.717404 -1.731009 -0.567357 0.508162 0.880633 
marjoram -1.296726 -2.110317 1.693759 0.312707 0.033247 -1.202734 0.140418 -1.784379 -1.578431 -1.291887 
swiss_cheese -2.100128 1.367813 0.075811 2.184425 0.741059 -0.661529 -1.339423 -0.215492 0.388001 -1.948472 
sweet_potato -0.046930 -1.701169 -0.815762 -0.723143 0.771961 0.777036 1.117277 -2.077204 -0.660281 -0.062660 
shiitake 2.681556 -0.629674 1.699411 -0.519254 1.452991 1.590249 -0.786927 1.059842 -0.047566 -3.036849 
radish 2.038642 0.675995 0.674879 -1.110516 0.147807 2.556873 -1.197512 2.160609 -1.207406 -1.654896 
peach 0.431876 -0.109534 -0.615719 1.189790 0.127817 1.269710 2.435876 0.273563 0.306761 0.169537 
tarragon 0.053314 0.162698 1.315311 1.552155 -0.836007 1.383443 -0.921497 -0.565391 -0.682645 -0.266240 
black_bean 0.010275 0.602984 0.182593 -1.369452 2.121967 -0.509454 0.778934 0.669930 -2.638027 1.072456 
lamb 0.376847 -1.543128 1.658500 -0.852647 -0.693876 0.960875 1.148535 -1.764725 -2.260060 0.186509 
maple_syrup -0.605684 -1.078481 -1.562038 -0.059458 0.115662 0.647925 0.784898 -0.419331 -0.107950 -0.646443 
pear 1.130343 -0.957683 0.035836 0.118621 -0.961662 1.760537 1.230266 0.773660 -0.271582 -1.251213 
fruit -0.050698 -0.697484 -0.340038 0.432794 -0.543914 1.147970 2.588623 0.484942 0.432057 -0.132819 
blueberry -0.119225 1.010848 0.290140 1.103321 -1.586927 2.013710 3.177684 1.907198 1.919539 -1.667642 
clam 2.650468 -0.108632 2.151218 1.416600 2.241041 1.927827 -1.878046 -0.835219 -0.146002 -0.342650 
smoke -0.648820 -0.614621 -0.229985 1.603913 0.509594 -0.101180 -0.945305 -0.465915 -1.440460 -0.520597 
tuna -0.135798 1.525619 0.547168 -0.042378 0.019961 1.172886 -1.077911 1.036124 -0.883568 0.270236 
kidney_bean -0.957214 -0.674632 -0.066834 -1.452262 1.983370 -1.343240 -0.628596 -0.114936 -3.200118 -0.051407 
peanut 0.390916 1.119174 -1.496454 -2.162059 1.150891 1.687918 0.455672 0.532851 -0.112579 -0.363086 
asparagus -0.421742 0.942943 1.627948 0.413543 -0.281549 0.970568 -1.003310 -0.503250 -0.136473 -0.665649 
salmon 0.446441 0.505398 0.407070 0.767180 -0.606125 1.701250 -0.431051 0.271848 -0.685591 -0.037139 
leek 0.151767 -1.289325 2.060035 0.495111 -0.320106 1.295607 -0.693188 -2.859415 -0.330381 -1.641606 
chickpea -0.248342 -0.063670 1.196520 -1.972197 0.104885 0.522771 0.853993 -1.122023 -2.894806 0.362814 
blue_cheese -1.140042 0.010065 0.501538 1.853362 -1.099438 0.108890 -0.139534 0.738109 -0.956677 -0.273893 
brandy 0.250289 -2.696142 -0.514084 3.121575 -0.818987 1.158974 0.651266 0.796043 0.751734 0.713269 
artichoke -0.399173 0.517514 3.002863 0.797566 -0.247449 0.075111 -0.396257 0.377040 -0.301151 0.316665 
horseradish -0.731200 0.251196 -1.812004 1.961520 -0.163534 0.983174 -1.567012 0.709078 -0.982106 -0.000794 
mango 0.960965 1.572780 -0.450274 -0.054966 0.440366 2.142088 2.036997 -0.177520 -1.373760 1.465194 
date -1.054318 -2.471613 -0.241556 -0.523055 -0.757618 0.233922 2.154868 0.037425 0.442971 0.404338 
cardamom 0.498732 -1.651577 -0.273418 -0.997108 -0.122269 1.765253 1.840000 -2.189406 -0.729232 0.559295 
white_bread -1.333150 -0.947657 0.817310 0.694288 -0.392911 -0.248497 -0.709820 -0.342766 -0.208292 -0.043363 
oyster 2.386623 -0.519008 1.096984 -0.371559 1.509399 1.675483 -0.696062 0.205548 -0.276579 -2.265998 
cottage_cheese -1.974130 1.010030 1.238427 0.469150 0.542815 -1.183734 -0.370689 1.027891 0.216721 0.381183 
grape -0.270484 1.355954 -0.476513 0.765514 -1.191632 1.783346 2.950561 -0.076925 -1.210345 -0.187863 
brown_rice -0.737351 -0.023911 0.384057 -1.238537 0.782228 -0.015160 0.613827 -1.461865 -1.322852 -0.757162 
cauliflower -1.453880 1.681927 0.710000 -1.012765 -0.345697 0.823645 -0.662549 -1.467414 -1.157561 -1.293761 
cured_pork -0.796666 -0.857883 3.464729 1.988825 0.461777 -1.788741 -0.288222 0.938449 -0.813353 -1.333296 
egg_noodle -1.333429 1.070121 0.060633 0.686746 1.393072 -0.581912 -0.844565 -0.328345 -0.505172 -0.785701 
beer -0.039148 -1.214347 -1.113266 1.233311 1.482374 -0.025804 -0.640010 -0.498300 -1.217393 0.485564 
hazelnut -0.186868 -1.677339 0.650637 0.291729 -1.202272 1.086766 0.813781 0.306002 1.091246 -0.240167 
mandarin -0.162314 1.790382 -0.341752 0.635773 -0.498921 0.976553 3.171320 1.668422 -0.629059 -0.785095 
romano_cheese -0.355683 -0.472303 2.986821 1.029744 0.507301 -0.719449 -0.303753 0.311902 -0.320754 -0.002672 
plum 0.395650 -2.153815 -0.416651 0.607523 -0.781420 1.101435 1.685492 -0.697308 -1.108286 -0.004780 
pimento -1.160367 1.531884 0.503444 0.558584 0.643928 0.163863 -0.829221 -0.376156 -1.167306 0.630720 
smoked_sausage -1.049480 -1.470258 -0.848434 0.757067 1.408630 -0.513110 -1.758820 -1.327355 -1.880374 -0.877614 
scallop 1.914689 0.156096 2.434916 1.395071 0.852777 2.230779 -1.215775 -1.407744 -0.082253 0.607331 
goat_cheese -0.717037 -0.839341 1.990438 0.950116 -1.653994 0.177419 -0.167480 0.866231 -1.002390 -0.043223 
lentil -0.338436 -0.366495 1.151515 -2.096778 0.523201 0.391220 0.648147 -2.270468 -2.200778 -0.403172 
currant -0.389533 -2.558170 0.136585 0.484210 -1.053888 0.541074 1.422145 -0.426809 -0.351859 0.545772 
saffron 1.102378 -1.775623 2.668677 -1.039315 -0.026919 1.694515 0.210773 -2.680940 -0.719978 0.770492 
barley 0.068841 -1.117446 0.570915 -2.013670 -0.322064 0.597316 -0.513766 0.311042 -1.340272 -2.090261 
caraway -2.468402 -0.945016 -1.895130 1.093257 -2.118369 0.632508 -1.003270 -0.897803 -2.366352 -1.261188 
beet -0.581503 -0.711716 -0.217495 0.891698 -2.730697 1.883401 -0.390688 0.050336 -2.667899 -1.029923 
squid 3.598806 0.172076 1.976855 -0.073641 2.409974 2.355489 -1.430454 1.510002 0.708920 -1.538150 
corn_flake -1.654514 0.305386 -0.498402 -0.616976 0.826582 -0.092233 -0.171939 -0.478190 0.902087 -0.279846 
anise 0.981334 -2.397667 0.528829 0.078975 -0.641569 1.346886 0.220423 0.187149 0.527353 -0.425657 
roasted_beef -0.320411 -0.977883 -0.273596 1.335035 0.708850 -0.497357 -0.990793 0.619538 -1.371226 -1.243479 
pistachio -0.422704 -1.043700 0.420249 0.130902 -1.240915 1.534769 1.445826 -0.343751 0.634186 0.725588 
peanut_oil 1.637409 1.019740 -0.648515 -1.534562 1.701317 2.028008 0.252863 -0.169729 -1.229043 -0.585261 
cereal -2.128140 -0.233841 -0.681153 -2.849806 -0.326507 -0.247408 1.303525 1.346664 0.850987 -2.322736 
cashew -0.200436 1.124891 -0.559739 -0.962566 0.064807 1.238876 1.620542 -0.951437 -0.918463 -1.395237 
veal 0.058196 -2.061679 2.255032 2.326209 -0.042678 -0.493141 -0.121129 -0.931878 -0.552441 -1.885188 
seaweed 2.173910 0.415060 0.550220 -2.344761 0.360235 3.091642 -2.798484 3.844165 -0.109311 -0.957543 
turnip -0.498551 -2.963220 1.196296 -1.166395 -1.907577 1.714169 -1.248340 -3.142181 -1.651030 -1.847944 
sauerkraut -2.158240 -1.687607 -2.296779 3.036265 -0.289679 -0.409729 -2.344700 -0.093687 -0.766663 -2.146099 
berry -0.957240 0.301592 0.302288 1.711502 -1.320837 0.913938 2.891892 0.574424 1.070425 -1.448276 
kelp 4.193056 -0.587754 1.723090 -2.665932 2.380640 3.113038 -1.705435 2.691864 0.592650 -1.955990 
tomato_juice -0.580590 -0.643664 -0.464151 0.100021 1.542067 -0.474959 -1.244739 -0.054438 -2.036671 0.456435 
cod 1.132530 0.155364 1.137188 0.446690 1.357363 1.479077 -1.027078 -1.610334 -0.397202 -0.129480 
provolone_cheese -1.314123 0.175567 2.794549 2.476062 0.772603 -1.937860 -0.513410 1.844905 -0.465974 -0.562977 
mussel 3.535681 -1.038340 2.779978 1.263266 1.978006 2.529629 -1.138698 -2.085071 -0.925791 -0.093055 
blackberry -0.322188 -0.089324 0.531786 2.100229 -1.353970 1.367383 2.173160 1.980991 2.254321 -0.892939 
roasted_peanut 0.855900 0.930300 -0.762882 -3.358915 0.876564 1.942878 0.838842 0.564718 -1.045164 0.277854 
rhubarb -0.310214 -0.539174 0.064805 0.918544 -0.368303 1.137383 1.762817 0.703880 2.416594 -0.689553 
chinese_cabbage 4.588470 -0.530458 1.162334 -1.657946 1.891281 3.429436 -1.565677 2.013173 -1.684039 -2.885615 
corn_grit 0.049998 -0.080998 0.399935 0.515766 2.129107 -0.386935 -0.496543 -0.346797 -1.214557 1.003117 
chicory 0.407779 -0.217850 1.802613 1.576109 -2.524926 1.687582 -0.412519 1.532955 -1.894490 -1.435189 
bourbon_whiskey 0.274215 -3.503006 -2.026242 0.783479 1.842727 0.400971 0.058412 0.287442 0.721820 2.481204 
citrus 0.819973 -2.602987 0.094258 1.247465 -1.270545 2.020802 1.448983 0.717458 0.767068 1.134558 
lima_bean -1.197617 -1.314391 -0.706663 -0.132270 1.427031 -0.572926 -1.058276 -1.935801 -3.121010 0.261020 
lovage 1.676579 -2.339562 -2.390137 2.499471 3.038438 2.147505 -4.196999 -1.931508 0.759108 2.448108 
melon 1.079147 0.917707 0.376336 -0.151549 -1.017475 2.413213 3.464305 2.030231 -1.665084 1.314746 
parsnip -0.976032 -1.795596 0.362141 -0.148015 -1.117806 1.065243 -0.028553 -3.785354 -1.683514 -2.518010 
fig -0.411041 -2.945225 1.021039 0.959337 -1.739994 0.616511 1.488079 0.456330 -0.143672 1.000925 
lemongrass 3.472831 1.246069 1.284688 -2.289264 2.241205 3.553214 1.485061 -1.730321 -1.531456 1.213176 
whiskey 0.147312 -1.988768 -1.646170 2.929319 2.151604 -0.466414 2.184907 0.172317 0.176120 0.551424 
watercress 0.457086 -0.119477 0.455162 0.979304 -1.460836 1.766486 -0.082281 0.435803 -1.989992 -0.220229 
tequila 1.893528 -0.206756 -0.652682 1.435286 1.833534 1.216007 1.571044 2.400702 -1.036189 3.052778 
rye_flour -2.915675 -1.813596 -1.825559 0.603477 -2.528112 0.168982 -1.696541 1.612503 -0.273506 -1.617129 
peppermint -0.728969 0.745340 -0.321732 -0.566229 -0.679609 2.132410 -0.463811 0.720215 2.140947 0.713280 
savory -0.196375 -1.832280 1.867684 0.472742 0.178850 -0.417950 0.175216 -1.252817 -1.457355 -1.186930 
lobster 1.850272 -0.625161 1.905683 2.359968 1.154096 1.617982 -0.402889 -1.264578 0.367456 1.012710 
roasted_pork -0.276821 -1.797059 -1.080025 1.038319 0.414577 -0.266846 0.418937 -0.722071 -2.143322 -0.546192 
mace 0.650710 -2.843096 -0.296412 0.099937 0.240591 0.877476 1.046444 -1.080889 0.235438 -0.439106 
endive -0.046641 -0.743606 1.960489 1.678266 -1.836916 0.903497 -0.064746 0.140019 -1.961291 -1.190922 
brassica 0.683357 -0.412538 0.162192 0.736364 -0.027707 1.151587 -0.472556 -0.072313 -2.228377 -2.662247 
grapefruit 0.800595 0.317961 -0.596739 1.383642 -0.748013 1.712925 2.277265 1.723596 -1.762860 1.012849 
enokidake 3.582337 -1.040706 0.194536 -0.606342 2.635957 2.453305 -2.738303 3.092023 0.210552 -3.883394 
porcini -0.001387 -2.019309 3.717735 1.365386 0.052054 -0.358027 -0.852264 -1.473982 0.260108 -2.329375 
kiwi 0.715007 1.477624 -0.289381 0.579102 -0.828764 2.263311 3.288352 1.728987 -0.160209 -0.085314 
wasabi 1.914454 0.877658 -0.490585 -0.137159 0.055175 3.619732 -3.441710 2.827040 -0.078013 -1.240400 
watermelon 1.371489 1.310598 0.162641 1.669814 -1.265317 3.291798 2.506551 0.804528 -1.420963 1.405713 
lime_peel_oil 1.492974 1.628724 -0.689681 0.673294 0.408833 2.618971 1.891997 0.490719 -1.713712 2.360096 
okra 0.410805 -1.163675 -0.032186 -0.010595 1.834434 0.255931 -0.580744 -1.649229 -1.903029 0.499585 
macadamia_nut -0.298268 0.208352 -0.963037 -0.958185 0.493180 1.148293 1.033953 0.726059 1.171156 0.617507 
smoked_salmon -0.939321 1.569114 0.698276 1.293038 -1.787956 2.187279 -2.084307 0.282744 -0.046379 -0.109260 
kale -0.254182 -1.353996 1.364220 0.064683 0.070132 0.231294 -1.126486 -1.541937 -1.993662 -1.314593 
popcorn -1.637320 1.171663 -0.588070 -2.373570 1.015018 0.122399 0.775895 0.438242 0.486451 0.605426 
rye_bread -3.295333 -0.312940 -1.625522 2.676466 -1.105674 -0.187787 -2.740389 0.115552 -1.025701 -0.085891 
star_anise 2.195577 -1.637323 -0.014270 -0.706033 0.071769 2.239098 1.230072 -0.328986 -1.030744 -0.268364 
brussels_sprout -1.471541 0.052583 1.036674 0.698169 -1.141207 0.215055 0.047407 -0.976082 -0.803980 -1.454743 
tea 0.538943 -1.221705 -0.432059 0.419552 -0.499938 1.657696 1.472450 -0.127865 0.006971 0.775971 
thai_pepper 2.560592 2.105218 -1.059238 -1.833031 3.806093 2.500220 1.419175 -0.440951 -1.381887 1.034599 
champagne_wine 0.333705 -0.122852 0.132610 2.028069 -1.914373 2.072165 0.491138 0.764109 -0.926813 0.149653 
anise_seed -0.371296 -1.284591 -0.289548 -0.561430 -1.300367 1.295498 1.274664 -0.028777 -0.843890 0.639675 
yam 0.343312 -1.891474 -0.536696 -1.200441 0.251090 1.417143 1.449294 -2.744052 -0.815966 -1.320614 
bitter_orange 0.802875 -1.874406 1.997110 2.769264 -1.251833 2.761354 2.248743 -1.074003 1.879496 2.896904 
wheat_bread -1.738049 0.878258 -0.502402 -0.182021 -0.006579 -0.081892 -0.738645 0.721964 -1.010356 -0.224787 
