224 5
</s> 0.080054 0.088388 -0.076605 -0.065561 0.027332 
egg 0.427745 0.232655 -0.191498 0.002171 1.050759 
butter 0.735878 0.115876 -0.198635 0.036324 0.844562 
wheat 0.552639 0.215243 -0.296389 0.008575 1.018867 
onion 0.241806 0.543581 0.663071 0.727742 0.288522 
garlic 0.099221 0.310298 0.754040 0.923719 0.275704 
milk 0.792790 0.281209 -0.119118 -0.199132 1.090795 
vegetable_oil 0.057154 0.380779 0.118404 0.528190 0.546347 
cream 0.576732 0.072957 -0.182483 0.096087 0.849959 
tomato 0.377389 0.705341 0.855219 0.836583 0.124598 
olive_oil 0.753636 -0.034357 0.633469 1.048383 0.000322 
black_pepper 0.211433 0.086030 0.678964 0.895713 0.314328 
pepper 0.317372 0.524529 0.454815 0.799239 0.135044 
vanilla 0.534607 0.280516 -1.062186 -0.183686 2.199699 
cayenne -0.317915 0.528825 0.511839 1.092163 0.336652 
vinegar 0.004805 0.609315 0.283797 0.854225 0.261505 
cane_molasses 0.221775 0.927766 -0.403090 0.147564 0.774330 
bell_pepper 0.239272 0.409144 0.670237 0.873507 0.193227 
cinnamon 0.465420 0.385948 -0.873613 0.315628 0.939896 
parsley 0.699324 -0.146521 0.665341 0.684957 0.343373 
chicken 0.120005 0.377429 0.283169 0.816286 0.241058 
lemon_juice 0.438974 -0.116578 -0.253946 0.762243 0.290394 
beef -0.000147 0.686490 0.958620 0.708768 0.419089 
cocoa 0.445165 0.308181 -0.815108 -0.321545 2.354512 
corn 0.164283 1.095315 0.244351 0.304296 0.477526 
bread 0.687927 0.403850 0.631128 0.343878 0.447753 
scallion -0.493006 0.081919 0.627067 1.073855 0.702516 
mustard 0.302518 0.617469 0.162920 0.596625 0.310675 
ginger -0.696102 0.138631 -0.236944 1.100820 0.796852 
basil 0.974392 0.053813 1.261722 0.639567 0.348971 
celery 0.639833 0.372429 0.659051 0.717510 0.178518 
carrot 0.075627 0.051122 0.576811 0.989331 0.328887 
potato 0.538447 0.387026 0.785116 0.569923 0.347278 
chicken_broth 0.574493 0.139366 0.476105 1.028383 -0.021709 
yeast 0.697991 0.424916 0.055054 -0.176781 0.973602 
rice -0.529630 0.055996 0.440295 1.011259 0.714676 
mushroom 0.439008 0.070428 1.223206 0.466361 0.706070 
cheese 0.769730 0.248393 0.692817 0.206253 0.513188 
soy_sauce -0.951401 0.203681 0.461148 1.247129 0.978500 
cumin -0.022032 0.896461 -0.001194 1.290013 -0.104570 
oregano 0.778329 0.536164 1.089947 0.744917 0.096167 
parmesan_cheese 1.031551 -0.228757 1.294944 0.294706 0.689894 
macaroni 0.811008 -0.056685 1.297007 0.574021 0.517945 
thyme 1.169010 -0.085239 0.803972 0.774533 0.161645 
cheddar_cheese 0.356919 1.055181 1.143857 0.041368 0.787800 
lard 0.502368 0.451688 -0.352072 -0.127299 1.179176 
lemon 0.615133 -0.345153 -0.468727 0.798204 0.288227 
cream_cheese 0.537995 0.192770 -0.146575 -0.092646 1.103739 
walnut 0.729004 0.247738 -0.900226 0.015077 1.296041 
green_bell_pepper 0.315392 0.841878 1.088163 0.684771 0.301458 
starch -0.134470 -0.068639 -0.154275 0.490545 0.897686 
nutmeg 0.722713 0.167151 -0.565800 0.071180 0.997767 
honey -0.052304 0.380371 -0.616738 0.679595 0.629304 
apple 0.740310 0.734369 -0.983768 0.341990 0.589114 
almond 0.573080 0.087879 -0.763296 0.305800 0.930611 
cilantro -0.280194 0.583946 0.057715 1.429209 0.022916 
pecan 0.582878 0.468044 -0.900260 -0.054765 1.522550 
white_wine 0.705246 -0.548874 0.529546 1.042140 0.195030 
bacon 0.658338 0.550027 0.860637 0.371336 0.440781 
pork -0.035139 0.478567 0.459540 0.798215 0.332575 
raisin 0.532797 0.569038 -0.965220 0.271554 0.868076 
bean 0.150180 0.765987 0.804473 0.821401 0.233772 
rosemary 1.291952 0.026069 0.885668 0.613272 0.204600 
fish -0.441528 -0.326161 0.507582 1.369743 0.584203 
cucumber -0.258200 0.039305 0.124702 0.746467 0.673954 
olive 0.800043 0.383264 0.833689 0.802037 0.034912 
coconut -0.319760 0.568012 -1.035409 0.583876 1.063940 
orange 0.575777 -0.151729 -1.116891 0.787358 0.596741 
tamarind 0.172694 1.334307 0.532943 0.530888 0.301725 
vegetable -0.414717 -0.115167 0.657240 0.945458 0.846185 
orange_juice 0.343298 0.022080 -1.075529 0.840254 0.574207 
buttermilk 0.649106 0.714273 -0.246325 -0.213337 1.044039 
pineapple 0.181357 0.388401 -1.123925 0.617315 0.856802 
shrimp -0.381613 -0.206659 0.794736 1.287972 0.629041 
coriander -0.040250 0.711870 -0.382286 1.605572 -0.177778 
bay 0.675174 0.321158 0.669632 1.124766 -0.051671 
lime_juice -0.331619 0.409071 -0.486918 1.532950 0.081535 
red_wine 0.764651 0.096991 0.363187 0.942548 -0.018503 
gelatin 0.443492 0.075702 -1.201231 0.282070 1.555470 
pork_sausage 1.151182 0.613297 1.077204 0.473885 0.237202 
sesame_oil -1.227442 -0.001704 0.723585 1.371623 1.452523 
chive 0.459100 -0.221086 0.209121 0.318701 0.740589 
seed 0.514216 0.970990 -0.399136 0.614789 0.185286 
mozzarella_cheese 1.175823 0.140357 1.573110 0.156312 0.791610 
ham 0.828751 0.433219 0.732673 0.345195 0.421004 
oat 0.347015 1.152502 -0.940733 -0.227365 1.801511 
turmeric -0.173215 0.857873 -0.347395 1.611211 -0.091127 
nut 0.068435 -0.191489 -0.084717 0.525099 0.837656 
shallot 0.614310 -0.510049 0.176358 1.205194 0.083249 
lettuce 0.119303 0.269833 0.294575 0.933778 0.206614 
cider 0.385663 1.055570 -0.238355 0.624491 0.114710 
dill 0.522453 0.170145 0.432130 0.643322 0.295887 
pea 0.108825 0.184750 0.704676 0.984083 0.290212 
zucchini 0.822799 0.186178 0.593193 0.660090 0.142074 
cherry 0.805564 0.027787 -1.238720 0.167529 1.485476 
lime -0.229800 0.089037 -0.766040 1.346836 0.253997 
yogurt 0.363645 0.323508 -0.896165 0.932516 0.180179 
strawberry 0.770591 -0.089281 -1.459138 0.490896 1.337180 
soybean -0.972392 0.022427 0.565088 1.151181 1.232963 
celery_oil -0.068613 1.720662 0.588409 0.488757 0.415769 
peanut_butter -0.624488 0.909254 -0.473412 0.008293 1.915008 
banana 0.380198 0.440498 -1.301641 0.284894 1.320951 
meat 0.724533 0.382980 0.595504 0.629033 0.189876 
tabasco_pepper 0.089573 1.168291 0.619547 0.654512 0.294139 
milk_fat 0.950023 -0.280382 -0.300461 0.099498 0.933937 
cabbage -0.124147 0.602723 0.483375 0.991131 0.301318 
mint 0.241716 -0.299148 -0.533002 1.271683 0.106422 
fennel 1.291514 -0.074039 0.774527 0.937751 -0.008537 
sage 1.364324 0.202702 0.600274 0.459585 0.181874 
broccoli 0.237672 0.316689 1.032821 0.378276 0.734497 
turkey 0.840327 0.606116 0.412583 0.584048 0.066468 
fenugreek -0.185702 0.767711 -0.392714 1.620883 -0.092029 
cranberry 1.074886 0.356233 -1.066331 0.482591 0.534300 
wine 0.228481 -0.361947 0.066356 0.913292 0.355726 
beef_broth 0.168958 0.261728 0.955045 0.902381 0.381944 
grape_juice 0.871455 -0.228535 0.053466 1.007343 -0.019550 
pumpkin -0.300396 -0.226978 -0.163421 0.285146 1.387116 
raspberry 1.070354 -0.084625 -1.238256 0.292340 1.228525 
whole_grain_wheat_flour 0.505204 0.878246 -0.458859 -0.011488 0.958993 
lemon_peel 0.943886 -0.653705 -0.470974 0.495664 0.693887 
coffee 0.457537 0.582042 -0.653007 -0.286046 1.689516 
sesame_seed -0.648716 0.126756 0.126803 0.808447 0.977530 
avocado -0.139060 0.675563 0.041283 1.225438 0.048469 
sherry 0.407856 -0.272515 0.095698 0.935425 0.290921 
sake -1.096138 -0.097233 0.730128 1.243984 1.471193 
feta_cheese 0.859618 -0.197866 0.492090 0.940876 -0.007099 
apricot 0.786208 0.210270 -0.978483 0.528198 0.610360 
roasted_sesame_seed -1.202984 0.063721 0.946201 1.487053 1.421964 
rum 0.369306 0.273390 -1.516558 0.443138 1.484849 
orange_peel 0.974293 -0.344451 -1.063968 0.567043 0.804289 
squash 0.823666 0.288342 0.294184 0.742079 0.036980 
crab -0.030718 0.151381 0.680354 0.686659 0.646864 
marjoram 1.415655 0.298632 0.668652 0.674378 0.000093 
swiss_cheese 0.921665 0.855227 0.849280 -0.075516 0.736046 
sweet_potato 0.221857 0.228547 -0.617483 0.703920 0.403928 
shiitake -0.479958 -0.687221 1.122158 1.154929 1.271033 
radish -0.840453 -0.276029 0.687992 1.516059 1.063959 
peach 0.474072 0.424682 -1.378500 0.603855 0.850523 
tarragon 0.689594 -0.352066 0.393512 0.973344 0.210580 
black_bean -0.212889 1.128722 0.638236 1.203659 0.036757 
lamb 0.960200 0.035213 -0.181455 1.333946 -0.389761 
maple_syrup 0.391251 0.734229 -0.676241 0.273687 0.756898 
pear -0.187660 -0.667932 -0.670872 0.919537 0.994781 
fruit 0.607145 -0.009529 -1.292429 0.413523 1.255626 
blueberry 1.050404 0.076785 -1.423548 0.202906 1.565350 
clam -0.095355 -0.733253 1.193307 1.451743 0.772228 
smoke 0.845505 0.698167 0.515408 0.798311 -0.023591 
tuna -0.146109 0.064623 0.782121 0.802406 0.621890 
kidney_bean 0.304815 1.476907 1.076633 1.014208 -0.019291 
peanut -0.921457 0.754994 -0.335089 0.579709 1.235159 
asparagus 0.596061 -0.413227 0.746948 0.670702 0.490796 
salmon 0.101015 -0.307360 0.168529 1.036308 0.346537 
leek 0.920967 -0.484880 0.643799 1.026846 0.233988 
chickpea 0.253220 0.497415 0.338261 1.299462 -0.163924 
blue_cheese 1.014288 0.233001 0.147113 0.430370 0.264674 
brandy 1.122957 -0.463879 -0.939505 0.497005 0.808060 
artichoke 1.034586 -0.329315 0.942361 0.693342 0.323963 
horseradish 0.419422 0.761627 0.234262 0.584062 0.241025 
mango -0.153488 0.416749 -0.987999 1.328215 0.205931 
date 0.632319 0.288243 -1.318141 0.286220 1.386797 
cardamom 0.311704 0.221197 -1.073804 0.972204 0.367012 
white_bread 1.145974 0.226433 0.426388 0.246178 0.388035 
oyster -0.480273 -0.390912 0.906578 1.115864 0.942622 
cottage_cheese 1.035725 0.412143 0.838378 -0.239642 0.899071 
grape 0.629857 0.261377 -1.267015 0.940796 0.297339 
brown_rice 0.281715 0.462630 0.370853 0.632258 0.308786 
cauliflower 0.193273 0.368893 0.674217 0.709099 0.399927 
cured_pork 1.591755 0.037017 1.366888 0.506271 0.403467 
egg_noodle 0.529198 0.719786 1.110357 0.098726 0.782067 
beer 0.282784 0.970305 0.288799 0.719063 0.139641 
hazelnut 0.967925 -0.477204 -0.600764 0.140571 1.196993 
mandarin 0.146925 0.238726 -1.102952 0.758566 0.774446 
romano_cheese 1.180771 -0.376047 1.142792 0.549813 0.480514 
plum 0.707516 -0.024376 -0.945081 0.775553 0.358569 
pimento 0.514568 0.644120 0.842233 0.604534 0.284883 
smoked_sausage 0.880071 1.158905 0.904867 0.813197 -0.033677 
scallop 0.342016 -0.763512 0.636461 1.333725 0.334486 
goat_cheese 1.275311 -0.273177 0.253539 0.670394 0.158391 
lentil 0.344216 0.603527 0.476006 1.332911 -0.207179 
currant 1.180194 0.076805 -1.134791 0.479440 0.614940 
saffron 0.648369 -0.561449 0.079486 1.535906 -0.106172 
barley -0.145051 0.134550 0.539671 0.739395 0.669602 
caraway 1.385560 1.661141 -0.208256 0.571502 -0.178446 
beet 0.771879 0.274426 -0.101003 1.076590 -0.116620 
squid -0.572652 -0.694299 1.092015 1.556240 1.142095 
corn_flake 0.322004 0.756330 0.075451 -0.175195 1.079738 
anise 0.514525 -0.522455 -0.442528 0.553611 0.776047 
roasted_beef 0.451511 0.794673 0.645370 0.641281 0.194200 
pistachio 0.864331 -0.278674 -0.932292 0.398435 0.928014 
peanut_oil -0.787044 0.305738 0.176238 1.342938 0.636452 
cereal -0.028294 0.983450 -0.520161 -0.131972 1.655748 
cashew -0.157075 0.418162 -0.380487 0.833908 0.503582 
veal 1.273589 -0.481806 0.711430 0.747887 0.228037 
seaweed -1.256150 -0.318613 0.642665 1.427641 1.666046 
turnip 1.031800 0.074442 0.334632 1.234394 -0.114013 
sauerkraut 1.436650 1.814200 0.418511 0.213034 0.135461 
berry 1.399173 0.152698 -1.390111 0.286444 1.139415 
kelp -1.234326 -0.536154 1.172641 1.637270 2.040478 
tomato_juice 0.283601 1.044512 1.152476 0.845822 0.198705 
cod 0.054130 -0.231771 0.631481 1.274691 0.274278 
provolone_cheese 1.531461 0.274385 1.287705 0.291060 0.520228 
mussel 0.046632 -0.838359 1.030844 1.943483 0.367201 
blackberry 1.028972 0.043058 -1.417222 0.222802 1.603843 
roasted_peanut -0.864995 0.691801 -0.397212 0.881305 0.889479 
rhubarb 0.883919 0.052659 -1.241074 -0.007702 1.658322 
chinese_cabbage -1.282717 -0.358162 1.205613 1.630217 1.795030 
corn_grit 0.501642 0.768986 0.762112 0.732478 0.125425 
chicory 0.546078 -0.781866 0.258979 1.221902 0.275333 
bourbon_whiskey 0.376802 0.944062 -0.981183 0.251968 1.044042 
citrus 0.272329 -0.691269 -1.334532 0.855421 1.384660 
lima_bean 0.604762 1.302793 0.740391 0.930390 -0.091754 
lovage 0.124442 0.348047 0.354117 0.846891 0.298980 
melon 0.368337 0.120288 -1.603168 1.437396 0.350058 
parsnip 1.028200 -0.035573 0.420184 1.130916 -0.063333 
fig 1.676218 -0.423278 -0.965643 0.497590 0.597848 
lemongrass -0.831141 0.107539 -0.210197 1.999186 0.313558 
whiskey 0.437961 0.898607 -1.029910 0.383953 0.983264 
watercress 0.281875 -0.290759 -0.165946 1.262824 0.119367 
tequila -0.087608 0.255815 -1.077932 1.446686 0.145884 
rye_flour 1.277169 1.511794 -0.222586 -0.075820 0.630596 
peppermint 0.395504 0.089374 -0.572577 -0.187535 1.674594 
savory 1.130897 -0.132480 0.651948 0.970256 0.022203 
lobster 0.553347 -0.717660 0.484277 1.279881 0.286554 
roasted_pork 0.775388 0.776710 -0.081606 0.826349 -0.171630 
