224 5
</s> 0.080054 0.088388 -0.076605 -0.065561 0.027332 
egg 0.139873 0.240272 0.044463 1.507522 0.458718 
butter 0.365965 0.166410 -0.102237 1.432122 0.258891 
wheat 0.117233 0.125674 -0.081594 1.557396 0.366329 
onion 0.433575 0.948126 -0.631071 0.868336 -0.201310 
garlic 0.554884 1.148764 -0.674796 0.648785 0.055209 
milk 0.280321 0.102077 0.171503 1.667814 0.394018 
vegetable_oil 0.021549 0.761674 -0.459309 0.973732 0.341868 
cream 0.401442 0.289070 0.071503 1.333786 0.624051 
tomato 0.707663 1.096764 -0.534790 0.829224 -0.304534 
olive_oil 1.175757 0.693222 -0.664720 0.662021 0.161440 
black_pepper 0.567459 1.021520 -0.589755 0.733728 0.058145 
pepper 0.453121 0.754557 -0.932898 0.787216 -0.119705 
vanilla -0.396065 -0.220024 0.145044 2.241878 1.125094 
cayenne 0.087517 1.313060 -0.930492 0.566028 0.223870 
vinegar 0.068442 1.092703 -0.536127 0.890240 0.023426 
cane_molasses -0.454127 0.317259 -0.400377 1.581011 0.041016 
bell_pepper 0.591693 1.109482 -0.702425 0.675558 -0.042566 
cinnamon -0.065156 -0.278743 -0.580121 1.669394 0.374313 
parsley 1.084323 0.797597 -0.364476 0.775982 0.149610 
chicken 0.452738 0.725184 -0.812139 0.745152 0.118603 
lemon_juice 0.659520 0.369129 -0.550304 0.834028 0.659220 
beef 0.114713 1.322139 -0.479533 0.939918 -0.334137 
cocoa -0.587035 -0.061891 0.257750 2.300410 0.970865 
corn -0.103904 0.851868 -0.406545 1.212886 -0.263376 
bread 0.731675 0.668966 -0.139555 1.143701 -0.125370 
scallion 0.017689 1.453315 -0.673207 0.546155 0.648079 
mustard 0.145298 0.828580 -0.358894 1.090281 -0.029225 
ginger -0.374020 0.938962 -0.970330 0.713908 0.844511 
basil 1.408818 1.054877 -0.238491 0.828318 -0.189657 
celery 0.716509 0.750365 -0.819174 0.902578 -0.416286 
carrot 0.379375 0.976055 -0.973849 0.713845 -0.147503 
potato 0.616433 0.811159 -0.695009 0.941769 -0.397156 
chicken_broth 0.834316 0.624886 -0.971480 0.746007 -0.160818 
yeast 0.309809 0.104443 0.116349 1.758269 -0.033578 
rice -0.077030 1.220501 -0.880856 0.607467 0.481724 
mushroom 0.743713 1.195136 -0.202236 0.841914 -0.045350 
cheese 0.890036 0.868362 0.141960 1.102240 0.001117 
soy_sauce -0.552862 1.714860 -0.850752 0.631817 0.747141 
cumin 0.166905 0.636299 -1.653169 0.598197 0.042854 
oregano 1.086059 1.096883 -0.382873 0.867466 -0.388279 
parmesan_cheese 1.381107 0.977167 0.203742 1.060264 -0.085500 
macaroni 1.287952 1.180822 0.064849 0.896228 -0.085906 
thyme 1.257381 0.598388 -0.742408 0.912707 -0.413557 
cheddar_cheese 0.385522 0.974775 0.029356 1.332949 -0.488946 
lard -0.104599 0.031017 -0.016839 1.802839 0.336720 
lemon 0.769642 0.162730 -0.536247 0.867800 0.911853 
cream_cheese 0.325591 0.250786 0.351575 1.510873 0.865908 
walnut -0.009742 -0.424505 -0.410167 1.846637 0.632237 
green_bell_pepper 0.497260 1.254049 -0.537044 0.895645 -0.472389 
starch -0.102465 0.667510 -0.340261 1.042721 0.644499 
nutmeg 0.108897 -0.208809 -0.307245 1.708282 0.320896 
honey -0.126598 0.172606 -0.776471 1.151476 0.615322 
apple -0.064073 -0.290730 -0.937590 1.478830 0.248569 
almond 0.243240 -0.267226 -0.507339 1.434524 0.772945 
cilantro 0.210330 0.874440 -1.453806 0.428641 0.484603 
pecan -0.177459 -0.243578 -0.080785 1.970834 0.766545 
white_wine 1.212611 0.871472 -0.512556 0.569495 0.398524 
bacon 0.541754 0.878337 -0.281128 1.170788 -0.476525 
pork -0.036480 1.081983 -0.762339 0.895213 -0.199340 
raisin -0.114306 -0.365318 -0.873288 1.612151 0.336635 
bean 0.285141 1.226846 -0.848704 0.805138 -0.433692 
rosemary 1.532259 0.552981 -0.527817 1.046410 -0.530492 
fish 0.442160 1.496407 -0.653201 0.343745 1.002272 
cucumber 0.227968 0.988263 -0.168071 0.800362 0.870004 
olive 1.171304 0.991124 -0.346149 0.779603 -0.076369 
coconut -0.580620 0.080542 -1.037585 1.233381 1.029427 
orange 0.512881 -0.325448 -0.831640 1.150754 1.116209 
tamarind -0.239652 1.171102 -0.358281 1.256220 -0.511244 
vegetable -0.006227 1.363402 -0.714884 0.606128 0.447898 
orange_juice 0.327466 -0.324039 -0.906453 1.187698 1.102324 
buttermilk 0.212864 0.054263 0.042997 1.682646 0.252894 
pineapple -0.109276 -0.047897 -0.677500 1.264206 1.275340 
shrimp 0.460072 1.684936 -0.548863 0.383012 0.786263 
coriander 0.119535 0.421701 -1.971700 0.555832 0.310755 
bay 0.701608 0.966305 -0.947068 0.771188 -0.402716 
lime_juice 0.212551 0.634231 -1.276643 0.456375 1.066423 
red_wine 0.890183 0.590064 -0.726190 0.829019 -0.053936 
gelatin 0.030843 -0.262383 -0.167583 1.722616 1.527477 
pork_sausage 1.065038 1.024854 -0.215951 1.184022 -0.771839 
sesame_oil -0.554484 1.998801 -0.862594 0.556667 0.984748 
chive 0.649517 0.705355 0.153018 1.038028 0.670050 
seed 0.087232 0.071340 -1.047794 1.300594 -0.294567 
mozzarella_cheese 1.453128 1.159926 0.442068 1.258586 -0.441579 
ham 0.711852 0.769604 -0.036444 1.268963 -0.339227 
oat -0.857261 -0.290994 -0.414497 2.303713 0.430716 
turmeric 0.024939 0.488505 -2.098986 0.552743 0.281370 
nut 0.282277 0.475581 -0.475063 0.950049 0.606109 
shallot 1.096323 0.727270 -0.738031 0.496607 0.613874 
lettuce 0.624802 0.887155 -0.426344 0.646743 0.637018 
cider -0.131216 0.528260 -0.823468 1.170030 -0.234756 
dill 0.725321 0.676648 -0.456158 0.871083 0.122097 
pea 0.551532 1.010792 -0.956660 0.574280 0.088631 
zucchini 0.862764 0.533443 -0.688997 0.888043 -0.134125 
cherry -0.008888 -0.441299 -0.314765 1.841691 1.289430 
lime 0.288952 0.438285 -1.165447 0.504960 1.361109 
yogurt 0.443756 -0.143774 -1.304149 0.855978 0.769710 
strawberry 0.475026 -0.399188 -0.205982 1.617701 1.938248 
soybean -0.489387 1.742921 -0.818944 0.578395 0.971739 
celery_oil -0.491877 1.417074 -0.390612 1.312081 -0.677054 
peanut_butter -1.384720 0.623500 -0.409565 1.724126 0.828148 
banana -0.317925 -0.274720 -0.585118 1.637254 1.335361 
meat 0.554866 0.743781 -0.628693 1.007985 -0.379132 
tabasco_pepper 0.072940 1.277074 -0.326655 1.033856 -0.291773 
milk_fat 0.691056 -0.128764 -0.006586 1.507911 0.516837 
cabbage -0.051970 1.051352 -0.978077 0.875159 -0.280667 
mint 0.856913 0.162477 -1.117043 0.545860 1.041068 
fennel 1.595210 0.739754 -0.475009 0.847239 -0.217320 
sage 1.257723 0.144254 -0.781789 1.250549 -0.734549 
broccoli 0.632364 0.930854 -0.338002 0.895951 -0.029602 
turkey 0.803049 0.485854 -0.509975 1.152313 -0.444365 
fenugreek -0.050399 0.484119 -2.097668 0.558841 0.330075 
cranberry 0.433164 -0.598622 -0.760262 1.579234 0.587636 
wine 0.441582 0.778598 -0.585271 0.660286 0.708383 
beef_broth 0.330401 1.309025 -0.732383 0.778425 -0.331706 
grape_juice 1.203743 0.402711 -0.660319 0.738283 0.301243 
pumpkin -0.426617 0.642814 -0.191506 1.281445 0.726317 
raspberry 0.726529 -0.485636 -0.035485 1.715280 1.543016 
whole_grain_wheat_flour -0.156769 -0.059007 -0.413974 1.729882 0.004589 
lemon_peel 1.021792 -0.169638 -0.251543 1.218696 0.795403 
coffee -0.386265 0.112785 0.425590 2.157549 0.849281 
sesame_seed -0.421341 1.155437 -0.679227 0.755141 0.840870 
avocado 0.460848 0.894107 -0.862183 0.494789 0.657125 
sherry 0.715035 0.610807 -0.647496 0.729468 0.402480 
sake -0.468926 2.100883 -0.535535 0.614098 1.063020 
feta_cheese 1.367201 0.739479 -0.422404 0.660821 0.306607 
apricot 0.331406 -0.584775 -0.871112 1.506805 0.648216 
roasted_sesame_seed -0.548446 2.092520 -0.930882 0.528912 1.005281 
rum -0.240605 -0.304841 -0.526130 1.672385 1.506871 
orange_peel 0.719734 -0.537447 -0.656720 1.401994 0.860229 
squash 0.816267 0.307553 -1.050725 0.894575 -0.228347 
crab 0.401730 1.461104 0.241228 0.865068 0.577381 
marjoram 1.269983 0.226351 -0.784386 1.257587 -0.822876 
swiss_cheese 0.612422 0.828060 0.352371 1.570351 -0.485659 
sweet_potato 0.000425 0.064585 -1.104658 1.097449 0.213903 
shiitake 0.124842 1.979399 -0.360039 0.522940 0.780441 
radish -0.004813 1.807068 -0.570822 0.463372 1.133426 
peach 0.091994 -0.292667 -0.718485 1.374716 1.155490 
tarragon 1.188476 0.722897 -0.335090 0.671919 0.581810 
black_bean 0.173245 1.269585 -1.240868 0.578330 -0.222162 
lamb 1.064805 0.129026 -1.435834 0.676544 0.050621 
maple_syrup -0.294273 -0.016399 -0.605719 1.584650 0.195585 
pear 0.147047 0.389437 -0.519711 0.910555 1.239139 
fruit 0.108104 -0.553746 -0.701895 1.639951 1.292987 
blueberry 0.543314 -0.570847 -0.196117 1.754156 1.691041 
clam 1.030910 1.986624 -0.323586 0.266025 0.848134 
smoke 0.581747 0.864823 -0.578505 1.060853 -0.548466 
tuna 0.506172 1.303908 -0.239346 0.644234 0.505105 
kidney_bean 0.311111 1.445900 -1.117561 0.874341 -0.981398 
peanut -1.037050 0.812447 -0.743257 1.199618 0.810769 
asparagus 1.061172 0.783589 -0.293229 0.709918 0.452641 
salmon 0.527648 0.867945 -0.582142 0.590176 0.717179 
leek 1.287352 0.623823 -0.988328 0.624741 -0.025726 
chickpea 0.690403 0.757386 -1.497719 0.477756 -0.084779 
blue_cheese 0.838745 0.516226 -0.010115 1.155066 0.204097 
brandy 0.687137 -0.452255 -0.378443 1.499100 0.889245 
artichoke 1.521148 0.983297 0.033816 0.851072 0.142938 
horseradish 0.110869 0.991610 -0.111263 1.234286 -0.176709 
mango 0.085336 0.229518 -1.340889 0.658212 1.210087 
date -0.174436 -0.783277 -0.915587 1.997692 0.714881 
cardamom 0.160860 -0.387571 -1.388971 1.194392 0.433129 
white_bread 0.976467 0.333229 -0.143701 1.320564 -0.266120 
oyster 0.168664 1.781249 -0.503809 0.499306 0.633023 
cottage_cheese 0.913317 0.713504 0.595024 1.441675 0.021218 
grape 0.565642 -0.313789 -1.059307 0.993087 1.154092 
brown_rice 0.347884 0.614772 -1.092807 0.806467 -0.133109 
cauliflower 0.591650 0.731402 -0.837477 0.781136 -0.072914 
cured_pork 1.728330 0.897260 0.045667 1.101091 -0.364652 
egg_noodle 0.356769 1.092595 -0.149149 1.175026 -0.425721 
beer 0.018542 0.830318 -0.774956 1.182172 -0.628143 
hazelnut 0.663827 -0.278372 -0.105508 1.567368 0.688270 
mandarin 0.124017 -0.099620 -0.691004 1.160271 1.499292 
romano_cheese 1.541535 1.010999 0.043840 0.910167 -0.026521 
plum 0.413629 -0.399235 -1.102037 1.235007 0.445261 
pimento 0.758297 0.909153 -0.366107 0.882423 -0.083767 
smoked_sausage 0.337871 1.178058 -0.790314 1.262445 -1.233941 
scallop 1.388030 1.222951 -0.455392 0.327150 0.864277 
goat_cheese 1.461110 0.200972 -0.309434 0.975250 0.350993 
lentil 0.527471 0.691735 -1.707903 0.604393 -0.356829 
currant 0.511448 -0.691120 -0.878117 1.576028 0.464415 
saffron 1.270619 0.461296 -1.286101 0.401314 0.478882 
barley -0.166035 0.864193 -1.086508 0.862084 -0.077597 
caraway 0.084532 -0.088435 -1.332868 1.777221 -1.257114 
beet 0.755821 0.312469 -0.941409 0.849518 0.095200 
squid 0.521105 2.267064 -0.460561 0.260674 1.173146 
corn_flake -0.248382 0.288296 -0.183694 1.631578 0.043006 
anise 0.427963 0.168896 -0.308030 1.174948 0.684645 
roasted_beef 0.310864 0.981300 -0.395655 1.217439 -0.638516 
pistachio 0.544506 -0.558676 -0.565030 1.537352 0.864785 
peanut_oil -0.338665 1.265294 -1.148297 0.562366 0.623214 
cereal -1.115693 0.120325 -0.603594 2.012160 0.240137 
cashew -0.091447 0.293661 -1.241773 0.860956 0.537107 
veal 1.447786 0.559105 -0.459654 0.896268 -0.143109 
seaweed -0.343824 2.119823 -0.487576 0.524036 1.418833 
turnip 0.965379 0.245852 -1.582483 0.949286 -0.699562 
sauerkraut 0.067283 0.677322 -0.543704 1.950484 -1.597898 
berry 0.773480 -0.901907 -0.388328 1.926406 1.093338 
kelp -0.340350 2.610473 -0.228957 0.625249 1.405532 
tomato_juice 0.249487 1.418269 -0.527244 1.033056 -0.733296 
cod 0.805726 1.197086 -0.719961 0.415467 0.483103 
provolone_cheese 1.623988 1.095922 0.579337 1.353125 -0.354819 
mussel 1.491670 1.777557 -0.907580 -0.040590 0.981528 
blackberry 0.799844 -0.694740 0.056468 1.999450 1.489303 
roasted_peanut -0.860983 0.774653 -1.143785 0.939357 0.809079 
rhubarb 0.285446 -0.520976 0.019352 2.039772 1.094072 
chinese_cabbage -0.236228 2.475404 -0.493169 0.456528 1.298546 
corn_grit 0.438772 1.155093 -0.557429 0.941926 -0.468621 
chicory 1.254331 0.746985 -0.377665 0.541043 0.923963 
bourbon_whiskey -0.809821 -0.058410 -0.448913 2.126594 0.179195 
citrus 0.282791 -0.230902 -0.595874 1.243877 1.791370 
lima_bean 0.329943 1.158095 -1.090850 1.065479 -1.080237 
lovage 0.265707 1.351021 -0.024507 0.971007 0.054719 
melon 0.385976 -0.181035 -1.271067 0.832332 1.785444 
parsnip 0.972988 0.152335 -1.622203 0.970323 -0.701808 
fig 1.168641 -0.736296 -0.583826 1.538341 0.503170 
lemongrass 0.027976 1.009770 -1.699063 0.238311 1.132571 
whiskey -0.648830 -0.124524 -0.400593 2.085508 0.323539 
watercress 0.740161 0.656396 -0.677973 0.566707 0.870514 
tequila 0.304504 0.243540 -1.096156 0.617840 1.638386 
rye_flour -0.034139 -0.142131 -0.410236 2.261796 -0.994308 
peppermint -0.159855 0.348591 0.652716 1.875957 1.345793 
savory 1.448237 0.505168 -1.018566 0.843362 -0.483164 
lobster 1.349680 1.036420 -0.319649 0.454929 0.882634 
roasted_pork 0.147787 0.254344 -1.100883 1.314842 -0.719458 
