249 10
</s> 0.040027 0.044194 -0.038303 -0.032780 0.013666 0.030211 0.009409 0.002113 -0.036035 0.022185 
egg -0.738089 0.246246 -0.483873 0.198583 -0.458484 0.831309 0.030613 -0.196671 0.573077 -0.105616 
butter -0.894884 0.009291 -0.550296 0.408189 -0.623965 0.411988 0.042381 0.219902 0.370180 -0.701517 
wheat -0.812049 -0.129071 -0.455850 0.163199 -0.388082 0.554088 0.357418 -0.071447 0.350869 -0.603374 
onion -0.485617 0.052011 0.127939 0.060149 1.124446 -0.676747 -0.823994 0.703537 -0.264492 0.262177 
garlic -0.130641 -0.077702 0.301855 -0.336498 1.475610 -0.282926 -1.069776 0.259903 -0.817137 0.068302 
milk -1.110081 -0.060300 -0.427147 0.497662 -0.781350 0.855991 0.345360 -0.229417 0.157392 -0.550332 
vegetable_oil -0.116134 0.368856 -0.528812 -0.159212 0.675388 0.306266 -0.123661 0.598870 0.441726 0.679073 
cream -0.508031 0.191018 -0.310003 0.685806 -0.686108 0.962884 -0.268995 0.099971 0.279297 0.038669 
tomato -0.751965 -0.427275 0.743043 0.217673 1.352496 -0.681607 -1.446474 -0.097139 -0.673639 0.611255 
olive_oil 0.045959 -0.033747 1.380256 0.162239 0.527301 0.113824 -1.933544 0.620702 -0.376938 -0.760808 
black_pepper -0.006555 0.461025 -0.112453 -0.249814 1.058687 -0.306487 -1.055933 0.432435 -0.374619 -0.673253 
pepper -0.638624 0.075457 0.181863 0.337127 0.744948 -0.601824 -0.895335 1.086671 -0.279104 0.485631 
vanilla -0.937956 -1.140369 -1.042154 1.027341 -0.886790 1.729035 1.616915 -0.319808 0.463001 -0.816657 
cayenne -0.013452 -0.387921 -0.360793 -0.457352 1.935963 -0.040821 -0.517743 0.447574 -1.259498 1.105203 
vinegar 0.304819 0.305608 -0.375597 -0.129468 1.699752 -0.243057 -0.832540 0.070174 1.229900 1.026666 
cane_molasses -0.718886 -0.701902 -1.696011 -0.317440 0.487675 -0.143414 0.364646 -0.079442 1.364215 0.351765 
bell_pepper -0.305634 -0.164341 0.334620 -0.098960 1.115908 -0.321594 -1.340402 0.561733 -0.836202 0.401411 
cinnamon -0.424067 -1.862424 -1.406799 -0.060241 -0.120177 0.258911 0.603243 0.650915 0.105672 -1.270518 
parsley -0.289822 0.989515 0.474566 0.421004 0.007050 0.222652 -1.508207 0.683411 -0.200953 -0.704659 
chicken -0.333605 -0.104267 0.275044 0.046681 0.772918 -0.308356 -0.625944 1.101767 -0.537172 0.203304 
lemon_juice 0.634655 -0.011441 0.476286 0.370807 0.100105 1.012697 -0.816575 0.648684 0.449748 0.058714 
beef -0.466648 0.410628 -0.195419 -0.272089 2.065107 -1.038341 -0.423781 -0.451793 0.076593 -0.158902 
cocoa -1.473235 -0.838799 -1.287529 1.144800 -0.996156 1.547925 1.587532 -0.299616 0.329021 0.022237 
corn -0.904204 -0.610065 -0.573965 -0.135050 1.126663 -0.472407 -0.342275 -0.458779 0.373566 1.325442 
bread -0.713705 0.403840 0.076109 0.501631 0.287196 -0.204793 -1.263426 -0.335486 0.306510 -0.091441 
scallion 0.311614 0.917194 0.215080 -1.129783 1.870165 0.903784 -0.066405 0.499789 -0.972683 0.594990 
mustard 0.144561 0.786603 -0.943619 0.614142 0.746845 0.032621 -0.857930 0.096449 1.599905 0.958697 
ginger 1.000504 -0.510667 -1.987431 -1.628337 1.476075 0.849665 -0.151717 1.287756 -0.692659 -0.075514 
basil -1.022595 -0.045682 1.752331 -0.167278 0.515501 -0.023945 -2.135541 -0.448257 -1.069192 -0.636055 
celery -0.705483 0.550188 -0.059859 0.175468 0.863554 -1.196115 -0.652563 1.172043 0.241160 -0.743178 
carrot -0.250929 0.885065 0.060770 -0.415279 1.267906 -0.779684 0.168649 1.841460 -0.456662 -1.031874 
potato -1.064623 0.990126 -0.220481 0.342313 0.557626 -1.114469 -0.593641 1.283926 -0.423820 -0.825245 
chicken_broth -0.243471 0.003002 -0.043849 0.180722 0.639275 -0.788301 -0.804174 1.730908 -0.994986 -1.288019 
yeast -1.275922 -0.135990 0.366522 0.629074 -0.450204 0.415839 0.454746 -0.499601 0.575471 -0.483198 
rice 0.059183 0.399591 -0.292707 -1.352005 1.513590 0.510522 0.426851 1.268535 -1.002630 0.053977 
mushroom -1.272027 0.969736 0.470286 -0.324464 0.670392 -0.538500 -1.082539 0.151380 -0.842844 -0.807820 
cheese -1.073860 0.036151 1.005823 0.506914 -0.123864 0.347890 -1.279473 -0.698983 -0.340426 0.037762 
soy_sauce 0.722653 0.543249 -1.081412 -2.541278 2.999732 0.872673 0.489524 0.410755 -0.410331 0.492058 
cumin -0.189965 -1.771558 -0.301946 -0.208962 1.213960 -0.657156 -1.058155 2.924452 -1.514591 1.675325 
oregano -0.800496 -0.722683 1.449815 0.090899 1.140399 -0.640978 -2.079175 -0.493801 -0.955707 -0.153469 
parmesan_cheese -1.305570 0.723027 2.002467 0.339065 0.020434 0.210194 -1.755871 -0.480216 -0.898915 -0.873469 
macaroni -1.334578 0.604321 1.862460 -0.178437 0.053540 0.271509 -2.043905 -0.157290 -0.879114 -0.530507 
thyme -0.524944 0.032827 0.834189 0.542340 0.648353 -1.248962 -1.630909 0.595737 -0.395781 -2.302539 
cheddar_cheese -2.165050 0.531809 0.589261 0.596353 0.475733 -0.716811 -0.320070 -0.331048 -0.352662 1.094008 
lard -0.888661 -0.702612 -0.510097 0.245311 -0.441063 0.638636 0.701433 -0.219589 0.559438 -0.575478 
lemon 0.852211 -0.149419 0.094076 0.805865 -0.000423 0.988533 -0.795202 0.488319 0.145687 -0.606918 
cream_cheese -0.796577 0.228696 -0.293539 0.856949 -0.665821 1.418865 0.140270 -0.553302 0.438951 0.498819 
walnut -0.503705 -1.503080 -0.455050 -0.092883 -0.461302 0.929626 0.719105 -0.014488 1.285941 -1.010069 
green_bell_pepper -1.110873 -0.125451 0.511476 0.445950 1.606564 -1.148916 -1.033756 0.007337 -0.773671 0.899672 
starch 0.209284 0.101206 -0.825274 -0.915694 0.796842 0.797290 0.614417 0.128354 0.187777 -0.386823 
nutmeg -0.753389 -1.314631 -0.894612 0.452250 -0.514409 -0.045406 0.391008 0.340353 -0.147523 -1.825381 
honey 0.557935 -1.115350 -0.070783 -0.738552 0.938747 0.404769 0.442705 0.599509 1.353103 -0.281578 
apple 0.244511 -1.278873 -0.462669 0.520128 0.339121 0.016499 0.670398 0.862913 1.674184 -0.765122 
almond 0.080727 -0.763991 -0.346785 0.412318 -0.629186 1.109948 0.228802 0.869887 0.843983 -0.588311 
cilantro 0.738342 -1.482211 -0.116924 -0.179101 1.806293 0.418203 -0.776431 1.567543 -1.686195 1.650984 
pecan -0.687511 -1.093091 -1.046704 0.106687 -0.464614 1.091199 1.057439 -0.295556 0.787392 -0.894218 
white_wine 0.539811 0.821014 0.089061 0.633859 0.282849 0.349362 -1.912502 0.668119 -0.717825 -1.133985 
bacon -0.830433 0.978886 0.147434 0.600950 0.880147 -0.638991 -0.493302 -0.309964 0.326039 -0.321958 
pork 0.023808 -0.333849 -0.947486 -0.352772 2.226477 -1.248450 -0.383150 -0.290045 0.308988 -0.479897 
raisin -0.451938 -1.733428 -0.406616 0.000118 -0.117759 0.100104 0.724329 1.421012 0.780392 -0.669003 
bean -0.752576 -0.254060 0.113079 -0.115688 1.668841 -1.038504 -0.684403 0.372413 -0.475205 0.372575 
rosemary -0.973727 -0.511603 1.286715 0.383547 0.424751 -1.393377 -2.369889 0.210081 -0.128837 -2.291661 
fish 1.064509 0.975429 -0.406272 -0.884915 1.731807 1.468306 -0.603455 0.583023 -1.794905 0.068054 
cucumber 0.605248 1.416216 0.091446 -0.290026 0.574659 1.695864 -0.390296 0.757570 0.967643 1.580462 
olive -0.279967 -0.025042 1.749645 0.521022 0.642448 0.144261 -1.872239 0.075713 0.078658 0.335525 
coconut -0.056467 -1.607661 -1.599963 -0.278281 -0.380086 1.423382 0.400618 1.775945 -0.489533 1.006573 
orange 1.430298 -1.422233 -0.563431 0.486431 0.304047 1.330418 -0.229919 0.173924 0.930263 -1.001644 
tamarind -0.739126 -0.076915 -1.485526 0.430864 1.826971 -1.253880 -0.852908 -1.059648 1.117374 1.450953 
vegetable -0.354612 0.980891 -0.100977 -1.769470 1.322685 0.296559 0.276350 1.022224 -0.670697 -0.781488 
orange_juice 1.422604 -1.891474 -0.875871 -0.200070 0.479000 1.094424 -0.417163 0.620749 1.040315 -0.568472 
buttermilk -0.993003 -0.237325 0.290567 0.716213 -0.549705 0.702810 0.498632 -0.091244 0.705245 -0.105659 
pineapple 1.061885 -1.351453 -0.815719 0.592601 0.703016 1.262926 0.760680 0.202391 0.794687 0.328856 
shrimp 0.885828 1.459473 -0.954101 0.139287 1.949090 1.233308 -0.517071 -0.073687 -2.827981 0.066266 
coriander 0.163594 -1.857473 -0.894190 -0.344568 0.800864 -0.304846 -0.620229 4.474025 -1.321095 1.413975 
bay 0.054618 0.566987 -1.633665 0.926046 1.199219 -1.583654 -1.835705 1.203557 -1.049932 -1.623790 
lime_juice 1.773936 -1.711859 -0.403796 0.272839 1.840023 1.493847 -1.099648 1.098289 -1.290308 2.327586 
red_wine 0.430855 -0.316499 0.154179 -0.257632 1.002688 -0.466837 -1.937034 0.390849 0.964665 -0.712924 
gelatin 0.244227 -1.016834 0.113005 0.895186 -0.185202 2.317503 1.445714 -0.125262 0.667752 -0.123599 
pork_sausage -1.085161 -0.046525 1.769372 2.303174 1.652808 -1.621760 -0.532701 -1.139245 -1.484293 -1.470809 
sesame_oil 1.034929 1.051257 -0.691567 -3.218826 3.978397 1.358754 0.921665 0.557320 -1.397541 0.299047 
chive 0.106104 1.766337 -0.508739 0.966799 -0.545179 1.277975 -0.546252 0.464861 0.876089 0.179183 
seed 0.503135 -0.562002 0.596005 0.964782 1.152046 -0.398482 0.837432 1.593987 1.674090 0.120392 
mozzarella_cheese -2.113869 -0.176502 2.326371 0.128220 0.221789 -0.093151 -2.219111 -2.099710 -0.734273 -0.632774 
ham -0.545060 0.769992 0.700453 1.260435 0.647290 -0.193667 -0.507398 -0.427793 0.141172 -0.114759 
oat -1.269907 -1.513542 -0.404310 -0.081510 -0.048152 0.400344 2.455552 0.571511 1.260258 -0.918979 
turmeric 0.494437 -1.432787 -0.181136 0.078864 0.870901 -0.007690 0.093053 5.142106 -2.248888 0.999080 
nut -0.138097 -0.093979 0.510394 -1.309806 0.343630 0.834920 0.249421 0.678313 0.579156 -0.632232 
shallot 1.315400 0.891180 -0.458524 0.252317 0.369504 0.733548 -1.908185 1.099231 -0.246230 -1.571586 
lettuce 0.769298 0.301419 0.846986 -0.760594 1.061953 1.181903 -1.466450 0.425431 1.405287 1.450576 
cider 0.580574 -0.235197 -0.710738 0.159233 1.596868 -0.683598 -0.291663 0.668127 2.281821 0.503971 
dill 0.008882 1.740588 0.763620 1.097572 0.235430 0.457220 -0.618648 1.018805 0.952917 0.423657 
pea -0.596231 1.025146 0.177498 -0.408300 0.834676 -0.223089 -0.458462 2.072886 -0.881865 0.195277 
zucchini -1.248831 -0.390543 1.271155 -0.282011 0.000900 -0.434803 -1.144697 1.208264 -0.529936 -0.622885 
cherry 0.288615 -1.783418 -1.013554 0.609388 -0.439174 1.613185 0.307281 -0.206149 0.853089 -0.657843 
lime 1.608656 -1.522569 -0.476564 0.467240 1.108706 1.813754 -0.775745 0.681401 -1.116707 1.733487 
yogurt 0.665707 -0.882112 0.932934 0.144292 -0.108472 1.044147 -0.160882 1.931890 0.892513 0.392552 
strawberry 1.417666 -1.145004 1.475629 1.191287 -0.011292 3.402750 1.348018 -0.763837 0.799703 -0.846144 
soybean 0.204497 0.956203 -0.257686 -3.107969 2.713294 0.913399 0.762513 0.638001 -0.742102 -0.372257 
celery_oil -0.405877 -0.341303 -1.482891 0.319637 3.161497 -1.664997 -0.313064 -1.566393 1.460954 1.862384 
peanut_butter -1.307967 -0.137714 -0.369497 -1.014119 0.192016 1.519222 2.354180 0.769401 0.094834 1.392872 
banana 0.335854 -1.494491 -0.011836 0.419644 -0.088966 1.992303 1.501404 0.382384 0.254977 -0.035787 
meat -0.374389 -0.330653 -0.373093 0.061216 1.398527 -1.302478 -0.795997 -0.224713 0.070222 -1.213834 
tabasco_pepper -0.296645 0.344709 -0.864019 1.127043 1.810780 -0.631268 -0.712596 -0.616339 0.075373 1.690829 
milk_fat -0.368699 0.097751 -0.720023 0.671484 -0.997182 1.146188 -0.354272 -0.376380 0.017675 -1.579575 
cabbage 0.172180 0.884444 -0.058719 -0.107222 2.224260 -0.890723 0.610887 1.209952 0.802438 0.150132 
mint 1.386976 -0.869802 0.612095 -0.038627 0.316112 1.595315 -1.150825 1.563271 -0.236836 0.386497 
fennel -0.739359 -0.281128 0.347823 0.219677 0.279438 -0.749597 -2.715813 0.029408 -0.837602 -2.004852 
sage -1.398232 -0.203777 0.181959 0.345552 0.167182 -1.852314 -1.339251 0.455349 0.075743 -2.870538 
broccoli -1.485282 0.929881 1.448582 -0.534908 0.268651 0.237092 -0.206438 1.042889 -0.506561 0.589803 
turkey -0.766430 -0.582078 0.877707 0.499524 1.010626 -1.179066 -0.532170 0.189185 0.197275 -0.642331 
fenugreek -0.303097 -1.731506 -1.475998 -1.768521 -0.083011 0.299541 -1.989134 4.782824 -0.794590 1.992196 
cranberry 0.881422 -1.756716 0.249312 0.725931 0.698096 0.503387 0.522413 -0.446275 1.910701 -1.451920 
wine 0.766071 0.506643 -0.520984 -0.663201 0.924675 0.882923 -1.132933 -0.037429 0.078348 -0.363096 
beef_broth -0.487393 0.567206 -0.723583 -0.614994 2.064177 -1.546534 -0.755615 0.099822 -0.161899 -1.177737 
grape_juice 0.507264 -0.371449 1.028796 -0.523051 0.480653 0.270175 -1.961554 0.462160 1.068316 -0.945229 
pumpkin -0.507075 -0.069024 -1.566388 -0.927026 0.396825 0.493598 1.478102 0.055549 -1.090327 -1.962041 
raspberry 0.884302 -0.890224 0.736365 0.878315 -0.508282 2.973414 0.713853 -1.004835 1.124884 -1.244999 
whole_grain_wheat_flour -1.011970 -0.985527 1.186290 -0.025311 0.212394 0.081918 1.441395 0.421368 1.216013 -0.447689 
lemon_peel 0.338886 -0.077982 0.064960 0.223267 -0.979795 1.456844 -0.651277 0.605608 0.195929 -1.482583 
coffee -0.859617 -0.915158 -1.798567 0.453648 -0.690210 1.308125 0.366716 -0.699375 0.572904 0.082762 
sesame_seed 0.452272 0.744879 0.213028 -1.802519 1.364209 1.273454 0.735491 1.201331 0.713760 0.577431 
avocado 0.950501 -0.860051 0.925810 0.208978 1.944671 1.002845 -1.220725 -0.087676 -0.023910 2.261309 
sherry 0.401119 0.451444 -0.888105 -0.358494 0.350217 0.353264 -1.423040 0.449379 0.204332 -0.836967 
sake 1.151876 1.442872 -1.192577 -2.772780 3.666735 1.341773 1.099821 -0.519900 -0.777195 -0.664895 
feta_cheese 0.154402 -0.349340 2.661864 -0.280360 0.274212 1.031462 -2.010948 0.456526 0.600487 0.291346 
apricot 0.388010 -1.728641 -1.023187 0.266906 -0.145995 0.246278 0.013532 1.023077 0.817282 -1.443242 
roasted_sesame_seed 0.299034 1.484909 0.277497 -4.232429 2.992455 1.660113 0.238701 0.527768 -0.925442 -0.319143 
rum 0.544000 -2.130361 -1.427365 0.819547 -0.369657 2.047840 0.236874 -0.700293 0.110902 -0.510408 
orange_peel 0.761401 -1.495013 -0.564043 0.296267 -0.166699 0.908607 -0.174170 0.135181 0.885210 -2.186520 
squash -0.816660 -0.817243 1.023428 0.234943 0.370801 -0.812368 -0.382467 1.471126 -1.285811 -1.251304 
crab 0.380019 1.904729 -1.371151 1.560100 1.018648 1.018328 -0.647703 -0.429955 -1.614195 1.249451 
marjoram -1.133295 -0.024891 1.084984 0.644879 0.767359 -2.167250 -0.914212 0.962455 0.316691 -2.590786 
swiss_cheese -1.800226 1.677279 0.469405 1.272570 0.033685 -0.368013 -0.450907 -0.445846 1.159366 0.354317 
sweet_potato -0.294846 -1.178218 -1.760270 -0.217986 0.404653 -0.625472 0.460318 1.514028 -0.426070 -1.053986 
shiitake 0.253152 2.230357 -0.137924 -2.610229 2.145501 1.127090 0.074639 -0.339547 -1.527016 -2.258050 
radish 1.555002 1.990357 0.628092 -1.960746 2.907199 1.916153 0.376707 0.381222 -0.234022 0.011428 
peach 1.220559 -1.713970 -0.458011 0.590957 0.189174 1.750998 0.383392 0.030329 0.199946 -0.691535 
tarragon 0.702981 1.668326 0.081569 0.603400 -0.133052 0.996286 -1.833763 0.824544 0.505052 -0.610130 
black_bean -0.689512 -1.860964 0.984923 -0.858074 2.494372 -0.716049 -0.689002 0.623758 -1.313951 1.979895 
lamb 0.926890 -1.300372 0.751735 0.123164 0.805113 -0.686012 -1.473445 2.142771 -0.276709 -1.793038 
maple_syrup -0.558166 -1.020457 -0.885185 -0.048533 0.472584 -0.249596 1.093483 0.157593 0.981663 -0.855296 
pear 1.243908 -0.600946 -0.477658 -1.255073 0.490050 1.440637 0.043016 0.384204 1.001241 -1.376901 
fruit 0.875531 -1.681415 -0.568154 0.777651 -0.055421 1.708426 0.936348 0.165826 0.590747 -0.973768 
blueberry 0.698794 -1.178511 1.367821 0.701445 -0.325417 3.344690 1.659194 -0.684577 0.961421 -1.261020 
clam 0.971086 2.413110 -0.818205 0.604337 2.228090 0.906668 -1.140926 -0.169962 -3.736659 -1.500341 
smoke 0.068625 0.349096 -0.156476 1.568595 1.504449 -1.007030 -0.847704 -0.176798 0.618998 -0.321601 
tuna 0.148919 1.301484 1.111332 -0.043738 0.957435 1.219998 -0.540295 0.253734 0.399744 1.322191 
kidney_bean -1.667639 -0.930616 0.988572 -0.524661 2.917931 -2.359802 -0.702774 0.245028 -0.398114 1.051061 
peanut -0.558375 -0.087054 -0.976407 -1.412532 0.920206 1.124015 1.629401 1.353832 -0.031052 1.788817 
asparagus -0.334798 1.418625 0.951070 -0.172979 -0.254109 1.002647 -1.358096 0.583060 -0.158682 -0.620841 
salmon 1.185609 0.984853 0.136781 0.531339 0.749820 1.212771 -0.791340 0.564942 0.181223 0.378556 
leek 0.055182 1.648857 -0.366769 0.613918 0.072274 -0.403522 -1.204482 2.196688 -0.753790 -2.430027 
chickpea 0.041096 -1.435070 1.545889 -0.492486 1.274854 -0.673966 -0.795149 2.627852 -1.182134 -0.151823 
blue_cheese 0.168569 0.582971 0.923749 0.555361 0.239645 0.495878 -1.411340 -0.485466 1.852919 0.015193 
brandy 0.645840 -0.517717 -2.265018 0.665154 -0.411895 1.217801 -1.508070 -1.740255 1.920910 -2.021914 
artichoke -0.659200 0.666560 1.301419 0.432326 -0.236546 0.552198 -2.550900 0.055002 -0.447274 -0.319828 
horseradish 0.638459 1.291029 -1.038688 1.484980 1.493457 -0.030805 -0.520032 -0.405559 1.877069 1.039711 
mango 1.807503 -1.668021 -0.256504 0.272033 1.006462 1.830978 -0.411126 1.553036 -0.748442 1.411404 
date -0.415724 -2.189517 -1.587282 -0.208409 -0.730937 0.619788 0.457781 0.977711 1.145387 -1.707419 
cardamom 0.852064 -1.972383 -1.223704 0.294340 0.212167 -0.022479 0.521729 2.723808 -0.065460 -1.355260 
white_bread -1.073132 0.279684 -0.024112 0.289894 -0.223181 -0.450799 -1.081859 -0.265513 0.862644 -1.243642 
oyster 0.061004 1.826089 -1.299392 -2.204510 1.824591 0.840823 -0.280185 0.073898 -1.782815 -1.543723 
cottage_cheese -2.060191 -0.099608 1.824248 0.650073 -0.634569 0.488703 -0.879591 -1.040823 0.426267 0.861990 
grape 1.811556 -1.203216 0.943111 0.381169 0.477224 1.702797 0.048283 1.739619 1.589495 0.121615 
brown_rice -0.700411 -0.330659 0.688048 -0.359937 0.674365 -0.624161 0.008678 1.741530 -0.229390 -0.397548 
cauliflower -1.115731 1.538060 1.244832 -0.497196 0.016038 -0.111598 -0.404205 2.351109 0.373999 0.139842 
cured_pork -1.075709 0.561825 2.453168 0.582742 0.924371 -0.587317 -2.267330 -1.665359 -0.258906 -2.142920 
egg_noodle -1.422905 0.691617 0.623413 0.727499 0.584700 -0.555331 -0.169819 -0.187301 -0.214334 0.319939 
beer -0.202860 -0.263136 -1.429716 1.141973 1.659161 -1.275033 -0.565433 -0.401974 0.113542 0.297958 
hazelnut -0.052718 -0.147084 -0.794590 0.158580 -1.092920 1.228060 -0.193076 0.053006 1.308679 -1.956910 
mandarin 1.176533 -1.198148 1.222748 -0.027864 0.872441 2.364737 0.890710 0.231670 1.262866 0.911804 
romano_cheese -0.707757 0.594991 1.653143 0.636077 -0.118749 0.467404 -2.071863 -0.591172 -0.766222 -1.237431 
plum 1.076467 -1.570159 -1.391824 -0.209118 0.359654 0.048593 -0.705199 1.104416 1.394500 -1.659439 
pimento -0.788043 0.511154 1.052172 1.134861 0.279840 -0.113682 -1.204166 0.812530 0.058913 1.243042 
smoked_sausage -0.619112 0.635073 -0.312306 2.147399 2.167699 -2.362683 -0.218653 0.697246 -0.249794 -0.573626 
scallop 0.961496 1.734468 -0.973910 0.965610 0.191661 1.494517 -2.017604 0.894097 -2.387986 -0.729468 
goat_cheese 0.105498 0.259127 1.879317 0.025952 -0.117752 0.614660 -1.625200 -0.072456 1.194478 -1.371049 
lentil -0.746232 -0.615835 0.857711 -0.461296 1.085100 -1.436443 -0.113780 3.307957 -1.013310 -0.790269 
currant 0.594860 -1.972058 -0.607333 1.072088 -0.005977 0.098068 -0.102515 0.198443 1.259899 -1.907556 
saffron 0.981458 -0.167982 0.011024 0.645480 0.087758 0.206300 -1.407929 2.974283 -2.508439 -2.434572 
barley -0.264605 0.732337 0.968697 -0.923579 1.513474 -0.519518 1.205240 1.997095 0.275369 -1.241929 
caraway 0.553629 0.521626 0.306789 3.080463 1.229858 -1.464471 0.773183 2.472225 2.458453 -0.280235 
beet 1.440762 0.721641 0.142794 0.099683 1.119323 -0.043316 -0.954614 1.414839 2.967443 -0.774403 
squid 0.780018 1.993309 -0.664767 -2.024251 2.510101 2.141635 -0.148808 -0.523467 -3.580589 -1.173895 
corn_flake -1.839617 0.225080 -0.630906 0.205635 -0.272082 0.062039 0.755710 0.336819 0.120498 0.301569 
anise 0.980969 -0.111265 -0.544161 1.306595 0.317867 0.767391 1.258096 0.561849 -1.012975 -2.341849 
roasted_beef -0.396735 0.440072 -0.379456 0.253130 1.630200 -1.199962 -0.831778 -0.605008 1.215380 -0.274701 
pistachio 0.343287 -0.889403 -0.779920 -0.077659 -1.094726 1.718681 -0.172042 1.170467 0.845684 -1.212402 
peanut_oil 0.658145 0.497003 -1.143110 -1.338549 1.968962 0.810674 0.593827 1.410715 -1.286787 0.774704 
cereal -2.119817 -0.802357 1.059417 -0.638560 0.505602 0.129766 3.212569 0.934042 1.031822 -0.278982 
cashew 0.237750 -0.279251 0.107388 -1.098678 0.516448 0.646174 0.471014 2.559018 0.699895 0.341972 
veal -0.251535 0.894200 -0.626119 0.302954 0.145087 -0.675250 -2.154517 -0.192019 0.021203 -3.168848 
seaweed 0.818340 2.598976 0.798695 -2.387731 2.966089 2.888794 1.172779 -0.534568 -0.651508 0.720971 
turnip -0.171143 1.387655 -1.135447 -0.518960 0.295064 -1.605125 -0.762168 3.633040 1.293961 -3.389462 
sauerkraut -0.238235 1.465437 -0.060743 3.130433 2.574348 -2.135106 1.083903 -1.217173 2.501549 -0.860313 
berry 0.601206 -1.352082 1.323333 1.317705 -0.703961 1.907979 0.778469 -0.140153 1.257055 -1.783297 
kelp 0.363892 2.343051 -0.862585 -4.803063 2.739723 3.385252 0.146823 -0.401103 -2.222890 -0.674989 
tomato_juice -0.669357 0.152013 -0.485053 0.105377 1.803117 -1.462601 -1.012357 0.064598 0.190629 0.545244 
cod 0.498621 1.150889 -0.493897 0.677910 0.752329 0.625408 -0.691632 1.267006 -2.170110 -0.408486 
provolone_cheese -1.729852 0.348892 1.545844 0.104829 0.324212 -0.140602 -2.901594 -2.302091 0.497338 -0.706503 
mussel 2.062015 1.908312 -1.161984 0.555585 1.998947 0.829650 -1.952618 1.550325 -4.303768 -2.409556 
blackberry 0.609192 -1.503885 1.033781 1.538092 -0.213895 2.780176 1.460844 -1.757856 0.674086 -1.818177 
roasted_peanut -0.056367 -0.651714 -1.265131 -1.918730 1.361146 1.293579 1.332065 2.124471 -0.607697 2.129974 
rhubarb -0.199788 -1.067841 -0.127875 0.436579 -0.467993 1.930121 1.197780 -1.119766 0.411993 -1.440042 
chinese_cabbage 1.891381 2.078395 -1.006600 -4.058819 4.665564 1.911592 0.335689 0.000388 -2.072836 -1.190828 
corn_grit -0.859882 -0.596053 -0.309525 1.095224 1.077300 -0.748589 -1.435756 -0.384879 -1.713855 0.602757 
chicory 2.134245 1.456392 1.847264 -0.072000 1.063052 1.433259 -1.362491 0.674134 1.771501 -1.641518 
bourbon_whiskey -0.630790 -2.313343 -4.348722 1.383806 0.666632 -0.289760 -0.127265 -1.451158 -0.435330 -0.450035 
citrus 1.659593 -1.046467 -1.876032 0.877528 -0.520839 2.207509 -0.346820 0.366360 1.151944 -1.659447 
lima_bean -0.993008 0.023852 -0.555373 1.187441 2.089852 -2.605721 -0.856942 1.301379 0.137825 0.324889 
lovage 0.846195 2.255751 -4.514265 4.411315 2.194092 -0.782943 0.436125 -0.749994 -3.311414 0.123381 
melon 2.557926 -2.285302 1.535075 0.901349 1.334032 2.720459 0.734585 1.060044 0.274630 0.325037 
parsnip 0.364411 1.144129 0.263923 1.514189 1.042036 -1.835973 0.836057 3.495756 0.003313 -3.339986 
fig 0.623160 -1.744645 -0.348660 0.091021 -0.736687 0.868270 -1.447106 -0.216547 1.498200 -2.830160 
lemongrass 1.745342 -0.667490 -1.497328 -1.633071 1.570194 2.062644 -1.128861 3.115141 -3.418065 1.374231 
whiskey -0.660757 -2.093454 -3.262408 -0.818316 -0.267393 0.489403 -2.845874 -1.522467 2.480323 0.589377 
watercress 1.832158 0.415275 -0.028268 -0.089850 1.247075 0.907969 -1.372141 0.948906 1.360947 0.077890 
tequila 1.855544 -2.168113 -1.117216 0.964373 1.789202 1.906492 -0.930848 -1.618546 -1.145292 1.480345 
rye_flour -0.562767 0.192448 1.587436 2.263782 1.302709 -0.867657 2.423998 -0.088558 2.973856 -0.706332 
peppermint -0.557895 0.693921 -0.901523 0.109053 -1.178160 2.742724 0.515232 -0.122503 0.471078 0.536810 
savory 0.160682 -0.117595 1.126583 0.881760 1.056456 -1.151100 -0.949896 0.969451 -0.839896 -2.522606 
lobster 1.368537 1.073420 -1.000282 2.156682 0.416384 1.209126 -1.641466 0.191409 -2.739469 -1.527200 
roasted_pork 0.549188 -1.146861 -0.661486 0.699156 2.332512 -1.866092 -0.142801 0.062519 0.869874 -1.153137 
mace 0.183776 -1.259302 -1.726271 -0.077190 0.146583 0.035411 0.345309 0.685340 0.033477 -2.311153 
endive 0.679949 0.742445 0.556728 -0.946888 0.075600 0.488177 -3.098547 0.727706 2.254007 -1.543943 
brassica 1.151169 1.011066 -0.267937 -0.494295 2.538243 -0.416236 -0.041355 0.792306 0.229034 -1.541150 
grapefruit 2.650692 -1.762748 0.325103 0.721568 1.512456 1.811948 -0.594504 -0.127907 1.242943 0.049574 
enokidake 0.229203 2.964384 -0.928682 -3.870671 4.274157 1.819154 0.855215 -2.514287 -1.573496 -1.924328 
porcini -0.778243 1.832556 0.325726 -0.080406 -0.042206 -0.707916 -1.705106 0.339872 -0.566128 -4.003583 
kiwi 1.766765 -1.515248 1.167901 0.060112 0.862964 3.407103 1.196363 -0.281215 0.917002 0.325035 
wasabi 1.543480 4.093856 0.238918 -0.492900 3.044478 2.672371 1.062635 -0.722477 0.605562 1.141489 
watermelon 3.263484 -1.497603 0.591281 1.668463 1.244415 3.192910 -0.489145 0.883987 -0.029383 0.447508 
lime_peel_oil 1.856822 -1.749320 0.231848 0.694477 0.804933 2.644544 -0.814689 0.760103 -1.177812 1.915938 
okra -0.225371 -0.474771 -1.392678 0.635769 1.917696 -1.327184 -1.143939 0.829058 -1.846322 0.359874 
macadamia_nut -0.095424 -0.688396 -0.614641 -0.187725 -0.152232 1.818712 1.198393 0.408279 0.171059 0.655720 
smoked_salmon 0.812290 2.661617 0.976285 1.863811 0.022365 1.846047 -0.529152 0.724729 1.105424 0.772750 
kale -0.114565 1.202722 0.223862 0.329495 1.360612 -1.370703 -1.209466 1.385954 -0.299275 -2.150627 
popcorn -1.739733 -0.768126 -0.238547 0.034998 0.198927 0.689870 1.697225 0.763404 -0.333974 1.678266 
rye_bread -0.837663 1.274048 1.002911 3.344230 1.054988 -1.246117 -0.354511 -0.732271 3.041840 0.604701 
star_anise 1.944759 -0.974867 -1.913732 -1.419323 1.375202 0.739578 -0.486780 1.259961 -0.053058 -1.517910 
brussels_sprout -0.607231 1.220463 0.915426 0.174335 -0.210433 -0.165580 -0.551211 1.569964 1.422135 -0.905443 
tea 1.039751 -1.510436 -0.843355 1.131258 -0.026248 1.211847 0.272069 0.773863 0.228073 -0.636857 
thai_pepper 0.466992 -1.358908 -2.075109 -1.960122 2.543379 1.309416 -0.137315 1.760445 -2.921343 2.365004 
champagne_wine 2.154535 0.689926 -0.245961 1.072278 0.492047 1.860596 -0.686844 0.231847 1.517811 -0.629417 
anise_seed 0.879848 -1.564297 -0.121736 0.823670 0.217761 0.559693 0.456716 1.680319 0.761693 -0.515586 
yam 0.059929 -0.712676 -1.710651 -1.028577 0.523391 -0.493277 0.555258 2.444024 0.283848 -1.876127 
bitter_orange 1.972014 -1.549940 -0.916867 3.359551 -2.070990 3.066434 -2.471604 0.490936 0.096362 -1.698487 
wheat_bread -0.936098 0.480541 1.174595 0.917031 0.878993 -0.051648 0.544913 -0.101748 0.862237 0.720603 
