224 5
</s> 0.080054 0.088388 -0.076605 -0.065561 0.027332 
egg 0.424913 -0.018481 -0.494898 0.204407 -0.326260 
butter 0.565591 0.116446 -0.353302 0.172720 -0.448296 
wheat 0.404085 0.022175 -0.602470 0.126075 -0.294133 
onion -0.000034 0.578846 0.537429 0.564654 -0.057159 
garlic 0.035438 0.494122 0.715634 0.598862 0.365879 
milk 0.728128 0.100947 -0.692314 -0.006566 -0.450165 
vegetable_oil -0.152749 0.152823 0.006901 0.590237 0.103848 
cream 0.635296 0.057464 -0.383106 0.021379 -0.357004 
tomato 0.191345 0.876960 0.637189 0.412106 0.005756 
olive_oil 0.780752 0.446412 0.820109 0.456519 0.001419 
black_pepper 0.146801 0.244956 0.721343 0.693292 0.038673 
pepper 0.180602 0.880363 0.418985 0.572178 0.012748 
vanilla 1.072594 -0.444672 -1.446465 0.069541 0.102302 
cayenne -0.110267 0.718517 0.458127 0.531043 0.769291 
vinegar -0.340530 0.077039 0.414982 1.028279 -0.086163 
cane_molasses -0.419868 0.183303 -0.737087 0.698845 -0.469795 
bell_pepper 0.212208 0.642470 0.714601 0.438975 0.291007 
cinnamon 0.415666 -0.053886 -1.126216 0.593286 -0.230708 
parsley 0.577027 0.019125 0.859315 0.491050 -0.340644 
chicken 0.164806 0.728153 0.369884 0.350811 0.266413 
lemon_juice 0.340266 -0.115360 0.021640 0.569899 -0.130595 
beef -0.213646 0.411311 0.670763 0.644361 0.133433 
cocoa 0.848363 -0.399544 -1.457527 -0.031804 0.132689 
corn -0.328357 0.755732 -0.056934 0.421497 -0.135718 
bread 0.341174 0.386959 0.429744 0.529825 -0.545645 
scallion 0.007686 0.193582 0.589888 0.614405 0.972716 
mustard -0.185594 0.104359 0.180246 1.025941 -0.556006 
ginger -0.480467 -0.113780 -0.369517 0.956885 0.926780 
basil 0.961713 0.440170 1.005928 0.032124 -0.008366 
celery 0.238929 0.673839 0.565300 0.776937 -0.316422 
carrot 0.021050 0.365849 0.568281 0.811800 0.308823 
potato 0.166392 0.769491 0.521362 0.476358 -0.099294 
chicken_broth 0.505617 0.656268 0.600086 0.463990 0.138992 
yeast 0.626932 0.218767 -0.427879 0.034805 -0.578232 
rice -0.130695 0.206203 0.380581 0.591668 0.992369 
mushroom 0.449416 0.498060 0.859463 0.143217 0.158086 
cheese 0.638921 0.546761 0.442045 -0.096281 -0.161318 
soy_sauce -0.530662 -0.157774 0.370473 1.169332 1.233224 
cumin 0.076570 1.347595 0.062422 0.390233 0.659393 
oregano 0.555956 0.733264 0.904253 0.238009 -0.105883 
parmesan_cheese 1.147278 0.441321 0.943478 -0.173344 -0.213491 
macaroni 0.950351 0.558670 1.108931 0.026568 0.080595 
thyme 0.655681 0.391025 0.847540 0.546315 -0.394876 
cheddar_cheese 0.261635 1.047869 0.306925 -0.004167 -0.405261 
lard 0.360640 -0.014888 -0.848620 0.146499 -0.222197 
lemon 0.583528 -0.506663 0.035615 0.553728 -0.091050 
cream_cheese 0.666656 -0.039688 -0.514389 -0.047789 -0.308336 
walnut 0.674115 -0.167831 -1.171733 0.272592 -0.194824 
green_bell_pepper 0.072544 0.959816 0.704598 0.433572 -0.035870 
starch -0.187131 -0.479231 -0.149247 0.528805 0.362170 
nutmeg 0.428535 -0.021680 -0.882700 0.351245 -0.339856 
honey -0.151803 -0.145436 -0.686959 0.921670 0.176751 
apple 0.258100 0.157029 -1.082326 0.831887 -0.557890 
almond 0.637764 -0.208709 -0.939458 0.245718 0.061678 
cilantro 0.166743 1.034835 0.189085 0.535365 1.027581 
pecan 0.586586 -0.129200 -1.227641 0.171663 -0.201466 
white_wine 0.639315 -0.060419 0.919613 0.582763 -0.011602 
bacon 0.191331 0.677485 0.513817 0.540155 -0.412455 
pork -0.567264 0.272010 0.360562 0.947459 0.073556 
raisin 0.464112 0.162876 -1.212830 0.456181 -0.130666 
bean -0.114831 0.702047 0.590701 0.643382 0.068571 
rosemary 0.884122 0.459266 0.879941 0.436413 -0.497804 
fish 0.211969 -0.201389 0.796347 0.553519 1.230976 
cucumber -0.242096 -0.508331 0.260738 0.769665 0.071000 
olive 0.630010 0.623434 0.890885 0.387869 -0.127292 
coconut 0.268019 0.169162 -1.373875 0.179353 0.836388 
orange 0.584306 -0.638507 -0.744627 0.755296 0.061133 
tamarind -0.660775 0.487268 0.272540 1.038273 -0.381765 
vegetable -0.071338 -0.083779 0.573335 0.506716 0.807826 
orange_juice 0.234803 -0.428448 -0.886703 0.818308 0.155072 
buttermilk 0.405429 0.153273 -0.630897 -0.055120 -0.453011 
pineapple 0.259690 -0.232404 -1.084214 0.601879 0.206933 
shrimp 0.175058 0.074678 0.856319 0.702109 0.966723 
coriander 0.121152 1.232334 -0.251631 0.534313 0.836564 
bay 0.214479 0.492071 0.744883 0.955372 -0.106635 
lime_juice 0.109633 0.575563 -0.172412 0.546697 1.221426 
red_wine 0.141292 0.082819 0.687137 0.878589 -0.346733 
gelatin 1.050437 -0.585363 -1.288915 0.392434 0.089946 
pork_sausage 0.618651 0.789948 0.793135 0.320384 -0.406969 
sesame_oil -0.299788 -0.455776 0.521443 1.065170 1.733079 
chive 0.419761 -0.619602 0.279543 0.425734 -0.469917 
seed 0.118241 0.513784 -0.354570 0.872471 -0.286230 
mozzarella_cheese 1.036272 0.457362 1.042239 -0.173314 -0.320620 
ham 0.521218 0.589640 0.433463 0.432716 -0.476568 
oat 0.313876 -0.134185 -1.533629 0.491444 -0.019541 
turmeric 0.150475 1.347700 -0.318258 0.577448 0.978670 
nut 0.256238 -0.199123 -0.174339 0.409306 0.318375 
shallot 0.722016 -0.133136 0.723633 0.810334 0.117003 
lettuce 0.044437 0.203889 0.431018 0.770603 0.140297 
cider -0.507803 0.314365 -0.300976 1.277558 -0.551266 
dill 0.302385 0.253552 0.541401 0.652311 -0.387003 
pea 0.223807 0.686502 0.618551 0.495817 0.482478 
zucchini 0.479083 0.676879 0.435450 -0.005984 -0.086361 
cherry 0.818052 -0.724952 -1.161899 0.411142 0.072342 
lime 0.273388 0.164124 -0.455149 0.477018 0.936259 
yogurt 0.475739 0.339649 -0.699699 0.387186 0.262395 
strawberry 1.163388 -0.729347 -1.244544 0.433424 0.125353 
soybean -0.199955 -0.215852 0.241667 0.734180 1.640696 
celery_oil -0.872074 0.621894 0.182828 1.072585 -0.271506 
peanut_butter -0.168627 -0.038875 -1.238209 0.061253 0.886893 
banana 0.733651 -0.346086 -1.298092 0.269839 0.227349 
meat 0.092240 0.560973 0.457406 0.692438 -0.238917 
tabasco_pepper -0.375960 0.571204 0.392272 0.843041 -0.296252 
milk_fat 1.026876 -0.209806 -0.359534 -0.001220 -0.392085 
cabbage -0.312405 0.546309 0.390452 0.996965 0.303464 
mint 0.627675 -0.064675 -0.167631 0.349537 0.542733 
fennel 1.092802 0.477670 1.000626 0.512147 -0.304914 
sage 0.628883 0.519849 0.464729 0.608189 -0.842811 
broccoli 0.444466 0.774070 0.546557 0.085018 0.251166 
turkey 0.327234 0.651587 0.416632 0.517371 -0.402939 
fenugreek 0.079284 1.397177 -0.451143 0.525220 0.969049 
cranberry 0.550868 -0.252646 -1.089696 0.895065 -0.449787 
wine 0.271849 -0.342675 0.487752 0.589339 0.337948 
beef_broth -0.222381 0.175626 0.836328 0.959260 0.379001 
grape_juice 0.653062 -0.150029 0.659414 0.688076 -0.277535 
pumpkin -0.012572 -0.396682 -0.623218 0.117743 0.764801 
raspberry 1.034777 -0.765117 -1.000375 0.410323 -0.158431 
whole_grain_wheat_flour 0.439502 0.342046 -0.868917 0.256905 -0.322577 
lemon_peel 1.086821 -0.630251 -0.310631 0.255196 -0.211145 
coffee 0.327098 -0.310488 -1.113341 0.065568 -0.122889 
sesame_seed -0.236464 -0.174044 -0.159086 0.590566 1.009082 
avocado 0.049279 0.579309 0.308377 0.631976 0.534856 
sherry 0.254060 -0.097661 0.378697 0.695885 0.140548 
sake -0.376498 -0.496203 0.504563 1.129909 1.503413 
feta_cheese 0.800410 0.018879 0.927013 0.288713 -0.155174 
apricot 0.584894 -0.127832 -1.106626 0.659327 -0.156215 
roasted_sesame_seed -0.190955 -0.419348 0.599086 0.971887 1.747290 
rum 0.778117 -0.450491 -1.423111 0.399949 0.241217 
orange_peel 0.830494 -0.705558 -0.852492 0.589798 -0.158753 
squash 0.574416 0.886260 0.297694 0.261732 -0.130812 
crab 0.030752 0.113536 0.524922 0.750158 0.133308 
marjoram 0.721671 0.652925 0.590619 0.591536 -0.799178 
swiss_cheese 0.595009 0.805663 0.241237 0.230760 -0.713708 
sweet_potato -0.016077 0.257481 -0.482718 0.495686 0.079039 
shiitake 0.174424 -0.541260 0.937084 0.732221 1.222113 
radish -0.061080 -0.407321 0.708621 1.085679 1.249555 
peach 0.526637 -0.190924 -1.200915 0.581147 0.118730 
tarragon 0.724659 -0.165346 0.780205 0.708237 -0.290076 
black_bean -0.086947 1.154442 0.413467 0.459129 0.574724 
lamb 0.441369 0.524873 0.438895 0.806456 -0.037343 
maple_syrup -0.130319 0.108269 -0.951206 0.638037 -0.240688 
pear 0.312781 -0.923987 -0.505429 0.783104 0.478105 
fruit 0.803811 -0.567168 -1.116637 0.521308 0.025936 
blueberry 1.174102 -0.608402 -1.338122 0.219204 0.129436 
clam 0.418437 -0.238243 1.191769 0.647459 0.955058 
smoke 0.206139 0.722113 0.537958 0.900195 -0.471980 
tuna 0.085465 0.041689 0.788495 0.469606 0.446955 
kidney_bean -0.068478 1.124966 0.702063 0.709287 -0.132329 
peanut -0.362357 -0.016683 -0.737788 0.356091 1.018990 
asparagus 0.801337 0.135634 0.778190 0.271983 0.033109 
salmon 0.143999 -0.225656 0.521044 0.803461 0.281720 
leek 0.867848 0.354362 0.836292 0.656800 -0.082568 
chickpea 0.168398 0.836023 0.516838 0.604133 0.504401 
blue_cheese 0.422423 -0.062780 0.337869 0.625778 -0.635606 
brandy 0.829339 -0.600342 -0.790824 0.600467 -0.295091 
artichoke 0.970268 0.249400 0.956442 0.189452 -0.219458 
horseradish -0.219379 0.161033 0.252164 1.065615 -0.405100 
mango 0.059143 0.326758 -0.677838 0.603235 1.022231 
date 0.560698 -0.478045 -1.453614 0.574457 0.244886 
cardamom 0.316666 0.346069 -1.006382 0.506050 0.395341 
white_bread 0.581170 0.394508 0.200219 0.418823 -0.818762 
oyster 0.067003 -0.208593 0.904557 0.818297 1.078402 
cottage_cheese 0.869409 0.405149 0.258994 -0.309726 -0.537775 
grape 0.773881 -0.066243 -0.887732 0.874853 -0.214009 
brown_rice 0.095248 0.802894 0.196816 0.470666 0.158059 
cauliflower 0.440047 0.986325 0.414895 0.339048 0.120499 
cured_pork 1.168715 0.435984 1.095336 0.181849 -0.340960 
egg_noodle 0.307480 0.743253 0.578260 0.190027 -0.114586 
beer -0.334671 0.740372 0.137604 0.797391 -0.207977 
hazelnut 0.879244 -0.624400 -0.616291 0.288337 -0.323305 
mandarin 0.562909 -0.390476 -1.125809 0.658166 0.222695 
romano_cheese 0.990292 0.247255 0.942048 0.010436 -0.295630 
plum 0.321140 -0.193400 -0.729087 0.744981 -0.073688 
pimento 0.381274 0.626207 0.594047 0.261843 -0.196060 
smoked_sausage 0.047236 0.958191 0.632473 0.934738 -0.318613 
scallop 0.891343 -0.095113 1.045636 0.528494 0.738226 
goat_cheese 1.084451 -0.021068 0.462178 0.333196 -0.465199 
lentil 0.316138 1.126816 0.553804 0.598317 0.362194 
currant 0.844876 -0.142683 -0.940173 0.609121 -0.297139 
saffron 0.924627 0.444177 0.480664 0.589415 0.516849 
barley -0.122809 0.178630 0.237515 0.829520 0.551682 
caraway 0.277831 1.182072 -0.415142 0.836110 -0.659466 
beet 0.136605 0.018921 0.302001 1.280604 -0.240278 
squid 0.292219 -0.390140 0.911382 0.618405 1.537360 
corn_flake 0.037252 0.404769 -0.489751 -0.007955 -0.238670 
anise 0.531602 -0.548335 -0.375252 0.574305 -0.110433 
roasted_beef -0.141178 0.571832 0.543142 0.866478 -0.059266 
pistachio 0.893476 -0.328106 -0.973000 0.338740 0.059721 
peanut_oil -0.281621 0.291217 0.185253 0.925050 1.189229 
cereal 0.295235 0.001074 -1.212433 0.267467 0.312220 
cashew 0.036282 0.374348 -0.660032 0.463955 0.715768 
veal 0.641585 0.049508 1.013605 0.587075 -0.383033 
seaweed 0.062470 -0.617275 0.477571 0.943787 1.591345 
turnip 0.449199 0.716027 0.559895 1.118637 -0.147766 
sauerkraut 0.148622 1.031708 0.020655 0.739141 -0.965401 
berry 1.035928 -0.578135 -1.151148 0.631963 -0.175970 
kelp 0.043066 -0.719608 0.547968 0.955217 1.925805 
tomato_juice -0.243652 0.599116 0.669199 0.731423 -0.240050 
cod 0.135855 0.207576 0.790915 0.513815 0.560486 
provolone_cheese 0.899217 0.282696 0.925905 0.243779 -0.438718 
mussel 0.740848 0.057923 1.223629 0.726122 1.207181 
blackberry 1.012624 -0.666934 -1.247499 0.524003 -0.058378 
roasted_peanut -0.359429 0.181681 -0.736460 0.316512 1.209163 
rhubarb 0.717736 -0.699929 -1.201598 0.192560 -0.045734 
chinese_cabbage 0.002097 -0.567630 0.614334 0.899383 1.977185 
corn_grit 0.328333 0.765241 0.723072 0.307061 -0.001694 
chicory 0.592726 -0.428916 0.767180 1.132722 0.088411 
bourbon_whiskey -0.073996 -0.244744 -1.081869 0.811576 -0.333665 
citrus 0.864491 -1.080618 -1.088506 0.727855 0.653185 
lima_bean -0.105089 0.938740 0.613893 1.066445 -0.291901 
lovage -0.394594 -0.037120 0.354994 1.133905 -0.190141 
melon 0.961043 -0.293064 -1.080241 0.976798 0.501874 
parsnip 0.524583 0.633924 0.527556 1.111954 -0.120466 
fig 1.252909 -0.529391 -0.731592 0.537170 -0.365534 
lemongrass 0.261566 0.672849 0.078056 0.669142 1.899482 
whiskey 0.085058 -0.138821 -1.186472 0.819134 -0.105268 
watercress 0.293179 -0.213670 0.463866 1.072948 0.283499 
tequila 0.267464 -0.025437 -0.586493 0.620199 0.690973 
rye_flour 0.642684 0.665003 -0.826510 0.657729 -0.716277 
peppermint 0.304542 -0.504435 -0.771502 -0.101922 -0.168046 
savory 0.764859 0.434313 0.935953 0.636807 -0.251617 
lobster 0.716857 -0.037712 0.931745 0.676858 0.213526 
roasted_pork -0.175210 0.616343 0.205571 1.060765 -0.248796 
