224 5
</s> 0.080054 0.088388 -0.076605 -0.065561 0.027332 
egg 0.406575 0.139750 -0.517043 -0.084611 0.032924 
butter 0.596779 0.332003 -0.547503 0.028024 -0.116743 
wheat 0.489748 0.255377 -0.548687 -0.202027 0.156677 
onion 0.095273 0.348665 0.541602 0.747681 0.110606 
garlic 0.051923 0.255226 0.705080 0.713612 0.375298 
milk 0.781508 0.390432 -0.549417 -0.349191 0.116966 
vegetable_oil -0.190588 0.072872 -0.187863 0.587412 0.032545 
cream 0.555076 0.249242 -0.445601 -0.031208 -0.097035 
tomato 0.195447 0.628915 0.813341 0.702989 0.222998 
olive_oil 0.539223 0.190837 0.658575 0.758190 0.194260 
black_pepper 0.223289 -0.080752 0.631637 0.800632 0.158839 
pepper 0.034948 0.589544 0.458111 0.725156 0.165432 
vanilla 1.016687 -0.240795 -1.474783 -0.483176 0.807949 
cayenne -0.435332 0.267048 0.496712 0.770688 0.745895 
vinegar -0.272798 -0.035114 0.213621 1.090457 -0.068725 
cane_molasses -0.250203 0.331292 -0.714724 0.401465 -0.253693 
bell_pepper 0.038980 0.306998 0.623981 0.712628 0.309060 
cinnamon 0.394466 0.296043 -1.213671 0.209294 0.166234 
parsley 0.695585 -0.189200 0.569759 0.598586 -0.168161 
chicken 0.025564 0.435668 0.460093 0.645444 0.329078 
lemon_juice 0.300918 -0.244580 -0.238102 0.619700 -0.265386 
beef -0.044478 0.098997 0.686576 0.727873 0.229489 
cocoa 0.785711 -0.107868 -1.506243 -0.549600 0.831384 
corn -0.279977 0.722701 0.047515 0.401384 0.047407 
bread 0.579881 0.402357 0.343186 0.469914 -0.148510 
scallion -0.355522 -0.198729 0.553761 0.690990 0.953746 
mustard 0.023909 0.068172 -0.022926 0.931812 -0.494386 
ginger -0.691460 -0.424160 -0.621059 0.868013 0.647859 
basil 0.869094 0.146612 1.047598 0.446850 0.323431 
celery 0.445041 0.323848 0.478909 0.766960 -0.048855 
carrot 0.145596 -0.025114 0.591071 0.805098 0.373856 
potato 0.357710 0.376192 0.690846 0.502845 0.170643 
chicken_broth 0.424060 0.347266 0.648299 0.762749 0.278294 
yeast 0.718829 0.460715 -0.359670 -0.197328 -0.051724 
rice -0.440564 -0.109665 0.261239 0.635154 0.870464 
mushroom 0.536220 0.007269 1.051184 0.349296 0.409416 
cheese 0.606046 0.505144 0.655993 0.070103 0.188497 
soy_sauce -0.620426 -0.692769 0.196253 0.979445 0.906924 
cumin -0.455891 0.872528 0.263766 0.771439 0.668666 
oregano 0.439725 0.467009 0.981836 0.517366 0.188703 
parmesan_cheese 1.144443 0.233048 0.992515 -0.013287 0.368776 
macaroni 0.893558 0.113008 1.224775 0.202297 0.599775 
thyme 1.020847 0.123957 0.797910 0.774311 -0.012462 
cheddar_cheese 0.312600 0.897693 0.640526 0.021188 0.228678 
lard 0.402754 0.411952 -0.792781 -0.295663 0.264145 
lemon 0.407123 -0.316333 -0.409101 0.676119 -0.328355 
cream_cheese 0.501107 0.117976 -0.598354 -0.121763 -0.055138 
walnut 0.705504 0.121672 -1.267030 -0.044856 0.203085 
green_bell_pepper 0.008019 0.503869 0.802420 0.758409 0.239285 
starch -0.136814 -0.404785 -0.437691 0.194373 0.275569 
nutmeg 0.531365 0.232127 -0.917209 0.049429 0.032633 
honey -0.208209 -0.090830 -0.837297 0.646798 0.058353 
apple 0.552819 0.501217 -1.152987 0.495082 -0.284534 
almond 0.613043 0.163867 -1.051034 0.065271 0.229058 
cilantro -0.616507 0.416268 0.185769 0.951282 0.817758 
pecan 0.572523 0.292562 -1.226669 -0.159770 0.222385 
white_wine 0.532876 -0.397219 0.667183 0.870612 -0.040646 
bacon 0.455550 0.364188 0.639640 0.562712 -0.202002 
pork -0.345271 0.028412 0.294490 0.915291 -0.090478 
raisin 0.363938 0.519769 -1.271696 0.152808 0.219148 
bean -0.109331 0.506822 0.627329 0.799398 0.234572 
rosemary 1.145824 0.158153 0.841213 0.656383 -0.136732 
fish -0.172051 -0.716185 0.529749 0.851127 0.837215 
cucumber -0.208809 -0.683666 -0.191934 0.643676 -0.193638 
olive 0.571899 0.352200 0.819463 0.630115 0.164469 
coconut -0.324277 0.336436 -1.171015 0.022842 0.937303 
orange 0.415118 -0.322169 -1.179589 0.542351 -0.107649 
tamarind -0.338587 0.436083 0.187782 0.918880 -0.406498 
vegetable -0.126843 -0.342549 0.488108 0.465212 0.791236 
orange_juice 0.288216 -0.190990 -1.090829 0.745740 -0.063511 
buttermilk 0.415601 0.350791 -0.622350 -0.109780 -0.094597 
pineapple 0.056854 0.104426 -1.257977 0.343492 0.329843 
shrimp -0.193730 -0.583679 0.668460 0.844202 0.816284 
coriander -0.445632 0.854755 -0.166756 0.911085 0.908411 
bay 0.352650 0.034760 0.531941 1.188575 -0.208087 
lime_juice -0.724907 0.236754 -0.160171 0.968496 0.697568 
red_wine 0.375302 -0.123603 0.254489 1.033958 -0.471582 
gelatin 0.848203 -0.136531 -1.570432 0.100404 0.412492 
pork_sausage 0.847042 0.634959 0.917962 0.445175 0.103173 
sesame_oil -0.625834 -1.215106 0.334454 0.670882 1.658984 
chive 0.437069 -0.632923 -0.083710 0.431929 -0.499980 
seed 0.027019 0.596674 -0.434643 0.853596 -0.212685 
mozzarella_cheese 1.162554 0.270182 1.166384 -0.104491 0.383627 
ham 0.670513 0.549303 0.554834 0.365937 0.033320 
oat 0.287145 0.222537 -1.368771 -0.221074 0.580849 
turmeric -0.472071 0.976974 -0.068056 0.951608 0.995659 
nut 0.257349 -0.142885 -0.312841 0.240034 0.374655 
shallot 0.613950 -0.330900 0.358711 1.059427 0.121921 
lettuce -0.009394 0.084313 0.129701 0.901637 0.150472 
cider -0.195956 0.229723 -0.329875 1.178743 -0.544647 
dill 0.472451 0.012136 0.341652 0.775554 -0.387509 
pea 0.119425 0.224552 0.672660 0.676360 0.554606 
zucchini 0.443413 0.568598 0.569133 0.235374 0.201942 
cherry 0.828081 -0.240473 -1.531984 0.006708 0.333609 
lime -0.729219 -0.022722 -0.719733 0.911269 0.492874 
yogurt 0.031991 0.569032 -0.805677 0.620761 0.010685 
strawberry 0.980247 -0.364435 -1.602543 0.021011 0.637995 
soybean -0.600809 -0.756544 0.050989 0.625632 1.434746 
celery_oil -0.536857 0.497562 0.144412 1.073518 -0.377523 
peanut_butter -0.382257 0.096430 -0.970264 -0.368658 1.097903 
banana 0.366233 0.033451 -1.513769 -0.013113 0.655089 
meat 0.258071 0.326749 0.453181 0.732602 -0.058819 
tabasco_pepper -0.211693 0.435686 0.333047 0.883222 -0.136491 
milk_fat 1.016000 0.138732 -0.523297 -0.197819 0.059525 
cabbage -0.330076 0.126720 0.190971 1.062934 0.181869 
mint -0.033510 -0.020828 -0.424208 0.915462 0.243076 
fennel 1.034589 0.341924 0.824315 0.643450 0.185703 
sage 1.113243 0.407064 0.453615 0.586439 -0.425292 
broccoli 0.206302 0.303948 0.760655 0.248355 0.647091 
turkey 0.425567 0.651653 0.493071 0.668093 -0.059125 
fenugreek -0.520195 1.063036 -0.093778 0.753760 1.230150 
cranberry 0.742748 0.137867 -1.292562 0.605360 -0.259289 
wine 0.032081 -0.594878 0.100108 0.649991 0.172318 
beef_broth 0.110737 -0.346304 0.730417 0.998619 0.150306 
grape_juice 0.580533 -0.200440 0.298861 0.902319 -0.227677 
pumpkin -0.155290 -0.438019 -0.735719 -0.227623 0.638077 
raspberry 1.030780 -0.360425 -1.334888 0.084451 0.278943 
whole_grain_wheat_flour 0.409904 0.680464 -0.818210 -0.057435 0.231227 
lemon_peel 1.080019 -0.463989 -0.572446 0.153889 -0.138139 
coffee 0.331899 0.066759 -1.080639 -0.136342 0.143608 
sesame_seed -0.500559 -0.486432 -0.273731 0.430446 0.906420 
avocado -0.458850 0.502205 0.187009 1.003758 0.367559 
sherry 0.196924 -0.252488 0.136280 0.879129 -0.038103 
sake -0.560650 -1.199146 0.183463 0.830340 1.314932 
feta_cheese 0.648274 -0.081640 0.697048 0.624742 -0.101668 
apricot 0.465320 0.139369 -1.295469 0.474786 0.178029 
roasted_sesame_seed -0.521851 -1.316705 0.520034 0.638370 1.682302 
rum 0.466598 -0.191086 -1.630622 0.151922 0.355324 
orange_peel 0.817145 -0.245483 -1.193096 0.407922 -0.090379 
squash 0.394086 0.831284 0.324007 0.425852 0.117110 
crab -0.091616 -0.317376 0.412708 0.679628 0.094567 
marjoram 1.064406 0.438338 0.574435 0.754057 -0.358009 
swiss_cheese 1.014109 0.689764 0.542546 0.148404 -0.126724 
sweet_potato -0.091453 0.441343 -0.650853 0.524391 0.075750 
shiitake 0.200756 -1.197430 0.767990 0.518876 1.382756 
radish -0.256732 -1.166520 0.449003 0.906297 1.178696 
peach 0.263164 0.030921 -1.341305 0.285347 0.211639 
tarragon 0.832422 -0.396761 0.506713 0.979881 -0.313756 
black_bean -0.465718 0.832101 0.604903 0.753604 0.618075 
lamb 0.198353 0.382484 0.130031 1.132783 -0.160875 
maple_syrup 0.087611 0.376268 -0.912216 0.354897 -0.076649 
pear 0.138365 -0.862663 -0.966632 0.555959 0.339070 
fruit 0.774709 -0.063556 -1.430610 0.165647 0.423527 
blueberry 1.137008 -0.266199 -1.562301 -0.087880 0.413753 
clam 0.330937 -0.911360 1.053970 0.681309 0.828712 
smoke 0.426565 0.503027 0.493691 0.935154 -0.126686 
tuna -0.064542 -0.330091 0.618233 0.564865 0.327313 
kidney_bean -0.107292 0.840067 0.900533 0.800378 0.307033 
peanut -0.804672 -0.131434 -0.648375 0.075754 1.061690 
asparagus 0.581545 -0.202784 0.671344 0.471890 0.303766 
salmon -0.019023 -0.501918 0.165465 0.839573 0.010708 
leek 0.934965 -0.067889 0.725118 0.920958 0.124791 
chickpea -0.156993 0.399368 0.556057 0.915478 0.496505 
blue_cheese 0.792493 0.061471 0.187208 0.630417 -0.547624 
brandy 0.813495 -0.292140 -1.096740 0.516681 -0.298093 
artichoke 0.946494 -0.130298 0.950978 0.544549 0.048591 
horseradish 0.086511 0.029263 0.122787 1.041680 -0.465756 
mango -0.562878 0.403763 -0.865429 0.813403 0.604581 
date 0.525210 -0.086849 -1.496310 0.074020 0.473062 
cardamom -0.011713 0.515441 -1.082973 0.570211 0.314876 
white_bread 0.795094 0.419668 0.195110 0.358527 -0.402313 
oyster -0.011032 -0.856777 0.808040 0.722487 1.004475 
cottage_cheese 0.802186 0.590706 0.330473 -0.194533 -0.047248 
grape 0.427933 0.347523 -1.122838 0.785742 -0.100987 
brown_rice 0.134775 0.668570 0.330836 0.602111 0.362426 
cauliflower 0.299669 0.627643 0.602593 0.458941 0.444027 
cured_pork 1.371563 0.305997 1.087267 0.364161 0.078762 
egg_noodle 0.365183 0.459426 0.755526 0.256115 0.218967 
beer -0.132157 0.420134 0.269685 0.911352 -0.243482 
hazelnut 0.923661 -0.345091 -0.915672 0.058497 -0.066903 
mandarin 0.390342 -0.109398 -1.240686 0.474581 0.159930 
romano_cheese 1.118581 -0.002980 1.008276 0.213538 0.237530 
plum 0.288452 0.064730 -0.985066 0.719609 -0.077325 
pimento 0.376101 0.507800 0.688975 0.474743 0.018936 
smoked_sausage 0.393900 0.696874 0.775048 1.011876 0.008701 
scallop 0.507723 -0.617573 0.750898 0.982203 0.369351 
goat_cheese 0.996257 0.142696 0.174242 0.565316 -0.306428 
lentil 0.033001 0.599492 0.581349 1.145572 0.369021 
currant 0.789509 0.411265 -1.200773 0.375866 -0.059300 
saffron 0.538588 0.136230 0.343659 0.988963 0.364537 
barley 0.077297 -0.167875 0.232392 0.729626 0.610276 
caraway 0.580193 1.133426 -0.144030 1.007864 -0.358635 
beet 0.344237 -0.154009 -0.107143 1.451485 -0.392212 
squid -0.067903 -1.178228 0.752377 0.645404 1.483300 
corn_flake 0.192188 0.643338 -0.375359 -0.159417 0.106247 
anise 0.577664 -0.526574 -0.671379 0.492109 0.033309 
roasted_beef 0.128300 0.206419 0.514868 0.971042 -0.260200 
pistachio 0.742937 0.074886 -1.092505 0.246340 0.110241 
peanut_oil -0.665537 -0.203029 0.093532 0.956726 1.015966 
cereal 0.243841 0.124266 -1.182006 -0.106733 0.683000 
cashew -0.270124 0.442120 -0.560312 0.560970 0.675472 
veal 1.041017 -0.299539 0.695320 0.621587 -0.370568 
seaweed -0.354124 -1.276870 0.188597 0.816485 1.637529 
turnip 0.678734 0.248071 0.373838 1.232318 0.047982 
sauerkraut 0.595172 0.803159 0.242182 0.811749 -0.524006 
berry 1.110350 -0.069219 -1.408212 0.218941 0.232812 
kelp -0.315744 -1.509393 0.302851 0.532036 2.027191 
tomato_juice -0.141101 0.341782 0.630698 0.867782 -0.095147 
cod 0.036017 -0.350020 0.760925 0.678558 0.587975 
provolone_cheese 1.346061 0.206728 1.048628 0.420802 0.064551 
mussel 0.313009 -0.671000 0.899747 1.099370 1.007776 
blackberry 0.915689 -0.360470 -1.586648 0.050858 0.384950 
roasted_peanut -0.800417 0.121189 -0.549245 0.294431 0.983717 
rhubarb 0.684031 -0.238390 -1.252065 -0.284774 0.231768 
chinese_cabbage -0.471170 -1.492890 0.513156 0.596041 1.837576 
corn_grit 0.186004 0.722201 0.724846 0.479804 0.244863 
chicory 0.719601 -0.741424 0.323800 1.067052 0.094714 
bourbon_whiskey 0.050583 0.186611 -1.279126 0.476116 -0.168779 
citrus 0.595988 -0.788520 -1.660950 0.423994 0.722810 
lima_bean 0.137631 0.725104 0.525237 1.140959 -0.159654 
lovage -0.189348 -0.429761 0.031334 1.164401 -0.498918 
melon 0.268835 -0.096944 -1.454332 0.950778 0.518057 
parsnip 0.615661 0.279299 0.367941 1.195795 -0.058760 
fig 1.212039 0.048539 -1.008469 0.436375 -0.244385 
lemongrass -0.729337 -0.025511 0.032011 1.021746 1.570803 
whiskey 0.070119 0.133771 -1.323692 0.590683 0.010592 
watercress 0.118944 -0.386447 0.093972 1.218944 0.074004 
tequila -0.548256 0.152341 -0.872722 0.875245 0.293394 
rye_flour 0.869475 0.858081 -0.663347 0.448393 -0.222145 
peppermint 0.373436 -0.448997 -0.931162 -0.324685 0.098609 
savory 0.912835 0.259972 0.765624 0.811021 -0.009608 
lobster 0.481147 -0.395399 0.565178 0.856005 0.197333 
roasted_pork 0.055241 0.491470 0.060269 1.154374 -0.397746 
