224 5
</s> 0.080054 0.088388 -0.076605 -0.065561 0.027332 
egg 0.025044 0.162906 -0.314414 0.434089 -0.455446 
butter 0.118354 0.258471 -0.271428 0.451971 -0.521986 
wheat -0.088213 0.207681 -0.441459 0.496430 -0.473776 
onion 0.142273 0.548712 0.611011 0.392256 0.372993 
garlic 0.287089 0.217997 0.677939 0.373206 0.705459 
milk -0.013951 0.203741 -0.366722 0.504284 -0.760013 
vegetable_oil -0.284532 0.405778 -0.052584 0.304929 0.376486 
cream 0.361169 0.290329 -0.376749 0.284115 -0.367250 
tomato 0.389832 0.567799 0.804158 0.315182 0.536878 
olive_oil 1.009728 0.335276 0.647077 0.504712 0.320494 
black_pepper 0.330028 0.198118 0.680005 0.496581 0.486615 
pepper 0.325824 0.807997 0.459147 0.320382 0.498622 
vanilla -0.189078 -0.534629 -1.389033 1.013162 -0.553433 
cayenne 0.012149 0.371461 0.371274 0.095057 1.052813 
vinegar -0.297615 0.379148 0.522517 0.637210 0.489227 
cane_molasses -0.938806 0.381251 -0.306739 0.631435 -0.152045 
bell_pepper 0.508559 0.392825 0.603350 0.237252 0.599637 
cinnamon -0.262255 0.323496 -0.943086 0.875021 -0.238249 
parsley 0.695003 0.134139 0.625096 0.479354 0.069662 
chicken 0.369750 0.547049 0.212264 0.140041 0.525731 
lemon_juice 0.667091 0.260974 -0.243665 0.277962 0.161045 
beef -0.275150 0.169365 0.948149 0.522766 0.484600 
cocoa -0.276278 -0.558348 -1.285867 0.765174 -0.452135 
corn -0.482310 0.619970 0.198276 0.191853 0.188510 
bread 0.297133 0.512731 0.568032 0.536507 -0.180767 
scallion 0.080206 -0.275690 0.416591 0.289687 1.213037 
mustard -0.330718 0.525198 0.382573 0.556509 0.134862 
ginger -0.532613 -0.076733 -0.520907 0.545619 1.129065 
basil 1.195090 0.140642 0.823328 0.344750 0.192358 
celery 0.200100 0.624656 0.754618 0.641172 0.132148 
carrot 0.086903 0.278908 0.590666 0.570834 0.608521 
potato 0.298167 0.473364 0.736221 0.343892 0.215045 
chicken_broth 0.548200 0.552704 0.533099 0.447423 0.390387 
yeast 0.119312 0.319967 -0.211308 0.355942 -0.620099 
rice -0.215878 -0.053433 0.137083 0.281718 1.150932 
mushroom 0.480299 0.039370 0.915420 0.326378 0.284184 
cheese 0.647059 0.327832 0.481355 0.160798 -0.183925 
soy_sauce -0.712558 -0.510926 0.262421 0.718680 1.470692 
cumin 0.337928 0.945498 -0.183654 -0.021552 1.111803 
oregano 0.676925 0.409118 0.919470 0.275758 0.234876 
parmesan_cheese 1.115661 -0.015771 0.826852 0.319568 -0.202565 
macaroni 1.140543 0.122805 0.861583 0.286269 0.128096 
thyme 0.653744 0.351114 0.958752 0.808218 -0.121676 
cheddar_cheese 0.172304 0.748834 0.653644 0.224971 -0.185439 
lard -0.263353 0.244585 -0.641298 0.540591 -0.506956 
lemon 0.720021 0.066779 -0.488333 0.352474 0.103386 
cream_cheese 0.235971 0.023112 -0.492074 0.309822 -0.506984 
walnut -0.055728 -0.036608 -0.994864 0.839092 -0.562996 
green_bell_pepper 0.212691 0.607165 0.858178 0.237336 0.406919 
starch -0.454702 -0.406892 -0.184537 0.448450 0.220167 
nutmeg -0.027200 0.236646 -0.658822 0.795618 -0.627148 
honey -0.458185 0.130124 -0.699843 0.643242 0.320460 
apple -0.332316 0.513658 -0.746809 0.828124 -0.344573 
almond 0.192228 0.048505 -0.991825 0.513322 -0.131064 
cilantro 0.466087 0.602523 -0.175491 -0.050159 1.464543 
pecan -0.270421 0.156004 -1.006168 0.923147 -0.521220 
white_wine 0.912517 0.050103 0.613270 0.514752 0.417919 
bacon -0.010627 0.547427 0.820810 0.534596 -0.135258 
pork -0.469883 0.258314 0.569056 0.505268 0.551691 
raisin -0.127896 0.550453 -1.068587 0.717063 -0.208963 
bean 0.005552 0.582412 0.681921 0.313884 0.636989 
rosemary 0.771868 0.283076 1.060119 0.829386 -0.368445 
fish 0.653635 -0.709838 0.268422 0.377771 1.309819 
cucumber -0.093706 -0.174782 -0.013153 0.279786 0.551976 
olive 0.920037 0.505797 0.653504 0.305732 0.297872 
coconut -0.063035 0.186054 -1.429469 0.193991 0.540277 
orange 0.362691 -0.131167 -1.043348 0.832780 -0.161644 
tamarind -0.773708 0.646873 0.708636 0.704071 0.250930 
vegetable 0.012471 -0.358216 0.542648 0.425245 0.872591 
orange_juice 0.136187 0.101997 -0.997934 0.732124 0.058959 
buttermilk 0.055029 0.310457 -0.409288 0.426665 -0.631611 
pineapple -0.127983 0.083911 -1.127629 0.622347 0.050690 
shrimp 0.332759 -0.431589 0.511942 0.351722 1.311346 
coriander 0.363447 0.939947 -0.500573 0.130439 1.276705 
bay 0.196119 0.551849 0.859594 0.780197 0.388510 
lime_juice 0.479488 0.357350 -0.617442 -0.014070 1.494591 
red_wine 0.350320 0.296111 0.653818 0.656520 0.179154 
gelatin 0.281635 -0.199644 -1.470308 1.001969 -0.415410 
pork_sausage 0.493982 0.511438 1.033213 0.628697 -0.237627 
sesame_oil -0.441520 -1.128773 0.231038 0.730772 1.839499 
chive 0.424751 -0.094175 0.030922 0.490809 -0.217931 
seed -0.273976 1.041278 -0.189518 0.676243 0.178276 
mozzarella_cheese 0.982025 0.056403 0.977817 0.309759 -0.272416 
ham 0.440219 0.521338 0.632544 0.525871 -0.136864 
oat -0.668333 -0.012151 -1.245994 0.887860 -0.280961 
turmeric 0.330995 0.997812 -0.517187 0.094571 1.373945 
nut 0.116877 -0.152601 -0.247814 0.464447 0.224988 
shallot 0.845230 0.008733 0.350773 0.729159 0.542935 
lettuce 0.257746 0.453730 0.121876 0.331173 0.695527 
cider -0.708096 0.791867 0.236800 0.790481 0.274225 
dill 0.391269 0.426771 0.547554 0.484181 0.131782 
pea 0.344028 0.376065 0.541070 0.358136 0.793902 
zucchini 0.701398 0.538523 0.377444 0.027210 0.075037 
cherry 0.077911 -0.410599 -1.215495 1.025594 -0.439453 
lime 0.450060 0.190218 -0.893993 0.047578 0.995536 
yogurt 0.580279 0.609339 -0.995123 0.114296 0.351912 
strawberry 0.587970 -0.445713 -1.577235 0.942870 -0.409023 
soybean -0.266342 -0.764498 0.022021 0.557922 1.594814 
celery_oil -1.076520 0.602377 0.808200 0.632244 0.396826 
peanut_butter -0.625316 -0.069031 -1.070045 0.059030 0.458414 
banana 0.045723 -0.053950 -1.309080 0.586629 -0.250706 
meat 0.063167 0.530271 0.706174 0.677607 0.175389 
tabasco_pepper -0.385568 0.533328 0.620888 0.488628 0.449315 
milk_fat 0.528870 0.009981 -0.424551 0.424149 -0.614089 
cabbage -0.310656 0.411420 0.553954 0.661003 0.864950 
mint 0.919743 0.174199 -0.678192 0.092821 0.683060 
fennel 1.088556 0.313470 0.797484 0.691622 0.082765 
sage 0.369704 0.568452 0.834563 0.909886 -0.563218 
broccoli 0.307146 0.383169 0.452084 0.153529 0.460688 
turkey 0.275934 0.860225 0.577672 0.552873 -0.020114 
fenugreek 0.304150 0.950321 -0.610163 0.069512 1.283230 
cranberry -0.083776 0.372582 -0.794209 1.104004 -0.540898 
wine 0.190264 -0.265761 0.233164 0.482327 0.459394 
beef_broth -0.216313 -0.164799 1.179379 0.870330 0.480411 
grape_juice 0.806402 0.241834 0.397916 0.599425 0.005805 
pumpkin -0.513277 -0.657122 -0.724737 0.411896 0.215036 
raspberry 0.424659 -0.443310 -1.224832 0.951118 -0.458793 
whole_grain_wheat_flour -0.148282 0.550904 -0.627289 0.557711 -0.354156 
lemon_peel 0.952540 -0.138208 -0.550161 0.536309 -0.506170 
coffee -0.228429 -0.128372 -0.960496 0.532497 -0.514233 
sesame_seed -0.340217 -0.256273 -0.356225 0.397987 1.024054 
avocado 0.401529 0.622568 0.026075 -0.005230 1.094737 
sherry 0.346267 0.140928 0.203178 0.529537 0.427153 
sake -0.624078 -1.199921 0.385686 0.854324 1.289943 
feta_cheese 1.158402 0.038112 0.444285 0.263350 0.162542 
apricot 0.095055 0.335685 -1.143612 0.785435 -0.275307 
roasted_sesame_seed -0.267879 -1.378321 0.404054 0.745717 1.658516 
rum 0.042633 -0.262378 -1.575993 0.918032 -0.143746 
orange_peel 0.353348 -0.228609 -0.908552 0.912688 -0.386688 
squash 0.640383 0.789449 0.218477 0.205277 0.090976 
crab 0.241679 0.050471 0.564665 0.433552 0.472134 
marjoram 0.361333 0.584748 0.954443 0.894134 -0.360164 
swiss_cheese 0.353170 0.720813 0.589209 0.473748 -0.398261 
sweet_potato -0.217184 0.420757 -0.498159 0.406670 0.239759 
shiitake 0.063175 -1.242670 0.759663 0.792311 1.200217 
radish 0.038696 -0.902726 0.451476 0.767745 1.578570 
peach 0.008921 0.109789 -1.321882 0.732889 0.041689 
tarragon 0.805724 0.110192 0.416812 0.606497 0.230637 
black_bean 0.277005 0.751894 0.449088 -0.001381 1.114016 
lamb 0.802075 0.699633 0.193723 0.402581 0.343285 
maple_syrup -0.588373 0.413474 -0.611131 0.698539 -0.063052 
pear -0.052378 -0.741984 -0.846444 0.819727 0.393318 
fruit 0.067233 -0.108874 -1.268528 0.931290 -0.312503 
blueberry 0.515853 -0.453664 -1.547414 0.991695 -0.337034 
clam 0.730109 -0.932020 0.876829 0.606945 0.987992 
smoke 0.280649 0.698344 0.800434 0.775030 0.204199 
tuna 0.432367 -0.179490 0.398546 0.128197 0.678658 
kidney_bean 0.002535 0.877551 0.884416 0.352841 0.518918 
peanut -0.548402 -0.174883 -0.802316 -0.052249 0.940770 
asparagus 0.933936 0.003414 0.513738 0.284702 0.282314 
salmon 0.516513 -0.067273 0.182322 0.278587 0.708523 
leek 0.869102 0.278457 0.692548 0.897294 0.203959 
chickpea 0.692851 0.663372 0.275357 0.122719 1.032964 
blue_cheese 0.399368 0.375745 0.337539 0.682263 -0.412489 
brandy 0.344941 -0.131022 -0.767289 0.975947 -0.663105 
artichoke 1.325888 0.090250 0.733872 0.368985 0.038000 
horseradish -0.329513 0.465119 0.533649 0.713918 0.117941 
mango 0.344993 0.391345 -1.040064 0.095639 1.019622 
date -0.203177 -0.162466 -1.408010 1.047299 -0.267229 
cardamom 0.136990 0.626809 -1.060106 0.478564 0.352870 
white_bread 0.368683 0.550364 0.434484 0.573695 -0.509191 
oyster -0.066370 -0.605308 0.727200 0.692743 1.196680 
cottage_cheese 0.615501 0.308492 0.289431 0.184347 -0.546010 
grape 0.338128 0.512624 -0.935688 0.777799 0.083373 
brown_rice 0.064095 0.837482 0.211492 0.316446 0.539595 
cauliflower 0.575212 0.699535 0.372751 0.176046 0.530407 
cured_pork 1.141153 0.127024 1.122211 0.718359 -0.310168 
egg_noodle 0.258266 0.523177 0.737081 0.187101 0.137456 
beer -0.243806 0.597519 0.587948 0.554239 0.337606 
hazelnut 0.247783 -0.184653 -0.795465 0.956698 -0.703260 
mandarin 0.115107 0.029926 -1.183945 0.720096 0.047113 
romano_cheese 1.192291 -0.033419 0.833701 0.411498 -0.104703 
plum 0.121049 0.298724 -0.727471 0.835683 -0.026563 
pimento 0.525940 0.661469 0.529056 0.306295 0.262673 
smoked_sausage -0.132791 0.757227 1.044489 0.782504 0.401175 
scallop 1.071931 -0.416956 0.529613 0.562604 0.745972 
goat_cheese 1.142150 0.314988 0.269866 0.675768 -0.425921 
lentil 0.429029 0.916800 0.383139 0.347986 0.862597 
currant 0.259239 0.406042 -0.898120 0.888604 -0.432323 
saffron 1.177414 0.377445 0.055503 0.597906 0.728132 
barley -0.370259 0.165615 0.367968 0.692371 0.813238 
caraway -0.154706 1.410979 0.161379 0.932895 0.034786 
beet 0.173930 0.474580 0.298264 0.974823 0.475999 
squid 0.309049 -1.304354 0.495104 0.557700 1.465799 
corn_flake -0.271350 0.548407 -0.355378 0.113140 -0.126378 
anise 0.190575 -0.271820 -0.535195 0.731260 -0.087474 
roasted_beef -0.207815 0.567751 0.853978 0.600084 0.344448 
pistachio 0.378486 0.111834 -1.080711 0.799591 -0.260675 
peanut_oil -0.268561 -0.078974 -0.039517 0.378246 1.514063 
cereal -0.615064 0.120909 -0.993985 0.743784 -0.019712 
cashew -0.286913 0.467457 -0.590843 0.345437 0.734520 
veal 0.732172 -0.020550 0.970482 0.833396 -0.236711 
seaweed -0.182420 -1.126706 0.009950 0.859381 1.675840 
turnip 0.414648 0.693399 0.558820 1.011287 0.415704 
sauerkraut -0.246040 0.969770 0.694930 0.947653 -0.200587 
berry 0.286954 -0.090817 -1.097515 1.082274 -0.526349 
kelp -0.172421 -1.622468 0.135714 0.912468 1.684384 
tomato_juice -0.056310 0.548455 0.969213 0.427931 0.495007 
cod 0.521898 -0.076910 0.486414 0.305743 0.981142 
provolone_cheese 0.870281 0.148362 0.994232 0.668842 -0.294795 
mussel 1.024691 -0.671642 0.627249 0.564719 1.412218 
blackberry 0.315255 -0.505495 -1.334897 1.010003 -0.522911 
roasted_peanut -0.451567 0.126192 -0.784924 0.008622 1.150812 
rhubarb -0.023122 -0.346685 -1.191165 0.715874 -0.560986 
chinese_cabbage -0.177666 -1.620661 0.349272 0.818856 1.671167 
corn_grit 0.521356 0.607470 0.728151 0.168297 0.460447 
chicory 0.714434 -0.306268 0.511138 1.105058 0.402618 
bourbon_whiskey -0.794636 0.041101 -0.768732 1.078767 -0.265208 
citrus -0.053118 -0.771199 -1.356388 1.174082 0.036651 
lima_bean -0.078568 1.160237 0.846666 0.641032 0.404227 
lovage -0.243724 0.045889 0.735449 0.763655 0.517768 
melon 0.533534 0.060665 -1.429018 0.923590 0.364499 
parsnip 0.477900 0.709666 0.539391 0.961218 0.344710 
fig 0.677117 0.177871 -0.848949 1.209680 -0.669733 
lemongrass 0.375822 0.071183 -0.487834 0.101527 1.938508 
whiskey -0.467363 0.261070 -0.903424 1.031349 -0.192827 
watercress 0.551554 0.037041 0.082708 0.652362 0.756921 
tequila 0.138892 0.089635 -0.906957 0.371272 0.792052 
rye_flour -0.060648 0.886949 -0.155482 1.058582 -0.662251 
peppermint -0.105212 -0.242731 -0.944076 0.177186 -0.340934 
savory 0.608445 0.507012 0.829436 0.869706 0.195839 
lobster 0.922500 -0.170252 0.592230 0.629527 0.643867 
roasted_pork -0.206372 0.815828 0.406668 0.753730 0.280646 
