224 5
</s> 0.080054 0.088388 -0.076605 -0.065561 0.027332 
egg 0.179366 -0.342536 -0.512520 0.306537 -0.265452 
butter 0.289459 -0.269115 -0.395833 0.364018 -0.517259 
wheat 0.146388 -0.390884 -0.523119 0.335106 -0.325604 
onion 0.156231 0.202957 0.702523 0.709098 0.128757 
garlic 0.137271 0.131238 0.757505 0.614153 0.489141 
milk 0.203670 -0.522139 -0.500082 0.385198 -0.590969 
vegetable_oil -0.104431 0.251338 -0.018041 0.553473 0.260296 
cream 0.544471 -0.167268 -0.352894 0.270593 -0.405076 
tomato 0.353486 0.300042 0.819724 0.640782 0.140919 
olive_oil 0.915757 0.002779 0.800787 0.432180 0.410268 
black_pepper 0.144211 -0.071850 0.793225 0.667535 0.268290 
pepper 0.291724 0.406925 0.568177 0.702046 0.154815 
vanilla 0.098522 -1.261843 -1.567959 0.352288 -0.022213 
cayenne -0.121693 0.415250 0.523930 0.540768 0.753127 
vinegar -0.184536 0.413859 0.385824 0.964206 0.293579 
cane_molasses -0.449364 0.188018 -0.605653 0.861065 -0.363582 
bell_pepper 0.331747 0.311832 0.790117 0.584132 0.352892 
cinnamon 0.195245 -0.213166 -1.056191 0.664601 -0.095903 
parsley 0.592183 -0.368226 0.614862 0.361841 -0.094539 
chicken 0.298179 0.332692 0.489587 0.405288 0.368088 
lemon_juice 0.676011 0.178191 -0.147704 0.247810 0.207395 
beef -0.358014 0.007563 0.823373 0.829118 -0.004037 
cocoa -0.020114 -0.984594 -1.368402 0.193933 0.017695 
corn -0.184570 0.516160 0.130868 0.727408 -0.179463 
bread 0.374104 -0.039300 0.456821 0.552309 -0.305433 
scallion -0.181820 -0.215879 0.640913 0.308518 1.079583 
mustard -0.093888 0.264773 0.274078 0.940621 -0.177789 
ginger -0.511116 0.095341 -0.405868 0.529648 1.091224 
basil 0.867127 -0.285447 1.024561 0.190204 0.160187 
celery 0.148332 -0.031941 0.789392 0.920270 -0.056947 
carrot -0.003137 -0.088408 0.728278 0.758292 0.334578 
potato 0.109057 -0.230793 0.876488 0.705824 -0.014963 
chicken_broth 0.508795 0.085211 0.696673 0.606191 0.265834 
yeast 0.287519 -0.415745 -0.321789 0.335840 -0.657262 
rice -0.366034 -0.133286 0.375684 0.421607 0.878161 
mushroom 0.180651 -0.469255 1.095257 0.439028 0.039699 
cheese 0.655664 -0.187682 0.545566 0.136384 -0.270302 
soy_sauce -0.840618 -0.186312 0.324821 0.794452 1.363656 
cumin 0.464794 0.938815 0.241873 0.615017 0.696422 
oregano 0.636078 0.099932 1.011744 0.370613 0.103326 
parmesan_cheese 0.870431 -0.539719 0.963545 0.065827 -0.178141 
macaroni 0.886957 -0.513224 1.179430 0.135626 0.139261 
thyme 0.573112 -0.541764 1.044021 0.674378 -0.207177 
cheddar_cheese 0.217148 0.018160 0.655131 0.523469 -0.526139 
lard 0.018436 -0.347673 -0.663801 0.337771 -0.418014 
lemon 0.957573 -0.078932 -0.243900 0.149822 0.235605 
cream_cheese 0.445237 -0.231136 -0.508111 0.093245 -0.331689 
walnut 0.363491 -0.579199 -1.179279 0.438415 -0.260671 
green_bell_pepper 0.231068 0.217439 0.944665 0.617279 0.087329 
starch -0.458050 -0.301235 -0.285084 0.290895 0.311520 
nutmeg 0.212383 -0.518827 -0.813255 0.515574 -0.383049 
honey 0.024442 0.191256 -0.721016 0.680497 0.441618 
apple 0.179659 0.025666 -1.016476 0.978696 -0.358885 
almond 0.573470 -0.191777 -0.996336 0.252016 0.078277 
cilantro 0.387730 0.717866 0.344815 0.386579 1.326547 
pecan 0.202585 -0.591634 -1.281056 0.460549 -0.245420 
white_wine 0.695809 -0.338265 0.877861 0.375576 0.313717 
bacon 0.088005 -0.026800 0.705100 0.888953 -0.442013 
pork -0.679828 -0.000042 0.473521 0.938902 0.252912 
raisin 0.309027 -0.029815 -1.104668 0.685304 -0.067373 
bean 0.010252 0.221200 0.850925 0.783498 0.220039 
rosemary 0.736941 -0.450003 0.996874 0.579455 -0.371039 
fish 0.104756 -0.284749 0.624649 0.176822 1.403148 
cucumber -0.125040 0.036030 -0.000610 0.166689 0.613751 
olive 0.922667 0.085216 0.882835 0.487286 0.100884 
coconut 0.161423 0.145551 -1.255094 0.089573 0.802549 
orange 0.665093 -0.148926 -0.993381 0.509284 0.256609 
tamarind -0.543640 0.425253 0.362470 1.178239 -0.320700 
vegetable -0.465262 -0.482102 0.540122 0.431051 0.770091 
orange_juice 0.511436 0.128239 -1.006926 0.543847 0.428114 
buttermilk 0.040859 -0.155812 -0.599078 0.351200 -0.412244 
pineapple 0.239843 0.095715 -1.148569 0.458111 0.295572 
shrimp -0.055264 -0.274212 0.816205 0.256620 1.153236 
coriander 0.581193 0.863484 -0.018857 0.650667 1.083216 
bay 0.324761 -0.058868 0.916461 0.985091 0.135777 
lime_juice 0.492451 0.797365 -0.161067 0.405077 1.354477 
red_wine 0.405554 0.132970 0.514669 0.702012 0.041015 
gelatin 0.651332 -0.646420 -1.482471 0.381078 0.216455 
pork_sausage 0.486937 -0.182691 0.906205 0.665655 -0.427971 
sesame_oil -0.969205 -0.856808 0.415724 0.505288 1.846324 
chive 0.360157 -0.413049 0.118987 0.233207 -0.190566 
seed 0.256510 0.497546 -0.362007 0.988250 -0.040401 
mozzarella_cheese 0.816212 -0.669317 1.060457 0.116129 -0.319065 
ham 0.304990 -0.280648 0.700923 0.629798 -0.381857 
oat -0.245126 -0.561408 -1.468608 0.692575 -0.099586 
turmeric 0.427476 0.850919 -0.056082 0.616625 1.089711 
nut 0.019550 -0.472186 -0.156634 0.381002 0.267127 
shallot 0.796844 -0.209177 0.661535 0.505402 0.643168 
lettuce 0.305539 0.375483 0.300185 0.538961 0.546256 
cider -0.258972 0.669310 -0.066390 1.257652 -0.163764 
dill 0.475138 0.046150 0.603717 0.667406 -0.026787 
pea 0.107852 0.038680 0.795878 0.570341 0.611061 
zucchini 0.539239 0.093040 0.622917 0.365509 -0.013831 
cherry 0.556075 -0.838542 -1.434884 0.358791 0.103198 
lime 0.703002 0.613116 -0.453317 0.097432 1.199194 
yogurt 0.805290 0.615026 -0.713030 0.253405 0.498760 
strawberry 0.934630 -0.552485 -1.481771 0.262147 0.279017 
soybean -0.810597 -0.564829 0.142473 0.398390 1.460772 
celery_oil -0.820368 0.618875 0.363249 1.270436 -0.162260 
peanut_butter -0.551827 -0.039406 -1.136666 0.169591 0.761573 
banana 0.549688 -0.284037 -1.437384 0.234332 0.332476 
meat 0.062732 -0.155489 0.696030 0.898890 -0.137986 
tabasco_pepper -0.199157 0.433991 0.465383 0.871525 -0.022733 
milk_fat 0.723516 -0.655580 -0.530842 0.167504 -0.297396 
cabbage -0.467067 0.076292 0.600799 0.909745 0.484039 
mint 1.053463 0.295471 -0.214225 0.069759 0.833061 
fennel 1.076656 -0.258753 0.936829 0.598734 -0.124605 
sage 0.358049 -0.577304 0.761749 0.917147 -0.671811 
broccoli 0.271160 -0.148261 0.719902 0.296287 0.243338 
turkey 0.416988 0.109435 0.668580 0.910109 -0.277322 
fenugreek 0.414015 0.956805 0.007448 0.658910 1.088039 
cranberry 0.429139 -0.256739 -0.995600 1.002429 -0.344823 
wine 0.050773 -0.286639 0.254581 0.387069 0.440757 
beef_broth -0.492970 -0.405565 0.882174 0.882086 0.280607 
grape_juice 0.879769 -0.009126 0.501478 0.406588 0.152803 
pumpkin -0.688510 -0.812576 -0.629477 0.147816 0.443274 
raspberry 0.821694 -0.620774 -1.221087 0.304698 -0.030976 
whole_grain_wheat_flour 0.144544 -0.116545 -0.745607 0.578170 -0.370185 
lemon_peel 0.941024 -0.655603 -0.532966 -0.005251 -0.039536 
coffee 0.042994 -0.299931 -1.103001 0.330111 -0.188959 
sesame_seed -0.375449 -0.143117 -0.150008 0.242061 1.100423 
avocado 0.538333 0.755744 0.285328 0.365039 0.852091 
sherry 0.358768 -0.234737 0.464213 0.543824 0.368704 
sake -1.120786 -0.808302 0.343427 0.618871 1.540267 
feta_cheese 1.237799 0.181679 0.661421 0.127980 0.341474 
apricot 0.548318 -0.229004 -1.107611 0.495458 0.064553 
roasted_sesame_seed -0.835344 -0.907595 0.431052 0.365059 1.838586 
rum 0.450785 -0.298681 -1.592510 0.429541 0.260997 
orange_peel 0.692829 -0.459333 -1.117606 0.527127 0.012750 
squash 0.692537 0.188686 0.505844 0.359092 -0.028906 
crab 0.005871 -0.194638 0.640345 0.462804 0.304934 
marjoram 0.585530 -0.432337 0.834085 0.960296 -0.758988 
swiss_cheese 0.400959 -0.404693 0.615219 0.728540 -0.757184 
sweet_potato 0.026962 0.219156 -0.417941 0.530997 0.221063 
shiitake -0.655292 -1.442057 0.880719 0.321251 1.297010 
radish -0.461257 -0.703956 0.527912 0.513236 1.631715 
peach 0.442094 0.103880 -1.172173 0.452683 0.268078 
tarragon 0.687206 -0.268668 0.685838 0.567517 0.141986 
black_bean 0.212110 0.855830 0.643002 0.588233 0.766421 
lamb 0.948529 0.409063 0.431656 0.532632 0.384185 
maple_syrup -0.236315 0.069087 -0.789393 0.819425 -0.156803 
pear -0.078456 -0.737766 -0.779301 0.405519 0.694036 
fruit 0.621565 -0.495720 -1.337607 0.385488 0.150985 
blueberry 0.816377 -0.839645 -1.521363 0.292470 0.117740 
clam -0.059391 -0.934863 1.068235 0.182479 1.143317 
smoke 0.301758 0.131951 0.681908 1.086888 -0.253425 
tuna 0.115983 -0.037708 0.598453 0.129663 0.666501 
kidney_bean 0.003929 0.627901 1.015737 1.023100 0.166498 
peanut -0.623489 0.212476 -0.793096 0.226129 1.092293 
asparagus 0.584650 -0.510006 0.721186 0.099614 0.286135 
salmon 0.315274 0.146097 0.370076 0.277480 0.644232 
leek 0.583886 -0.707548 0.908062 0.610677 0.120339 
chickpea 0.647290 0.476575 0.608606 0.505022 0.818156 
blue_cheese 0.593740 -0.191779 0.279475 0.574697 -0.479227 
brandy 0.736890 -0.657871 -0.902331 0.521075 -0.201788 
artichoke 1.092903 -0.411751 0.978022 0.313052 0.019607 
horseradish -0.098415 0.329886 0.167566 1.025985 -0.094308 
mango 0.578755 0.722868 -0.740695 0.291850 1.137442 
date 0.448366 -0.650235 -1.512551 0.611324 0.113072 
cardamom 0.629313 0.310980 -0.859318 0.437469 0.469012 
white_bread 0.446641 -0.363574 0.425659 0.498470 -0.647241 
oyster -0.688635 -0.912970 0.895449 0.635766 1.036766 
cottage_cheese 0.689808 -0.257253 0.286638 0.065671 -0.604169 
grape 0.828921 0.398745 -0.918366 0.766238 0.305128 
brown_rice 0.191510 0.392797 0.490645 0.795378 0.156716 
cauliflower 0.473554 0.144125 0.731637 0.496295 0.192251 
cured_pork 0.938130 -0.632838 1.124646 0.441630 -0.346709 
egg_noodle 0.096097 -0.135627 0.815290 0.449765 -0.155802 
beer -0.267064 0.412504 0.370032 0.914722 -0.168261 
hazelnut 0.628430 -0.906981 -0.870984 0.286603 -0.270146 
mandarin 0.524486 0.051811 -1.036564 0.456735 0.355333 
romano_cheese 0.907147 -0.574009 1.032597 0.087785 -0.180494 
plum 0.464658 -0.055594 -0.845371 0.762799 0.145401 
pimento 0.597219 0.148512 0.824734 0.439041 0.089570 
smoked_sausage 0.035626 0.117155 0.854537 1.126448 -0.267746 
scallop 0.720731 -0.518181 0.991317 0.203492 0.896774 
goat_cheese 1.230974 -0.222510 0.350214 0.408757 -0.197981 
lentil 0.456711 0.368099 0.810306 0.745961 0.554980 
currant 0.872809 -0.223555 -1.011485 0.668577 -0.195652 
saffron 1.352216 -0.086191 0.430216 0.267528 0.735571 
barley -0.345104 -0.405983 0.327655 0.942816 0.385111 
caraway 0.445261 0.440442 -0.077746 1.414877 -0.400471 
beet 0.354756 0.089638 0.151121 1.037080 0.254164 
squid -0.478612 -1.070470 0.822847 0.199069 1.561191 
corn_flake 0.003773 -0.034580 -0.357723 0.264345 -0.403429 
anise 0.365337 -0.633389 -0.566532 0.336116 0.160100 
roasted_beef -0.078836 0.125546 0.683096 0.936409 -0.089469 
pistachio 0.777243 -0.359788 -1.012009 0.236233 0.049776 
peanut_oil -0.286371 0.136498 0.352850 0.683901 1.363229 
cereal -0.215851 -0.583774 -1.213408 0.670970 0.090219 
cashew 0.047489 0.367026 -0.318312 0.614973 0.605106 
veal 0.583105 -0.763569 1.048204 0.618676 -0.358390 
seaweed -0.787257 -0.895333 0.231938 0.547169 1.830403 
turnip 0.346006 -0.335707 0.734659 1.182947 0.135964 
sauerkraut -0.018713 0.238530 0.399583 1.360626 -0.665546 
berry 0.813022 -0.703993 -1.379005 0.661598 -0.086521 
kelp -0.914936 -1.619960 0.420719 0.390968 1.845772 
tomato_juice -0.085112 0.285543 0.922440 0.958925 -0.055177 
cod 0.216629 -0.073949 0.847485 0.286659 0.743550 
provolone_cheese 0.856801 -0.598910 0.999495 0.410657 -0.440900 
mussel 0.513613 -0.601148 1.065747 0.430257 1.395831 
blackberry 0.577536 -0.662704 -1.508929 0.467334 0.098083 
roasted_peanut -0.398369 0.434458 -0.621341 0.196610 1.169313 
rhubarb 0.411902 -0.706865 -1.364621 0.249771 -0.150193 
chinese_cabbage -0.912475 -1.399762 0.473104 0.300557 1.877574 
corn_grit 0.402733 0.365889 0.848226 0.523104 0.220283 
chicory 0.589640 -0.626057 0.553882 0.564064 0.502550 
bourbon_whiskey -0.181989 -0.272269 -1.038781 0.950614 -0.342509 
citrus 0.369218 -0.932120 -1.441031 0.530158 0.633303 
lima_bean -0.043127 0.367033 0.799674 1.290438 -0.219272 
lovage -0.298089 0.017582 0.510851 0.784614 0.139902 
melon 0.957381 0.210365 -1.325864 0.764146 0.996293 
parsnip 0.390592 -0.148705 0.775791 1.101514 0.059947 
fig 1.215183 -0.725491 -0.870328 0.581993 -0.335090 
lemongrass 0.277673 0.376197 0.117200 0.257387 2.011123 
whiskey 0.133015 -0.114378 -1.067018 0.842623 -0.051926 
watercress 0.424917 -0.074408 0.247678 0.687089 0.641169 
tequila 0.547494 0.597536 -0.712797 0.360670 0.811713 
rye_flour 0.562574 -0.251198 -0.595108 1.244023 -0.723215 
peppermint 0.129595 -0.431866 -0.911963 -0.110654 -0.089386 
savory 0.684165 -0.385149 0.946746 0.893760 -0.123303 
lobster 0.734956 -0.289567 0.792905 0.433632 0.599231 
roasted_pork 0.085540 0.506675 0.260552 1.080136 0.012235 
