224 5
</s> 0.080054 0.088388 -0.076605 -0.065561 0.027332 
egg 0.441424 0.355509 -0.437569 -0.041607 -0.103612 
butter 0.591097 0.517482 -0.206075 0.081202 -0.264430 
wheat 0.419385 0.510110 -0.467966 -0.082053 -0.164157 
onion -0.092160 0.258604 0.475666 0.862684 0.253128 
garlic -0.027045 -0.091878 0.600561 0.789597 0.491545 
milk 0.700753 0.725734 -0.310626 -0.188451 -0.188824 
vegetable_oil -0.159738 0.074553 -0.211449 0.434848 0.148044 
cream 0.643000 0.298013 -0.173620 0.039021 -0.324054 
tomato -0.005805 0.206019 0.847820 0.831654 0.325409 
olive_oil 0.589508 -0.003051 0.786563 0.851961 0.347945 
black_pepper -0.009379 0.041242 0.499263 0.898137 0.422903 
pepper -0.141721 0.512926 0.464683 0.736740 0.398255 
vanilla 1.184725 0.732656 -1.315173 -0.612714 0.298623 
cayenne -0.401532 0.056048 0.276513 0.658850 0.930711 
vinegar -0.353341 -0.316681 -0.046941 1.138594 -0.069488 
cane_molasses -0.320475 0.409783 -0.747470 0.493375 -0.438742 
bell_pepper -0.005964 0.078451 0.633116 0.731539 0.520680 
cinnamon 0.335157 0.657976 -1.136159 0.276046 -0.157400 
parsley 0.539929 -0.036976 0.667829 0.676781 -0.028698 
chicken -0.072084 0.358876 0.378770 0.500279 0.620185 
lemon_juice 0.418911 -0.202628 -0.153183 0.688199 -0.142900 
beef -0.383291 -0.015892 0.527689 0.848615 0.413675 
cocoa 0.888332 0.571523 -1.211428 -0.608612 0.243893 
corn -0.412401 0.447453 0.062585 0.526601 -0.026261 
bread 0.322720 0.351954 0.499727 0.635496 -0.132535 
scallion -0.140493 -0.411120 0.202013 0.513755 1.128223 
mustard -0.089936 -0.001863 -0.065127 0.968040 -0.399774 
ginger -0.508672 -0.175932 -0.908618 0.610649 0.818055 
basil 0.784094 0.041461 1.131620 0.425085 0.483490 
celery 0.044793 0.488076 0.539890 0.953137 0.145892 
carrot -0.209417 0.272763 0.389891 0.791953 0.679498 
potato 0.024167 0.529470 0.694387 0.583450 0.424576 
chicken_broth 0.200708 0.412348 0.562971 0.824316 0.468831 
yeast 0.531287 0.617565 -0.211830 -0.081607 -0.229622 
rice -0.285893 -0.199481 -0.053812 0.456928 1.076451 
mushroom 0.223491 0.153875 0.937058 0.474496 0.650206 
cheese 0.538018 0.419868 0.773152 0.057572 0.181967 
soy_sauce -0.585334 -0.543014 -0.314855 0.872182 1.178143 
cumin -0.463128 0.816535 0.164771 0.645356 0.932215 
oregano 0.363311 0.320691 1.096601 0.608671 0.346976 
parmesan_cheese 0.958249 0.396059 1.200108 0.120810 0.403415 
macaroni 0.829238 0.101755 1.163695 0.272553 0.594283 
thyme 0.643215 0.346732 0.877577 0.838056 0.019958 
cheddar_cheese 0.031027 0.990968 0.779810 0.142941 0.337931 
lard 0.351522 0.575987 -0.711420 -0.227179 -0.165317 
lemon 0.689699 -0.364522 -0.296033 0.407687 -0.184771 
cream_cheese 0.790123 0.257087 -0.256651 -0.130432 -0.287345 
walnut 0.666924 0.649244 -1.202109 -0.073842 -0.112926 
green_bell_pepper -0.193049 0.362060 0.733565 0.641585 0.402434 
starch -0.090545 -0.347108 -0.558009 0.242876 0.221151 
nutmeg 0.534804 0.697312 -0.798123 0.140056 -0.226042 
honey -0.016911 -0.198284 -0.949027 0.640864 -0.072725 
apple 0.296703 0.518938 -0.985289 0.561343 -0.360823 
almond 0.631873 0.498324 -0.867224 0.001754 -0.001445 
cilantro -0.346794 0.034434 0.034764 0.772985 1.092159 
pecan 0.782886 0.699658 -1.143456 -0.133069 -0.139075 
white_wine 0.786986 -0.353589 0.721655 0.969498 0.143614 
bacon 0.120317 0.535372 0.629636 0.709745 0.068395 
pork -0.449967 -0.174319 0.105282 1.022234 0.114911 
raisin 0.282491 0.850291 -1.093056 0.258162 -0.007059 
bean -0.294370 0.281064 0.581460 0.795367 0.528055 
rosemary 0.791460 0.224317 0.996325 0.750338 -0.036260 
fish 0.238140 -0.744490 0.241419 0.622859 1.201512 
cucumber 0.075201 -0.754397 -0.196263 0.424006 0.058495 
olive 0.645946 0.066380 0.853557 0.651954 0.212328 
coconut 0.071787 0.514769 -1.215532 -0.260752 0.828855 
orange 0.797951 -0.247266 -1.057448 0.440681 -0.172420 
tamarind -0.565338 0.141248 0.054205 1.124083 -0.306254 
vegetable -0.182235 -0.316795 0.103603 0.427707 1.042149 
orange_juice 0.475113 -0.285941 -1.144458 0.560806 -0.172138 
buttermilk 0.494133 0.644820 -0.373600 -0.122352 -0.187643 
pineapple 0.423650 -0.057508 -1.223201 0.301216 -0.038350 
shrimp 0.137138 -0.692370 0.417753 0.693267 1.061097 
coriander -0.393873 0.859731 -0.218958 0.687186 1.156653 
bay 0.038367 0.145369 0.499380 1.236664 0.033824 
lime_juice -0.217948 -0.255833 -0.498018 0.753702 0.912909 
red_wine 0.330655 -0.234783 0.379686 1.207390 -0.366068 
gelatin 1.215309 0.230598 -1.314562 -0.066722 -0.013490 
pork_sausage 0.353486 0.603792 0.960717 0.706161 0.125534 
sesame_oil -0.232052 -0.920682 -0.323315 0.481899 1.863500 
chive 0.676360 -0.428791 -0.037573 0.385195 -0.332709 
seed -0.107790 0.616926 -0.375030 0.835585 -0.039139 
mozzarella_cheese 0.957917 0.299156 1.250986 0.085665 0.251618 
ham 0.347478 0.453433 0.628110 0.490888 0.132822 
oat 0.285903 0.859281 -1.388531 -0.109841 0.092225 
turmeric -0.468617 1.009509 -0.191212 0.621053 1.234775 
nut 0.325976 -0.087154 -0.328757 0.271204 0.278659 
shallot 0.665587 -0.391221 0.337416 1.019771 0.289351 
lettuce 0.071634 -0.336768 0.178000 0.821407 0.264111 
cider -0.414554 0.145511 -0.377269 1.203177 -0.403876 
dill 0.390098 0.075829 0.473216 0.784727 -0.039484 
pea -0.041908 0.337748 0.488724 0.666917 0.838735 
zucchini 0.302146 0.477318 0.726828 0.205991 0.370657 
cherry 1.145551 0.166372 -1.345550 -0.022811 -0.081411 
lime 0.093457 -0.482982 -0.701111 0.463320 0.622299 
yogurt 0.304289 0.422400 -0.650212 0.317720 0.231009 
strawberry 1.449393 -0.133709 -1.363582 -0.073404 0.049618 
soybean -0.260764 -0.691792 -0.362763 0.360238 1.552526 
celery_oil -0.822932 0.076928 -0.086699 1.176916 -0.243096 
peanut_butter -0.138496 0.363412 -1.196498 -0.459043 0.850743 
banana 0.897160 0.214077 -1.291667 -0.177998 0.091649 
meat -0.035238 0.270476 0.340966 0.920698 0.064149 
tabasco_pepper -0.330049 0.157417 0.270706 0.989868 -0.077734 
milk_fat 0.998584 0.468628 -0.204698 -0.062130 -0.289340 
cabbage -0.449266 0.004726 0.087114 1.162806 0.473443 
mint 0.568623 -0.402437 -0.304700 0.463074 0.292633 
fennel 0.839544 0.299184 0.975680 0.935330 0.209019 
sage 0.593065 0.736313 0.666284 0.857188 -0.347790 
broccoli 0.188138 0.483286 0.679634 0.094018 0.650154 
turkey 0.013283 0.653572 0.475353 0.817131 -0.052339 
fenugreek -0.461721 1.053977 -0.290188 0.634999 1.217187 
cranberry 0.652165 0.486084 -1.095672 0.629099 -0.410808 
wine 0.188466 -0.681090 -0.001761 0.690287 0.168164 
beef_broth -0.375372 -0.171182 0.365302 1.136881 0.403438 
grape_juice 0.651699 -0.459345 0.299624 0.934220 -0.265154 
pumpkin -0.129220 -0.196062 -0.853202 -0.224944 0.587333 
raspberry 1.450602 0.044332 -1.069052 -0.099229 -0.110215 
whole_grain_wheat_flour 0.351888 0.915006 -0.576164 0.087887 0.017732 
lemon_peel 1.138750 -0.159765 -0.379160 0.179399 -0.295712 
coffee 0.514466 0.354170 -1.010238 -0.322689 -0.037919 
sesame_seed -0.245152 -0.349030 -0.511730 0.276121 0.962824 
avocado -0.093424 -0.216488 0.180282 0.842870 0.639752 
sherry 0.279150 -0.334856 0.115981 0.693709 0.190721 
sake -0.398288 -1.074060 -0.528032 0.634058 1.530442 
feta_cheese 0.987354 -0.433539 0.781002 0.625932 0.059771 
apricot 0.571493 0.441278 -1.127313 0.347574 -0.172601 
roasted_sesame_seed -0.147403 -1.120841 -0.266793 0.432206 1.822124 
rum 0.998413 0.115987 -1.670761 0.000642 0.003284 
orange_peel 0.929670 0.042694 -0.993538 0.405947 -0.412682 
squash 0.209728 0.833888 0.512206 0.536473 0.227189 
crab 0.044811 -0.403782 0.257554 0.709614 0.286837 
marjoram 0.516890 0.702065 0.772580 1.005795 -0.196075 
swiss_cheese 0.485582 0.959709 0.760645 0.368028 -0.045641 
sweet_potato -0.196469 0.449455 -0.757142 0.515990 0.036627 
shiitake 0.181080 -0.937880 0.187915 0.435185 1.597607 
radish 0.101725 -1.147324 -0.167414 0.841280 1.431744 
peach 0.527637 0.204092 -1.279883 0.222292 -0.035256 
tarragon 0.800024 -0.306752 0.553546 0.879585 -0.011871 
black_bean -0.461374 0.299927 0.581918 0.694948 0.980541 
lamb 0.217344 0.279163 0.154397 1.118831 0.072377 
maple_syrup -0.084659 0.334028 -0.916449 0.637080 -0.354670 
pear 0.229393 -0.729797 -1.040527 0.387244 0.328671 
fruit 0.942729 0.233335 -1.353603 0.154321 -0.081233 
blueberry 1.384796 0.179322 -1.297179 -0.139647 0.090061 
clam 0.464177 -0.920805 0.625502 0.537681 1.286418 
smoke 0.160159 0.356042 0.513730 1.126614 -0.043250 
tuna 0.171559 -0.420228 0.494038 0.455735 0.638759 
kidney_bean -0.449708 0.638775 0.778745 0.910494 0.531786 
peanut -0.482120 -0.037037 -0.923436 -0.103042 0.861779 
asparagus 0.550845 -0.073631 0.689261 0.351136 0.383058 
salmon 0.169010 -0.609618 0.014926 0.719513 0.270758 
leek 0.716582 0.279812 0.772634 0.856539 0.484179 
chickpea -0.036704 0.296344 0.608793 0.737524 0.735354 
blue_cheese 0.740155 -0.108093 0.274450 0.718828 -0.532025 
brandy 0.930764 -0.013593 -0.904049 0.464896 -0.496770 
artichoke 0.953503 -0.041541 1.105217 0.639515 0.196668 
horseradish -0.022138 0.002181 0.031459 0.984461 -0.439511 
mango -0.040318 -0.116894 -0.907591 0.494572 0.756468 
date 0.703954 0.458414 -1.471057 0.126355 -0.030697 
cardamom 0.101569 0.698514 -0.971432 0.331973 0.393198 
white_bread 0.374394 0.609051 0.442416 0.570911 -0.253362 
oyster -0.061113 -0.635090 0.300982 0.736215 1.264602 
cottage_cheese 0.852959 0.444959 0.624877 -0.069284 -0.196528 
grape 0.719125 0.239244 -1.013355 0.662571 -0.143779 
brown_rice -0.206062 0.547507 0.213728 0.683800 0.418103 
cauliflower 0.255064 0.569881 0.593100 0.393178 0.739488 
cured_pork 1.076810 0.360671 1.182930 0.597785 0.131002 
egg_noodle 0.001276 0.579282 0.745821 0.517189 0.327389 
beer -0.445037 0.389415 0.066992 0.936479 -0.144281 
hazelnut 0.921217 0.136586 -0.681679 0.072664 -0.328291 
mandarin 0.691605 -0.221333 -1.273961 0.414964 0.017485 
romano_cheese 0.920338 -0.040422 1.195295 0.326158 0.260166 
plum 0.388631 0.256378 -0.844522 0.828887 -0.242404 
pimento 0.307240 0.298281 0.755316 0.542355 0.084837 
smoked_sausage -0.078238 0.658249 0.625281 1.169235 -0.047385 
scallop 0.710504 -0.632044 0.601536 0.751866 0.687648 
goat_cheese 1.133064 -0.155802 0.593609 0.602584 -0.301486 
lentil -0.238720 0.725084 0.530312 0.918124 0.649099 
currant 0.795622 0.612067 -0.952607 0.387410 -0.253381 
saffron 0.615728 -0.032156 0.358171 0.852321 0.617783 
barley -0.384410 0.238834 -0.109834 0.807443 0.788398 
caraway 0.070594 1.160260 -0.071966 1.094452 -0.206271 
beet 0.338449 -0.375885 -0.070820 1.351474 -0.319969 
squid 0.234715 -1.134275 0.112627 0.358833 1.688828 
corn_flake 0.006807 0.790910 -0.179639 -0.116483 -0.024984 
anise 0.714343 -0.041801 -0.603121 0.417553 -0.217455 
roasted_beef -0.162094 0.174876 0.366081 1.083354 0.004962 
pistachio 0.914622 0.227264 -0.977362 0.141973 -0.250414 
peanut_oil -0.417511 -0.385017 -0.202668 0.729768 1.349628 
cereal 0.093846 0.773687 -1.324477 0.000999 0.293589 
cashew -0.320567 0.607904 -0.661801 0.593561 0.582221 
veal 0.555153 0.009110 0.633657 0.955899 -0.217739 
seaweed 0.051111 -1.063808 -0.398338 0.633238 1.639008 
turnip 0.152944 0.542044 0.266246 1.285099 0.123792 
sauerkraut 0.026737 0.961078 0.342546 1.148353 -0.456056 
berry 1.212844 0.257152 -1.301723 0.233086 -0.183051 
kelp -0.013398 -0.996002 -0.375171 0.287254 2.119049 
tomato_juice -0.346122 0.144722 0.612824 0.991272 0.166842 
cod 0.037764 -0.347761 0.514579 0.668149 0.853217 
provolone_cheese 0.902342 0.194780 1.117045 0.518482 -0.024855 
mussel 0.595637 -0.665654 0.700392 0.846714 1.373222 
blackberry 1.216464 0.163899 -1.502426 -0.026332 -0.080016 
roasted_peanut -0.596236 0.053587 -0.889768 0.109742 1.095167 
rhubarb 0.841065 0.112003 -1.123884 -0.151810 -0.236777 
chinese_cabbage -0.095843 -1.212604 -0.278167 0.265114 2.122370 
corn_grit 0.023898 0.429594 0.834011 0.629577 0.441346 
chicory 0.717420 -0.764624 0.233783 1.017835 0.189635 
bourbon_whiskey 0.082752 0.329242 -1.252470 0.527961 -0.465618 
citrus 0.878278 -0.404530 -1.548755 0.199794 0.227900 
lima_bean -0.295584 0.606433 0.507560 1.253853 0.085679 
lovage -0.304994 -0.511150 -0.062197 1.195045 -0.295312 
melon 0.857324 -0.146885 -1.303295 0.756384 0.145966 
parsnip 0.255721 0.679446 0.422797 1.289114 0.150896 
fig 1.192637 0.208443 -0.774259 0.651483 -0.608878 
lemongrass -0.311326 -0.318380 -0.367768 0.562348 1.808326 
whiskey 0.227638 0.323714 -1.117831 0.529894 -0.335193 
watercress 0.366103 -0.717458 -0.071281 1.214595 0.243749 
tequila 0.335413 -0.467089 -0.883964 0.664867 0.284568 
rye_flour 0.512883 1.178413 -0.374305 0.664276 -0.406874 
peppermint 0.487184 -0.077917 -0.876502 -0.400695 -0.245609 
savory 0.548036 0.249715 0.795113 1.038509 0.167534 
lobster 0.642065 -0.411717 0.495646 0.875057 0.400975 
roasted_pork -0.333190 0.290692 -0.066128 1.279067 -0.245920 
