224 5
</s> 0.080054 0.088388 -0.076605 -0.065561 0.027332 
egg 0.510040 -0.033590 -0.390950 0.216721 -0.193815 
butter 0.617596 -0.001698 -0.297178 0.257148 -0.278273 
wheat 0.583767 -0.040324 -0.488202 0.253491 -0.234158 
onion -0.115123 0.467356 0.545532 0.750869 -0.002609 
garlic -0.099483 0.270457 0.781851 0.528605 0.354365 
milk 0.780989 -0.065920 -0.464546 0.220890 -0.363935 
vegetable_oil -0.056619 0.260019 -0.089340 0.397965 0.155535 
cream 0.743802 0.214901 -0.306960 0.030161 -0.028478 
tomato 0.025734 0.638934 0.804998 0.574843 0.087895 
olive_oil 0.554032 0.436523 1.055982 0.363039 0.399181 
black_pepper 0.064700 0.053688 0.846749 0.621316 0.217532 
pepper 0.085541 0.664488 0.605451 0.597581 0.108438 
vanilla 1.133774 -0.600552 -1.200241 0.130655 0.327255 
cayenne -0.438165 0.546224 0.441332 0.507253 0.694367 
vinegar -0.385172 0.176948 0.302642 1.066939 0.113714 
cane_molasses -0.105020 -0.047418 -0.829991 0.801753 -0.313243 
bell_pepper 0.001430 0.570469 0.771072 0.568716 0.334646 
cinnamon 0.700841 -0.138361 -0.925841 0.566732 0.062923 
parsley 0.451805 0.073306 0.903643 0.294431 -0.008734 
chicken 0.014779 0.538385 0.475320 0.333683 0.317797 
lemon_juice 0.534511 0.288120 0.044463 0.161734 0.292941 
beef -0.487846 0.038597 0.615667 0.829950 0.015569 
cocoa 0.983642 -0.659912 -1.262069 0.063527 0.349015 
corn -0.285115 0.685770 -0.046479 0.562296 -0.051126 
bread 0.349530 0.357981 0.544866 0.548670 -0.272111 
scallion -0.398261 0.039726 0.544884 0.455759 0.879223 
mustard 0.045123 0.283976 0.100440 0.867712 -0.203113 
ginger -0.403988 -0.131981 -0.458239 0.697439 1.008682 
basil 0.504646 0.134883 1.336292 0.307490 0.174144 
celery 0.031853 0.243799 0.745722 0.965561 -0.241073 
carrot -0.199780 0.045137 0.642706 0.874598 0.289860 
potato 0.044314 0.193653 0.744387 0.484268 -0.013283 
chicken_broth 0.262306 0.366989 0.831604 0.579832 0.177707 
yeast 0.601234 0.083391 -0.237300 0.206053 -0.460388 
rice -0.442024 -0.091887 0.276262 0.500597 0.844127 
mushroom 0.114845 -0.137673 1.100629 0.437096 -0.002348 
cheese 0.526445 0.375132 0.625323 0.058462 -0.155913 
soy_sauce -1.006597 -0.569899 0.140665 1.025531 1.118800 
cumin -0.038695 1.197060 0.189540 0.425030 0.746889 
oregano 0.270427 0.413282 1.101946 0.407132 -0.039438 
parmesan_cheese 0.683297 -0.061106 1.226760 0.039898 -0.093124 
macaroni 0.531993 0.098664 1.360379 0.057138 0.251729 
thyme 0.405014 -0.076008 1.061087 0.768093 -0.367355 
cheddar_cheese 0.110086 0.537790 0.577092 0.419980 -0.496895 
lard 0.508718 -0.026389 -0.731835 0.191566 -0.133513 
lemon 0.785372 0.149576 -0.004224 -0.008952 0.379132 
cream_cheese 0.605071 0.020746 -0.465688 0.007097 -0.080839 
walnut 0.951475 -0.364313 -0.942343 0.358474 0.006689 
green_bell_pepper -0.154688 0.542481 0.798202 0.579778 -0.016973 
starch -0.165191 -0.476289 -0.390367 0.388135 0.225025 
nutmeg 0.857617 -0.268016 -0.675755 0.460795 -0.298436 
honey 0.097902 -0.031570 -0.694789 0.616223 0.404923 
apple 0.620014 0.185219 -0.903130 0.863486 -0.223286 
almond 0.861841 0.012168 -0.695285 0.102490 0.336925 
cilantro -0.087151 1.061973 0.270978 0.344071 1.119447 
pecan 0.995027 -0.445741 -1.100512 0.285182 0.038062 
white_wine 0.528737 -0.008409 1.065491 0.439097 0.308127 
bacon 0.060647 0.110459 0.649543 0.871639 -0.450998 
pork -0.553129 -0.012775 0.299446 1.062371 -0.024679 
raisin 0.700523 0.222457 -1.033135 0.599535 0.082453 
bean -0.273976 0.395512 0.704541 0.644575 0.201735 
rosemary 0.610743 -0.122181 1.267579 0.686287 -0.474349 
fish -0.223063 -0.201010 0.788441 0.244684 1.338341 
cucumber -0.063946 0.075256 0.089304 0.156034 0.556539 
olive 0.472201 0.446204 1.033055 0.316146 0.071770 
coconut 0.283148 0.210702 -1.090968 -0.060692 1.060748 
orange 0.984505 -0.191824 -0.652396 0.321158 0.427972 
tamarind -0.577156 0.261169 0.127321 1.165067 -0.331877 
vegetable -0.481566 -0.394245 0.535311 0.543411 0.637108 
orange_juice 0.740614 0.037766 -0.815577 0.387256 0.512173 
buttermilk 0.659279 0.255086 -0.469362 0.087699 -0.266209 
pineapple 0.607777 0.043702 -0.970286 0.417977 0.402856 
shrimp -0.290918 -0.280548 0.839175 0.385873 1.071548 
coriander 0.087054 1.061800 0.027403 0.595894 1.022445 
bay 0.091994 0.099361 0.845944 1.068673 -0.059799 
lime_juice -0.137642 0.782392 -0.149767 0.305409 1.347286 
red_wine 0.298344 0.213365 0.683660 0.730486 -0.059516 
gelatin 1.274205 -0.500427 -1.029455 0.131262 0.547091 
pork_sausage 0.318549 0.151297 1.048971 0.663859 -0.423175 
sesame_oil -0.877389 -1.031188 0.278596 0.907936 1.668242 
chive 0.653952 -0.059488 0.324233 0.069174 0.018140 
seed 0.422077 0.647384 -0.243664 0.813370 0.072189 
mozzarella_cheese 0.640288 -0.012252 1.401172 -0.018708 -0.220702 
ham 0.437470 0.238894 0.686421 0.570843 -0.384131 
oat 0.692765 -0.368739 -1.399558 0.492260 0.182165 
turmeric -0.043904 1.208607 -0.097439 0.577423 1.173923 
nut 0.243322 -0.209587 -0.081108 0.203098 0.452121 
shallot 0.676481 -0.028560 0.889894 0.504742 0.548119 
lettuce 0.039411 0.570833 0.437085 0.405323 0.548984 
cider -0.261904 0.550635 -0.417567 1.191694 -0.219225 
dill 0.337874 0.313742 0.701915 0.561684 0.072020 
pea -0.070110 0.335691 0.850420 0.524122 0.587335 
zucchini 0.269752 0.432022 0.738114 0.190604 0.005128 
cherry 1.138249 -0.646964 -1.045458 0.280697 0.370901 
lime 0.184116 0.623699 -0.433432 0.027291 1.283927 
yogurt 0.700524 0.747509 -0.424822 0.093988 0.594093 
strawberry 1.547879 -0.431907 -1.051457 0.056836 0.597994 
soybean -0.664384 -0.788685 0.243376 0.661624 1.323343 
celery_oil -0.920527 0.330127 -0.054882 1.315823 -0.286939 
peanut_butter -0.077667 -0.120231 -1.161568 0.023877 0.848473 
banana 0.874145 -0.150848 -1.063584 0.062639 0.501311 
meat 0.004250 0.137342 0.531647 0.780489 -0.246953 
tabasco_pepper -0.410391 0.416193 0.395434 0.880624 -0.096643 
milk_fat 1.021246 -0.118170 -0.122198 -0.038550 -0.204283 
cabbage -0.511501 0.141543 0.332730 1.133707 0.379323 
mint 0.608144 0.580842 0.069353 -0.081492 0.981337 
fennel 0.722200 0.238487 1.189537 0.555034 -0.033396 
sage 0.524872 -0.187740 0.811886 0.989762 -0.739131 
broccoli 0.053543 0.432916 0.736623 0.217842 0.262123 
turkey 0.253977 0.326569 0.523498 0.699336 -0.264984 
fenugreek 0.027240 1.165658 -0.126560 0.445759 1.168670 
cranberry 1.012118 0.017065 -0.856377 0.784849 -0.114543 
wine 0.019333 -0.241150 0.407037 0.350516 0.511789 
beef_broth -0.422982 -0.232542 0.760419 1.093443 0.066158 
grape_juice 0.634649 0.154594 0.708468 0.492160 0.100873 
pumpkin -0.104239 -0.797998 -0.637462 0.197974 0.468312 
raspberry 1.365262 -0.452201 -0.845119 0.099153 0.361126 
whole_grain_wheat_flour 0.557924 0.381348 -0.637934 0.360386 -0.109070 
lemon_peel 1.228049 -0.308310 -0.030378 -0.085590 0.207651 
coffee 0.607927 -0.268058 -0.933189 0.124912 0.068123 
sesame_seed -0.480885 -0.325792 -0.175150 0.416172 0.984789 
avocado -0.044379 0.974959 0.304090 0.227615 0.864744 
sherry 0.226911 -0.108590 0.491822 0.559811 0.259339 
sake -0.866199 -1.094686 0.227164 0.873246 1.308642 
feta_cheese 0.652596 0.372003 1.102434 0.113928 0.279587 
apricot 0.898093 0.165720 -0.845425 0.473851 0.211441 
roasted_sesame_seed -0.752395 -1.171638 0.423445 0.752013 1.750099 
rum 0.928974 -0.317985 -1.164048 0.156681 0.510132 
orange_peel 1.165805 -0.458325 -0.689025 0.476052 0.019226 
squash 0.366096 0.613450 0.585045 0.346402 0.063784 
crab -0.093852 0.004742 0.622778 0.511983 0.394718 
marjoram 0.496758 -0.093228 0.884484 0.940030 -0.690351 
swiss_cheese 0.551423 0.321663 0.627008 0.414493 -0.522001 
sweet_potato 0.059402 0.221869 -0.623701 0.593166 0.201459 
shiitake -0.436312 -1.258861 0.911194 0.521478 1.179527 
radish -0.463505 -0.765183 0.691175 0.689484 1.398630 
peach 0.889536 0.008078 -1.074977 0.240319 0.438954 
tarragon 0.599133 -0.074872 0.802158 0.425881 0.138532 
black_bean -0.365454 1.036837 0.539191 0.511248 0.720703 
lamb 0.506951 0.634144 0.624310 0.705378 0.198391 
maple_syrup 0.298078 0.082878 -1.020092 0.794996 -0.077270 
pear 0.415029 -0.730246 -0.653064 0.330991 0.822123 
fruit 1.096176 -0.313008 -1.036705 0.275080 0.487861 
blueberry 1.412796 -0.424772 -1.067684 0.061593 0.499133 
clam -0.108552 -0.825121 1.349987 0.468725 1.036244 
smoke 0.411402 0.474928 0.689853 0.917605 -0.236988 
tuna -0.114279 0.183468 0.826458 0.136517 0.608994 
kidney_bean -0.375084 0.728211 0.739636 0.908560 0.030892 
peanut -0.465464 0.022744 -0.854168 0.067858 1.027823 
asparagus 0.389370 -0.072919 1.031250 0.150403 0.274750 
salmon 0.121910 -0.034695 0.508015 0.230630 0.714271 
leek 0.574724 -0.288103 1.152447 0.790325 0.044304 
chickpea -0.002530 0.855953 0.664872 0.523467 0.600975 
blue_cheese 0.706208 0.212246 0.363336 0.539541 -0.403247 
brandy 1.282476 -0.450500 -0.593288 0.416693 -0.060122 
artichoke 0.683573 0.091410 1.272199 0.004584 0.127940 
horseradish -0.104878 0.349395 0.217113 1.003351 -0.231462 
mango 0.284184 0.779752 -0.695923 0.258092 1.217464 
date 1.043292 -0.367091 -1.151645 0.365213 0.375118 
cardamom 0.618801 0.491453 -0.818948 0.363498 0.627076 
white_bread 0.536150 0.233742 0.388163 0.547252 -0.556583 
oyster -0.566068 -0.729258 0.868641 0.636855 0.898266 
cottage_cheese 0.710912 0.334583 0.531984 -0.114551 -0.371763 
grape 0.937843 0.436078 -0.667318 0.613531 0.417987 
brown_rice 0.028918 0.447033 0.308819 0.659993 0.186420 
cauliflower 0.170286 0.549518 0.634536 0.375813 0.299273 
cured_pork 0.920911 0.022760 1.323820 0.406572 -0.293519 
egg_noodle 0.080008 0.219113 0.756472 0.328387 -0.216527 
beer -0.306491 0.399456 0.131522 0.947840 -0.202609 
hazelnut 1.108298 -0.474548 -0.511622 0.173958 0.030817 
mandarin 0.628680 0.010838 -0.932307 0.382860 0.591119 
romano_cheese 0.694759 -0.104119 1.307613 0.041136 -0.100187 
plum 0.651600 0.032522 -0.661003 0.729299 0.218349 
pimento 0.167355 0.511569 0.722655 0.276730 0.063768 
smoked_sausage 0.053725 0.416629 0.839251 1.164250 -0.285955 
scallop 0.382718 -0.302785 1.212778 0.213089 0.897359 
goat_cheese 0.969782 0.135426 0.619392 0.247259 -0.034264 
lentil 0.045494 0.699662 0.791789 0.855725 0.410854 
currant 1.136276 0.133906 -0.698862 0.534147 -0.013879 
saffron 0.671720 0.335865 0.856069 0.446297 0.859218 
barley -0.300072 -0.168984 0.213362 1.053998 0.433073 
caraway 0.518962 0.848026 -0.043202 1.144333 -0.405199 
beet 0.298109 0.225759 0.334792 1.136086 0.203812 
squid -0.362643 -1.028008 0.969526 0.360012 1.486126 
corn_flake 0.262094 0.342235 -0.374675 0.071091 -0.135866 
anise 0.763254 -0.368382 -0.266608 0.304078 0.361764 
roasted_beef -0.121273 0.247284 0.588318 0.903172 -0.170858 
pistachio 1.187372 -0.157113 -0.797236 0.171065 0.376547 
peanut_oil -0.636533 -0.043071 0.165125 0.705116 1.277951 
cereal 0.388363 -0.239573 -0.966421 0.445487 0.270759 
cashew 0.027143 0.559145 -0.523206 0.439791 0.795408 
veal 0.502749 -0.496253 1.089556 0.668528 -0.448119 
seaweed -0.533702 -0.985989 0.273997 0.569274 1.745346 
turnip 0.444994 0.183191 0.744413 1.296599 -0.040425 
sauerkraut 0.210642 0.473299 0.394113 1.249142 -0.795021 
berry 1.452166 -0.299820 -0.948176 0.465031 0.255148 
kelp -0.552907 -1.391182 0.212316 0.620936 1.830206 
tomato_juice -0.365788 0.248590 0.819965 0.806619 -0.029039 
cod -0.073728 -0.081394 0.855960 0.349998 0.691943 
provolone_cheese 0.951157 0.187953 1.284343 0.339521 -0.267514 
mussel 0.152495 -0.405594 1.406236 0.374394 1.346006 
blackberry 1.396514 -0.410355 -1.095324 0.191312 0.352023 
roasted_peanut -0.384618 0.321389 -0.620156 0.129998 1.284547 
rhubarb 1.057006 -0.511298 -1.084036 0.172785 0.150346 
chinese_cabbage -0.688651 -1.560744 0.516415 0.590540 1.810605 
corn_grit -0.126333 0.705221 0.805667 0.459679 0.194672 
chicory 0.494575 -0.208714 0.757434 0.722954 0.501617 
bourbon_whiskey 0.463400 -0.222970 -1.138318 0.807785 -0.001881 
citrus 1.103331 -0.944258 -1.124852 0.399015 0.870475 
lima_bean -0.145479 0.621919 0.637734 1.300519 -0.222239 
lovage -0.167542 -0.304302 0.452366 0.871842 0.036001 
melon 0.932207 0.155288 -0.894523 0.535154 1.135280 
parsnip 0.494844 0.112526 0.854508 1.181258 -0.134156 
fig 1.580384 -0.259601 -0.375489 0.451033 -0.104695 
lemongrass -0.212587 0.456648 0.358602 0.228719 1.957950 
whiskey 0.448595 -0.063673 -1.119531 0.734975 0.204362 
watercress 0.200493 0.152425 0.356209 0.711902 0.629977 
tequila 0.306768 0.566994 -0.582334 0.367222 0.866701 
rye_flour 0.962876 0.446488 -0.440811 0.815597 -0.450939 
peppermint 0.581756 -0.310545 -0.729811 -0.375677 0.161855 
savory 0.340910 -0.025339 1.055488 0.781570 -0.050684 
lobster 0.524712 -0.080682 1.118845 0.324309 0.611116 
roasted_pork -0.031287 0.410500 0.190881 1.211696 -0.291006 
