224 5
</s> 0.080054 0.088388 -0.076605 -0.065561 0.027332 
egg 0.448704 0.048887 -0.446015 0.051175 0.126138 
butter 0.481424 0.570992 -0.429319 -0.015500 0.282160 
wheat 0.433166 0.261367 -0.477406 -0.011492 0.298513 
onion -0.125739 0.201923 0.389998 0.840505 -0.104400 
garlic -0.216789 -0.178600 0.585490 0.888896 0.052588 
milk 0.703019 0.515324 -0.453517 -0.096988 0.246347 
vegetable_oil -0.190417 -0.068357 -0.284602 0.455711 0.004550 
cream 0.577157 0.253958 -0.295394 0.012297 0.220321 
tomato -0.170735 0.192933 0.564105 1.019697 -0.181142 
olive_oil 0.185683 0.280267 0.866270 0.899937 0.261921 
black_pepper -0.092062 -0.066284 0.564086 0.831805 0.077766 
pepper -0.168065 0.503378 0.347715 0.855269 -0.001932 
vanilla 0.818670 0.054012 -1.158543 -0.390348 1.067618 
cayenne -0.765715 -0.196824 0.395839 0.821180 0.300390 
vinegar -0.129316 -0.507659 -0.100668 1.156527 -0.283656 
cane_molasses -0.098113 0.169537 -1.052872 0.516597 -0.195242 
bell_pepper -0.243251 0.149465 0.643136 0.885931 0.086911 
cinnamon 0.250622 0.679925 -1.068421 0.108780 0.739236 
parsley 0.550496 0.083538 0.659286 0.589916 -0.027036 
chicken -0.386440 0.366966 0.533485 0.590763 0.248456 
lemon_juice 0.436960 0.005515 -0.016767 0.376001 0.188347 
beef -0.287410 -0.260393 0.419785 0.996743 -0.211490 
cocoa 0.712467 -0.015775 -1.065655 -0.448954 0.871353 
corn -0.316812 0.117428 -0.290372 0.686111 -0.376027 
bread 0.393221 0.277231 0.281107 0.711199 -0.236331 
scallion -0.468585 -0.703906 0.529882 0.658086 0.483956 
mustard 0.036886 -0.152163 -0.279618 0.924598 -0.346992 
ginger -0.853893 -0.412728 -0.429158 0.402223 0.927190 
basil 0.533349 0.228367 1.127519 0.738396 0.018346 
celery -0.030399 0.515094 0.415737 0.909114 -0.058055 
carrot -0.372246 0.150248 0.533534 0.752917 0.376959 
potato -0.122011 0.574618 0.665229 0.709354 0.011367 
chicken_broth -0.053071 0.640421 0.657013 0.653620 0.423862 
yeast 0.577336 0.441186 -0.408793 0.015634 -0.028733 
rice -0.582975 -0.413731 0.398911 0.540342 0.594810 
mushroom 0.095209 0.033393 0.929739 0.526782 0.108462 
cheese 0.397317 0.324940 0.558393 0.458862 -0.130496 
soy_sauce -0.811953 -1.127763 0.083111 0.882152 0.681000 
cumin -1.004783 0.775600 0.209532 0.791206 0.478321 
oregano 0.205683 0.313257 0.931818 0.818816 -0.135696 
parmesan_cheese 0.776289 0.482139 1.132805 0.412048 0.077787 
macaroni 0.502232 0.130675 1.198470 0.607883 0.132204 
thyme 0.467639 0.584102 0.793503 0.855470 0.087439 
cheddar_cheese 0.037788 0.558335 0.443236 0.504230 -0.348979 
lard 0.425513 0.310482 -0.736784 -0.079743 0.267944 
lemon 0.419552 -0.044264 -0.094674 0.348110 0.492972 
cream_cheese 0.752966 -0.023739 -0.444388 0.029623 0.073083 
walnut 0.688684 0.295875 -1.060556 -0.091473 0.747348 
green_bell_pepper -0.137900 0.108232 0.500364 0.959995 -0.336212 
starch -0.116162 -0.480540 -0.325160 0.133296 0.477166 
nutmeg 0.425492 0.768647 -0.671117 -0.045607 0.535919 
honey -0.196911 -0.191951 -0.907652 0.516113 0.454938 
apple 0.316979 0.568399 -1.098261 0.501775 0.282355 
almond 0.465182 0.313590 -0.675146 -0.039488 0.826883 
cilantro -1.002829 0.061822 0.386608 0.740770 0.637244 
pecan 0.697578 0.205118 -1.150119 -0.060874 0.654334 
white_wine 0.550131 0.048851 0.928667 0.706459 0.390154 
bacon 0.153051 0.356153 0.306011 0.950572 -0.353803 
pork -0.397155 -0.277445 0.006917 1.103227 -0.187400 
raisin 0.157740 0.780151 -0.846479 -0.024828 0.848388 
bean -0.377038 0.084517 0.495671 0.879641 -0.093397 
rosemary 0.716484 0.597942 0.859255 0.870954 -0.106677 
fish -0.347697 -0.725244 0.773212 0.600117 0.837214 
cucumber -0.077179 -0.829016 -0.125364 0.367383 0.160649 
olive 0.403671 0.163096 0.774369 0.886932 -0.046165 
coconut -0.427583 0.414719 -0.872096 -0.405423 1.393965 
orange 0.585199 -0.073795 -0.991013 0.258350 0.826014 
tamarind -0.241103 -0.321706 -0.309490 1.229554 -0.624319 
vegetable -0.419888 -0.440347 0.578295 0.421058 0.616473 
orange_juice 0.221275 -0.153577 -1.025465 0.406110 0.691728 
buttermilk 0.331618 0.283158 -0.669818 0.083106 0.024342 
pineapple 0.113859 -0.257287 -1.168984 0.270043 0.788669 
shrimp -0.295673 -0.725217 0.846582 0.640392 0.636547 
coriander -0.898454 0.773650 0.166473 0.510058 1.010699 
bay 0.014474 0.592481 0.554508 1.085865 0.122272 
lime_juice -0.917699 -0.252641 -0.101273 0.718760 0.750787 
red_wine 0.384266 0.007892 0.279845 1.069262 -0.172524 
gelatin 0.861815 -0.256965 -1.127155 -0.162632 1.019640 
pork_sausage 0.477758 0.415435 0.691769 0.897702 -0.334351 
sesame_oil -0.859310 -1.379404 0.404423 0.581037 1.179774 
chive 0.644274 -0.301531 0.041202 0.232291 0.019033 
seed -0.104866 0.443344 -0.573745 0.894220 0.000246 
mozzarella_cheese 0.796983 0.164452 1.045528 0.459983 -0.138393 
ham 0.440933 0.402093 0.374548 0.742687 -0.195798 
oat 0.295581 0.232395 -1.412345 -0.061060 0.712341 
turmeric -1.061307 0.859869 0.093111 0.479422 1.027660 
nut 0.087791 -0.080444 -0.121388 0.196255 0.687668 
shallot 0.412256 0.025832 0.755195 0.889369 0.615941 
lettuce -0.116196 -0.415566 0.161422 0.974846 -0.003331 
cider -0.239777 0.089488 -0.710045 1.253542 -0.386487 
dill 0.347425 0.174083 0.465048 0.915259 -0.117217 
pea -0.340820 0.185733 0.829335 0.650422 0.523359 
zucchini -0.007101 0.771978 0.729129 0.376565 0.186782 
cherry 0.815640 -0.067238 -1.214466 -0.053271 0.916982 
lime -0.548232 -0.315182 -0.485163 0.414594 0.852443 
yogurt -0.229839 0.586260 -0.451332 0.170122 0.827770 
strawberry 1.051777 -0.322812 -1.210156 -0.077559 1.238406 
soybean -0.821233 -1.104521 0.259154 0.434053 0.965924 
celery_oil -0.411279 -0.221101 -0.512026 1.461259 -0.702243 
peanut_butter -0.604781 -0.150110 -0.873176 -0.396072 0.876564 
banana 0.335425 0.143344 -1.025678 -0.217839 0.978480 
meat 0.000631 0.301259 0.235460 0.926790 -0.172426 
tabasco_pepper -0.277018 -0.123484 0.055006 1.143488 -0.380944 
milk_fat 0.962445 0.601612 -0.111004 -0.115710 0.384445 
cabbage -0.517528 -0.170953 0.172201 1.142960 0.054644 
mint -0.084624 0.087838 0.042686 0.356761 0.860678 
fennel 0.665563 0.585379 0.975995 0.897890 0.168572 
sage 0.693778 0.822515 0.431999 0.793225 -0.080093 
broccoli -0.067730 0.277580 0.790492 0.321312 0.203185 
turkey 0.165859 0.620951 0.409836 0.862226 -0.105203 
fenugreek -1.017191 0.926368 0.170461 0.494006 1.174045 
cranberry 0.769274 0.198054 -1.200047 0.579964 0.435971 
wine 0.016876 -0.536772 0.198317 0.559919 0.375570 
beef_broth -0.276618 -0.261702 0.547272 1.055737 0.005509 
grape_juice 0.563676 0.044757 0.401772 0.845801 0.080434 
pumpkin -0.396115 -0.101239 -0.348697 -0.412219 0.992568 
raspberry 1.094911 -0.393742 -0.973433 -0.003609 0.966136 
whole_grain_wheat_flour 0.197619 0.626396 -0.713745 0.166391 0.317417 
lemon_peel 1.085700 0.179067 -0.183925 -0.015819 0.622171 
coffee 0.471762 0.060386 -0.871999 -0.309117 0.396957 
sesame_seed -0.627594 -0.740591 -0.091337 0.273464 0.635598 
avocado -0.596563 -0.301121 0.182857 0.870949 0.158011 
sherry 0.100744 -0.141423 0.318101 0.735026 0.322953 
sake -0.583098 -1.567762 0.373645 0.657775 1.011923 
feta_cheese 0.687903 -0.137304 0.924906 0.620257 0.155415 
apricot 0.404169 0.433181 -0.920283 0.106733 0.785707 
roasted_sesame_seed -0.699642 -1.651330 0.589445 0.522184 1.178752 
rum 0.601694 0.001009 -1.351253 -0.130887 1.133237 
orange_peel 0.885641 0.150290 -0.891049 0.254802 0.730571 
squash -0.049827 1.022351 0.500283 0.422752 0.222609 
crab -0.018451 -0.349777 0.462032 0.813648 0.160892 
marjoram 0.502847 0.881119 0.479561 0.925880 -0.086278 
swiss_cheese 0.672302 0.622179 0.315750 0.687967 -0.380119 
sweet_potato -0.437874 0.543157 -0.502851 0.320603 0.511804 
shiitake -0.129080 -1.130584 1.110951 0.415776 1.098726 
radish -0.380141 -1.374027 0.593873 0.963330 0.961813 
peach 0.201816 0.027956 -1.204842 0.206800 0.827144 
tarragon 0.682442 0.062428 0.661592 0.922838 0.204918 
black_bean -0.901079 0.273309 0.477197 0.927953 0.133753 
lamb -0.016487 0.786198 0.355547 0.797847 0.443494 
maple_syrup 0.088322 0.191508 -1.188030 0.557758 0.086325 
pear 0.246228 -0.796647 -0.525950 0.186968 0.928279 
fruit 0.645805 0.114027 -1.173969 0.032268 1.142448 
blueberry 0.974601 -0.127233 -1.071156 -0.279375 1.212236 
clam 0.100946 -0.879711 1.232973 0.642040 0.794109 
smoke 0.225187 0.419644 0.327387 1.236688 -0.187299 
tuna -0.048548 -0.427051 0.594734 0.588310 0.085926 
kidney_bean -0.577512 0.435645 0.513958 1.174127 -0.239117 
peanut -0.815581 -0.417201 -0.686519 -0.096685 0.765302 
asparagus 0.467144 0.193057 0.916838 0.299663 0.412867 
salmon 0.022501 -0.346502 0.338544 0.601744 0.358959 
leek 0.367571 0.679271 0.929246 0.631491 0.565793 
chickpea -0.608846 0.498227 0.661057 0.790025 0.460738 
blue_cheese 0.801130 -0.109076 0.067351 0.730350 -0.254070 
brandy 0.881452 0.237056 -0.943585 0.154762 0.688542 
artichoke 0.812569 0.214824 1.061041 0.615559 0.055328 
horseradish 0.193080 -0.322397 -0.286459 1.036401 -0.470294 
mango -0.725294 -0.027749 -0.519354 0.278746 1.020019 
date 0.574070 0.348103 -1.198008 -0.109992 1.110231 
cardamom -0.396964 0.894015 -0.643397 0.046569 1.058676 
white_bread 0.559204 0.633586 0.117731 0.571114 -0.196396 
oyster -0.326679 -0.798004 0.763394 0.653514 0.728696 
cottage_cheese 0.819072 0.318014 0.264486 0.226135 -0.233135 
grape 0.248693 0.335938 -0.874240 0.471016 0.712039 
brown_rice -0.384569 0.551387 0.332830 0.574173 0.236035 
cauliflower -0.230095 0.696431 0.664242 0.481901 0.413528 
cured_pork 0.993728 0.441533 1.027822 0.840682 -0.032684 
egg_noodle -0.010442 0.442364 0.474868 0.684643 -0.146163 
beer -0.305362 0.289836 -0.135362 1.022134 -0.331036 
hazelnut 0.990152 0.157763 -0.678184 0.015716 0.690964 
mandarin 0.440787 -0.443601 -0.925984 0.221197 0.763726 
romano_cheese 0.777066 0.331943 1.229647 0.416123 0.131318 
plum 0.209606 0.378317 -0.664190 0.305510 0.724779 
pimento 0.232282 0.329114 0.552042 0.786027 -0.124331 
smoked_sausage -0.112166 0.439044 0.375707 1.362864 -0.317866 
scallop 0.356694 -0.381957 1.230365 0.479476 0.744363 
goat_cheese 1.007400 0.246858 0.410946 0.677694 0.098659 
lentil -0.588304 0.886724 0.711624 0.719258 0.558474 
currant 0.632943 0.701067 -0.814569 0.209816 0.792061 
saffron 0.056421 0.894235 0.861425 0.377061 1.015935 
barley -0.514634 0.119376 0.182654 0.638683 0.641048 
caraway 0.068448 1.118999 -0.409458 1.171578 -0.080844 
beet 0.280644 -0.083369 -0.122541 1.291320 0.042081 
squid -0.344560 -1.260064 1.084833 0.412087 1.243326 
corn_flake 0.026842 0.456878 -0.373837 -0.056488 0.066473 
anise 0.494389 -0.022306 -0.475941 0.142428 0.634448 
roasted_beef -0.053667 0.063771 0.202782 1.177409 -0.298538 
pistachio 0.627568 0.451528 -0.790524 -0.067910 0.942522 
peanut_oil -0.919871 -0.514411 0.325932 0.819960 0.830500 
cereal 0.109654 0.149408 -1.146759 0.119672 0.678296 
cashew -0.648975 0.439957 -0.384347 0.322999 0.885004 
veal 0.820753 0.333462 0.948180 0.892996 0.136493 
seaweed -0.462298 -1.474087 0.442975 0.685394 1.313712 
turnip 0.069621 0.906861 0.474064 1.147171 0.416042 
sauerkraut 0.268774 0.707936 -0.261832 1.216952 -0.584342 
berry 1.107190 -0.000567 -1.152571 0.230839 0.797716 
kelp -0.578770 -1.559386 0.684146 0.431490 1.529737 
tomato_juice -0.371867 0.152439 0.422465 1.160372 -0.325891 
cod -0.233200 -0.172325 0.877704 0.617102 0.505440 
provolone_cheese 1.089384 0.092104 0.898014 0.798319 -0.181523 
mussel -0.180337 -0.391962 1.405723 0.715426 1.194499 
blackberry 1.031184 -0.193685 -1.204302 -0.052906 1.062209 
roasted_peanut -1.055845 -0.247068 -0.337245 0.062458 0.982181 
rhubarb 0.742992 -0.117710 -1.104158 -0.275069 0.695175 
chinese_cabbage -0.703419 -1.711627 0.661737 0.548702 1.410782 
corn_grit -0.219177 0.382621 0.767815 0.791753 -0.023299 
chicory 0.726217 -0.662705 0.461334 1.009617 0.352994 
bourbon_whiskey 0.319384 -0.086133 -1.375057 0.474742 0.228877 
citrus 0.630877 -0.587379 -1.065160 0.141554 1.330972 
lima_bean -0.096461 0.411886 0.259873 1.402748 -0.385114 
lovage -0.178543 -0.206414 0.055028 1.087472 -0.177152 
melon 0.330788 -0.324042 -1.010746 0.581737 1.347723 
parsnip 0.040969 1.000808 0.580955 0.930741 0.526881 
fig 1.142957 0.437349 -0.772545 0.268930 0.765820 
lemongrass -1.218737 -0.062822 0.517777 0.385065 1.586292 
whiskey 0.377859 0.025979 -1.304983 0.563479 0.251323 
watercress 0.163264 -0.358919 0.051709 1.031951 0.390917 
tequila -0.311038 -0.450783 -0.606500 0.456379 0.901152 
rye_flour 0.792530 0.699379 -0.841864 0.749315 0.021669 
peppermint 0.498508 -0.188572 -0.668023 -0.516019 0.520034 
savory 0.425071 0.582245 0.750649 0.857801 0.228806 
lobster 0.319565 -0.047415 0.870369 0.691164 0.516828 
roasted_pork -0.193018 0.301236 -0.264878 1.120466 -0.151808 
