224 5
</s> 0.080054 0.088388 -0.076605 -0.065561 0.027332 
egg 0.446655 0.083713 -0.428870 -0.137057 0.426438 
butter 0.430143 0.360778 -0.267970 -0.255543 0.588714 
wheat 0.411798 0.070816 -0.470445 -0.213761 0.571608 
onion -0.228813 0.814494 0.316781 0.566803 0.208627 
garlic -0.239051 0.436453 0.515772 0.826442 0.135103 
milk 0.522409 0.185082 -0.507539 -0.443483 0.697695 
vegetable_oil -0.037685 0.311619 -0.190193 0.463539 -0.020297 
cream 0.629794 0.158270 -0.154565 -0.195483 0.277534 
tomato -0.074482 0.781685 0.634733 0.491801 0.121580 
olive_oil 0.411577 0.452903 0.972701 0.640079 0.278067 
black_pepper -0.216917 0.332624 0.575675 0.665272 0.290192 
pepper -0.137487 0.928102 0.280553 0.575012 0.271018 
vanilla 0.890942 -0.544682 -1.272758 -0.123846 1.191994 
cayenne -0.291418 0.365829 0.228889 0.968117 -0.248688 
vinegar -0.021848 0.629142 0.069583 0.875416 -0.153969 
cane_molasses 0.143707 0.497747 -0.891663 0.117425 -0.051064 
bell_pepper -0.147662 0.632026 0.531853 0.707725 0.079099 
cinnamon 0.498496 0.189005 -1.101774 0.077924 0.569730 
parsley 0.248975 0.354217 0.786872 0.345253 0.356599 
chicken -0.197365 0.553434 0.184608 0.610497 0.110075 
lemon_juice 0.795428 0.216183 0.201476 0.425757 -0.142537 
beef -0.700419 0.535957 0.364923 0.730056 0.287768 
cocoa 0.716923 -0.572423 -1.265684 -0.215948 0.991364 
corn -0.137038 0.724909 -0.095334 0.315100 -0.244902 
bread 0.195127 0.628740 0.458198 0.148638 0.284434 
scallion -0.482187 -0.220015 0.250525 1.132599 0.056347 
mustard 0.268904 0.712134 0.073371 0.561524 -0.153588 
ginger -0.328038 -0.158140 -0.861046 1.086411 -0.016883 
basil 0.267028 0.358733 1.250562 0.406034 0.537368 
celery -0.360195 0.830969 0.364537 0.513810 0.621375 
carrot -0.693173 0.466126 0.180074 0.719921 0.618418 
potato -0.562240 0.726072 0.382047 0.330457 0.677379 
chicken_broth -0.296947 0.655267 0.395968 0.550901 0.507405 
yeast 0.430047 0.274849 -0.253164 -0.388899 0.704446 
rice -0.587894 -0.115311 -0.101647 0.996663 0.205901 
mushroom -0.596501 0.313380 0.779141 0.410133 0.918314 
cheese 0.281604 0.424057 0.651926 -0.047323 0.282570 
soy_sauce -0.780651 -0.424871 -0.200086 1.497437 0.174082 
cumin -0.044628 0.932189 -0.115327 1.003757 -0.410119 
oregano 0.037617 0.563117 1.063050 0.343550 0.246802 
parmesan_cheese 0.062265 0.304270 1.217316 -0.074927 0.911873 
macaroni 0.093961 0.369409 1.238310 0.310513 0.650344 
thyme -0.008510 0.577038 1.004734 0.360942 1.026564 
cheddar_cheese -0.197140 0.962962 0.358689 -0.065242 0.327814 
lard 0.453689 0.083890 -0.731418 -0.216844 0.439144 
lemon 0.965703 0.011199 0.101965 0.267670 -0.019690 
cream_cheese 0.810884 0.035297 -0.135627 -0.181630 0.165289 
walnut 0.910564 -0.190076 -1.046527 -0.091362 0.712607 
green_bell_pepper -0.291803 0.811158 0.614257 0.590677 0.195653 
starch -0.170207 -0.421031 -0.492816 0.372819 0.171284 
nutmeg 0.346840 0.178698 -0.798526 -0.180237 0.910623 
honey 0.418196 0.100183 -0.727383 0.599224 -0.092944 
apple 0.565761 0.499271 -0.999941 0.143323 0.452591 
almond 0.824063 -0.025242 -0.787501 0.046843 0.399710 
cilantro 0.082005 0.530966 0.102345 1.281562 -0.534867 
pecan 0.797504 -0.025667 -1.058810 -0.152259 0.710516 
white_wine 0.249455 0.165543 1.020053 0.739836 0.440830 
bacon -0.177204 0.853836 0.452428 0.241620 0.536610 
pork -0.496324 0.405989 0.041518 0.761386 0.121533 
raisin 0.430076 0.441459 -1.279358 0.054531 0.643068 
bean -0.365012 0.685079 0.390282 0.671021 0.086395 
rosemary -0.000514 0.586843 1.005658 0.118175 1.038172 
fish -0.133061 -0.438145 0.515845 1.432561 -0.091478 
cucumber 0.294355 -0.338972 0.177839 0.720935 -0.456591 
olive 0.449183 0.629211 1.023636 0.471451 0.174714 
coconut 0.393449 0.026927 -1.242760 0.463216 -0.092666 
orange 1.156386 -0.209805 -0.529828 0.459573 0.207844 
tamarind -0.239348 0.890223 -0.042100 0.610940 -0.185856 
vegetable -0.692685 -0.191425 0.165778 0.821457 0.594988 
orange_juice 1.126170 -0.260967 -0.622540 0.579804 -0.129747 
buttermilk 0.460837 0.328035 -0.475565 -0.245425 0.349554 
pineapple 1.059577 -0.155806 -0.793332 0.516892 -0.027332 
shrimp -0.278177 -0.297640 0.730640 1.246055 0.193789 
coriander -0.093435 0.966333 -0.533458 1.121520 -0.173077 
bay -0.191544 0.733345 0.623578 0.741665 0.578756 
lime_juice 0.417345 0.130498 -0.088636 1.378284 -0.779538 
red_wine 0.320795 0.569040 0.670238 0.697206 0.045845 
gelatin 1.357593 -0.416783 -0.882475 0.159293 0.451737 
pork_sausage -0.136145 0.771451 0.826029 0.067869 0.721034 
sesame_oil -0.972489 -0.920889 -0.222278 1.710913 0.489206 
chive 0.815284 -0.022924 0.397882 0.117815 -0.010411 
seed 0.224423 0.843282 -0.485323 0.449387 0.169654 
mozzarella_cheese 0.195543 0.343576 1.284683 -0.132489 0.894820 
ham 0.073266 0.663041 0.582535 0.083538 0.577577 
oat 0.479656 -0.001484 -1.543217 -0.020506 0.840794 
turmeric -0.073089 1.059904 -0.508599 1.192454 -0.138766 
nut -0.070970 -0.281052 -0.285602 0.389299 0.545681 
shallot 0.468108 0.186256 0.801085 0.945665 0.469109 
lettuce 0.346342 0.347439 0.414459 0.953712 -0.303933 
cider 0.074204 0.819634 -0.315766 0.608944 -0.279916 
dill 0.407804 0.583449 0.628852 0.470330 0.118918 
pea -0.508253 0.504310 0.372784 0.819721 0.424280 
zucchini -0.115421 0.702591 0.456110 0.146000 0.444997 
cherry 1.243158 -0.495891 -0.908193 0.111089 0.594386 
lime 0.683991 -0.132514 -0.195827 1.124002 -0.775470 
yogurt 0.794303 0.513181 -0.506405 0.581484 -0.322488 
strawberry 1.664211 -0.569364 -0.704343 0.180014 0.439674 
soybean -0.949627 -0.724897 -0.278517 1.449696 0.470474 
celery_oil -0.310415 0.969169 -0.236068 0.759735 -0.450335 
peanut_butter -0.110473 -0.202785 -1.392691 0.319017 0.224930 
banana 0.998829 -0.353125 -0.998044 0.082182 0.477447 
meat -0.257977 0.695360 0.332938 0.441996 0.472183 
tabasco_pepper -0.078400 0.770893 0.225635 0.755530 -0.341179 
milk_fat 0.758121 -0.049883 -0.138320 -0.357799 0.735290 
cabbage -0.528950 0.491288 0.021811 0.936557 0.234808 
mint 0.975037 0.084481 0.146463 0.795937 -0.458664 
fennel 0.409512 0.530841 1.168270 0.427710 0.856739 
sage -0.170549 0.711742 0.542404 -0.142350 1.318587 
broccoli -0.494642 0.522730 0.436154 0.253439 0.676385 
turkey -0.045785 0.950462 0.335086 0.276758 0.443394 
fenugreek -0.267670 1.078653 -0.657701 1.165991 -0.066175 
cranberry 1.020830 0.193567 -0.817014 0.210022 0.543674 
wine 0.097177 -0.311196 0.316901 0.716717 0.071857 
beef_broth -0.821267 0.319003 0.436068 0.830280 0.621808 
grape_juice 0.821727 0.210959 0.744400 0.565622 0.125307 
pumpkin -0.430508 -0.746994 -0.826236 0.133077 0.824480 
raspberry 1.528937 -0.504310 -0.586217 0.186671 0.449849 
whole_grain_wheat_flour 0.464103 0.522647 -0.759467 -0.145242 0.631682 
lemon_peel 1.055678 -0.388336 0.076248 0.066799 0.465514 
coffee 0.803791 -0.248148 -0.787377 -0.197780 0.353922 
sesame_seed -0.433268 -0.475948 -0.439499 1.028673 0.090672 
avocado 0.546386 0.372376 0.394889 1.095634 -0.723888 
sherry 0.031097 0.104990 0.319417 0.598358 0.293920 
sake -0.835259 -0.916094 -0.163091 1.508108 0.448832 
feta_cheese 0.805454 0.337180 1.056872 0.466280 0.013175 
apricot 0.799881 0.081201 -0.925730 0.323085 0.350611 
roasted_sesame_seed -0.904186 -1.059636 0.042107 1.789469 0.515653 
rum 1.288968 -0.423342 -1.141513 0.321559 0.388400 
orange_peel 1.134579 -0.371540 -0.580034 0.274312 0.495394 
squash -0.016344 0.936860 0.283646 0.257301 0.508125 
crab 0.099381 0.058890 0.554123 0.771693 -0.012186 
marjoram -0.184365 0.899234 0.640062 -0.005373 1.180422 
swiss_cheese 0.079623 0.966781 0.470326 -0.185277 0.802196 
sweet_potato -0.082433 0.342404 -0.754065 0.407665 0.235387 
shiitake -1.031468 -1.051928 0.408927 1.296601 1.056018 
radish -0.414969 -0.802804 0.296772 1.677590 0.331670 
peach 0.995487 -0.219786 -0.895986 0.358060 0.024642 
tarragon 0.494160 0.233413 0.856181 0.610725 0.317172 
black_bean -0.256543 0.888703 0.227766 0.979741 -0.391081 
lamb 0.325267 0.695563 0.438348 0.720511 0.068874 
maple_syrup 0.306610 0.390530 -0.992662 0.186453 0.256460 
pear 0.310843 -0.907260 -0.669891 0.840436 0.293355 
fruit 1.098161 -0.429622 -0.932005 0.271376 0.439907 
blueberry 1.487888 -0.589776 -0.926937 0.207816 0.607800 
clam -0.423255 -0.603140 0.995680 1.238968 0.722043 
smoke 0.077876 0.933261 0.599845 0.556124 0.364664 
tuna -0.016317 0.033495 0.586697 0.737908 -0.126049 
kidney_bean -0.408689 1.172583 0.510021 0.662755 0.113619 
peanut -0.301581 -0.270287 -1.066946 0.697593 -0.244731 
asparagus 0.088104 0.140277 0.800301 0.349219 0.536129 
salmon 0.309771 -0.087399 0.406123 0.927079 -0.218896 
leek -0.182077 0.545490 0.796845 0.510929 1.241104 
chickpea -0.033966 0.819380 0.338209 0.857324 -0.031755 
blue_cheese 0.749212 0.452000 0.466756 0.155338 0.132948 
brandy 1.069144 -0.346817 -0.489937 0.217631 0.446750 
artichoke 0.591638 0.337901 1.304934 0.278557 0.521483 
horseradish 0.385805 0.730920 0.310580 0.570625 -0.304402 
mango 0.744776 0.214673 -0.468140 1.074882 -0.670808 
date 0.942020 -0.212967 -1.483839 0.167373 0.812357 
cardamom 0.432848 0.321718 -0.879891 0.532805 0.210225 
white_bread 0.121171 0.685323 0.390098 -0.072733 0.723362 
oyster -0.917590 -0.345500 0.402150 1.192718 0.897712 
cottage_cheese 0.499702 0.340292 0.611027 -0.445363 0.477526 
grape 1.180866 0.343698 -0.562782 0.560879 -0.044568 
brown_rice -0.625834 0.904184 -0.161608 0.483914 0.524356 
cauliflower -0.443108 0.855071 0.237735 0.427258 0.581721 
cured_pork 0.329174 0.447803 1.321106 0.097440 1.020439 
egg_noodle -0.591072 0.639251 0.406956 0.100850 0.670011 
beer -0.173755 0.754676 0.091686 0.483184 -0.093807 
hazelnut 0.894543 -0.425058 -0.498730 -0.042039 0.686912 
mandarin 1.094349 -0.247651 -0.753993 0.585783 -0.100488 
romano_cheese 0.210722 0.229882 1.235437 0.114653 0.802175 
plum 0.617186 0.175408 -0.651050 0.453325 0.217822 
pimento 0.216967 0.691046 0.669585 0.343701 0.124824 
smoked_sausage -0.371753 1.065779 0.535533 0.657613 0.499179 
scallop 0.294758 -0.157886 1.072743 1.075968 0.394160 
goat_cheese 0.910836 0.283437 0.884056 0.247598 0.382798 
lentil -0.400972 1.059975 0.258241 0.812049 0.364038 
currant 0.974705 0.152331 -0.754019 0.130749 0.581469 
saffron 0.383663 0.408164 0.510926 0.912187 0.435566 
barley -0.776509 0.109543 -0.113797 0.804592 0.889806 
caraway 0.015384 1.392917 -0.420743 0.264547 0.717022 
beet 0.443698 0.483008 0.267495 0.914717 -0.029547 
squid -0.558027 -1.206175 0.684625 1.464177 0.659532 
corn_flake -0.006608 0.312808 -0.580750 -0.234938 0.225901 
anise 0.508017 -0.396633 -0.282612 0.423011 0.483523 
roasted_beef -0.233389 0.717095 0.520059 0.565275 0.175537 
pistachio 0.926333 -0.135274 -0.757075 0.135289 0.303329 
peanut_oil -0.527238 0.005679 -0.192918 1.410156 0.068769 
cereal 0.178487 0.010373 -1.336784 0.034583 0.835761 
cashew -0.034969 0.395676 -0.729070 0.700642 0.092897 
veal -0.014500 0.200670 1.047239 0.245449 0.929176 
seaweed -0.424239 -1.022802 0.050332 1.928954 0.512242 
turnip -0.410240 0.743242 0.231723 0.785640 1.109002 
sauerkraut -0.095608 1.270685 0.028789 0.233141 0.485452 
berry 1.356346 -0.212098 -0.803500 0.268953 0.666947 
kelp -0.809009 -1.335829 0.002925 1.713759 1.043872 
tomato_juice -0.401254 0.809007 0.521224 0.681308 -0.037830 
cod -0.389596 0.022034 0.576965 0.931150 0.369335 
provolone_cheese 0.483437 0.421803 1.306814 -0.000205 0.863177 
mussel -0.221884 -0.339100 0.959303 1.491699 0.534232 
blackberry 1.379437 -0.518931 -0.859522 0.129382 0.625702 
roasted_peanut -0.320943 -0.047476 -0.886752 0.964151 -0.327184 
rhubarb 0.790962 -0.698124 -0.850026 -0.077301 0.528833 
chinese_cabbage -1.002291 -1.504413 0.144055 1.697106 0.913252 
corn_grit -0.052383 0.747599 0.672735 0.399474 0.051655 
chicory 0.472527 -0.193225 0.686320 1.048555 0.305278 
bourbon_whiskey 0.825689 0.054761 -1.010631 0.433299 0.068884 
citrus 1.265688 -0.962964 -0.963018 0.699689 0.544797 
lima_bean -0.250280 1.166235 0.450130 0.628358 0.296163 
lovage -0.041429 0.207611 0.387165 0.791373 -0.209722 
melon 1.349185 -0.125224 -0.749381 0.991111 -0.220392 
parsnip -0.363452 0.887143 0.316698 0.605338 1.072754 
fig 1.452584 -0.033948 -0.396283 0.211541 0.642667 
lemongrass -0.200802 0.138670 -0.397987 1.777438 -0.340480 
whiskey 0.872748 0.028611 -0.990824 0.350443 0.154038 
watercress 0.502242 -0.040912 0.405447 1.148497 -0.015411 
tequila 1.007555 -0.113712 -0.309168 0.989651 -0.739285 
rye_flour 0.610219 0.898250 -0.503396 -0.076705 0.787876 
peppermint 0.779323 -0.250494 -0.573287 -0.228567 0.062393 
savory -0.099825 0.618577 0.753371 0.485125 0.925762 
lobster 0.256375 -0.213224 0.995204 0.875516 0.369485 
roasted_pork -0.047720 0.830557 -0.060544 0.710379 0.026784 
