224 5
</s> 0.080054 0.088388 -0.076605 -0.065561 0.027332 
egg -0.015914 -0.324170 -0.449889 0.291810 -0.332430 
butter 0.137431 -0.373284 -0.369078 0.360581 -0.412735 
wheat -0.056676 -0.468972 -0.604911 0.308424 -0.387168 
onion 0.017942 0.341132 0.382072 0.785712 0.273795 
garlic 0.083816 0.247163 0.481358 0.600188 0.679469 
milk 0.148141 -0.497183 -0.569788 0.343437 -0.583691 
vegetable_oil -0.330517 0.379834 -0.194877 0.396414 0.152054 
cream 0.350814 -0.172634 -0.438141 0.226607 -0.308735 
tomato 0.481410 0.558933 0.518542 0.721439 0.418640 
olive_oil 0.721436 0.107203 0.461367 0.735185 0.488384 
black_pepper -0.109675 0.078636 0.525794 0.695547 0.584289 
pepper 0.124019 0.424647 0.303086 0.749466 0.219038 
vanilla -0.017974 -1.174325 -1.500028 0.069728 -0.203851 
cayenne -0.121205 0.571028 0.231400 0.395879 0.850552 
vinegar -0.388858 0.554159 0.080207 0.925543 0.212626 
cane_molasses -0.653916 0.287256 -0.611413 0.579536 -0.474675 
bell_pepper 0.329589 0.455495 0.460263 0.640310 0.586446 
cinnamon -0.324542 -0.220697 -1.310483 0.544560 -0.273548 
parsley 0.389221 -0.202168 0.473024 0.733284 0.112875 
chicken 0.268942 0.320407 0.317980 0.507933 0.471115 
lemon_juice 0.555533 0.332728 -0.367958 0.405861 0.093265 
beef -0.362662 0.195778 0.602943 0.775613 0.321626 
cocoa -0.109097 -1.004550 -1.290553 -0.058285 -0.190677 
corn 0.042373 0.683651 0.031788 0.478557 -0.098806 
bread 0.389871 0.006724 0.312996 0.795485 -0.107491 
scallion -0.380552 0.005128 0.242141 0.358864 1.174766 
mustard -0.290416 0.487455 -0.036324 0.883910 -0.234959 
ginger -0.881353 0.276521 -0.639931 0.340849 0.903825 
basil 1.040083 -0.133490 0.744738 0.681766 0.509367 
celery -0.316985 0.027726 0.495501 1.090541 0.027241 
carrot -0.449274 -0.063964 0.463187 0.912025 0.467721 
potato -0.068968 -0.139713 0.649708 0.764439 0.036383 
chicken_broth 0.173573 0.024663 0.451474 0.867698 0.565199 
yeast 0.214149 -0.557632 -0.318902 0.410242 -0.602977 
rice -0.583453 0.033118 0.140851 0.351536 0.917250 
mushroom 0.155420 -0.334451 0.813711 0.632042 0.400958 
cheese 0.871744 -0.110292 0.452367 0.500679 -0.069904 
soy_sauce -1.169862 0.023406 0.009253 0.489033 1.161683 
cumin 0.244790 1.073995 -0.102278 0.541351 0.673232 
oregano 0.731031 0.119922 0.780789 0.494714 0.414534 
parmesan_cheese 0.910411 -0.755719 0.901557 0.625442 0.251678 
macaroni 1.008268 -0.408686 0.798696 0.509524 0.540641 
thyme 0.392188 -0.584286 0.765883 1.101097 0.080780 
cheddar_cheese 0.194347 0.118228 0.579554 0.593186 -0.299843 
lard -0.179946 -0.461944 -0.814227 0.184545 -0.407225 
lemon 0.792421 0.066188 -0.421288 0.377454 0.122780 
cream_cheese 0.486912 -0.222395 -0.580517 0.155397 -0.378532 
walnut 0.097723 -0.719318 -1.232948 0.407629 -0.405538 
green_bell_pepper 0.206540 0.471768 0.613956 0.732474 0.253433 
starch -0.817091 -0.390575 -0.429622 0.123446 0.356472 
nutmeg -0.230724 -0.610338 -0.887486 0.511177 -0.473554 
honey -0.154648 0.257512 -0.889425 0.366062 0.295144 
apple -0.246159 -0.097643 -0.991388 0.785099 -0.489248 
almond 0.191735 -0.285617 -1.012736 0.266418 -0.121306 
cilantro 0.409212 1.038888 -0.092600 0.358043 1.145800 
pecan 0.176425 -0.529773 -1.223565 0.076665 -0.357680 
white_wine 0.576394 -0.134347 0.505175 0.740057 0.577566 
bacon -0.147232 -0.148130 0.703227 0.997763 -0.088356 
pork -0.631419 0.430188 0.304007 0.892082 0.320661 
raisin -0.054489 -0.230412 -1.168303 0.484505 -0.241983 
bean -0.098264 0.461514 0.581478 0.785597 0.524160 
rosemary 0.621421 -0.601490 0.803526 1.016274 0.018407 
fish 0.093206 -0.036792 0.323766 0.125871 1.524974 
cucumber -0.295307 0.499878 -0.212855 0.321333 0.412183 
olive 0.954116 0.164180 0.495462 0.837848 0.398255 
coconut -0.025942 0.084214 -1.290213 -0.308952 0.540224 
orange 0.515385 -0.302667 -1.162085 0.270401 0.137159 
tamarind -0.434352 0.719087 0.228523 0.983754 -0.291777 
vegetable -0.550310 -0.191925 0.240702 0.305461 0.821167 
orange_juice 0.313267 0.219409 -1.244042 0.242479 0.287460 
buttermilk 0.269724 -0.106067 -0.506563 0.279821 -0.586665 
pineapple 0.153589 0.046762 -1.284799 0.157760 0.176651 
shrimp -0.169212 -0.012873 0.424592 0.403323 1.373040 
coriander 0.171530 1.023616 -0.417777 0.625294 0.774829 
bay -0.069198 0.004675 0.659703 1.319366 0.354736 
lime_juice 0.547898 0.907596 -0.619890 0.046910 1.281660 
red_wine 0.195211 0.186396 0.326888 0.873453 0.267841 
gelatin 0.346003 -0.718351 -1.589395 0.225848 -0.079362 
pork_sausage 0.562900 -0.231707 0.755347 0.992700 -0.108289 
sesame_oil -1.197908 -0.216664 0.036144 0.275298 1.850620 
chive 0.067240 0.031910 -0.055774 0.551720 -0.121798 
seed -0.109227 0.436289 -0.452582 0.899572 -0.225605 
mozzarella_cheese 1.084197 -0.661069 0.941579 0.475858 0.237489 
ham 0.296414 -0.256808 0.585027 0.953610 -0.091395 
oat -0.507559 -0.644277 -1.299287 0.223359 -0.378503 
turmeric -0.022038 1.087756 -0.336148 0.561380 1.019877 
nut -0.129306 -0.466486 -0.295352 0.207703 0.356465 
shallot 0.660835 -0.031715 0.133669 0.779007 0.663879 
lettuce 0.238399 0.651931 -0.001538 0.624365 0.545205 
cider -0.504608 0.814202 -0.344067 1.128812 -0.295105 
dill 0.420579 0.286836 0.180372 0.978981 -0.007418 
pea -0.212395 0.101675 0.532230 0.811654 0.708387 
zucchini 0.577496 0.036274 0.344268 0.490745 0.191689 
cherry 0.327844 -0.820359 -1.552406 0.228999 -0.087632 
lime 0.756026 0.633891 -0.767136 -0.072045 0.937527 
yogurt 0.504173 0.644090 -0.990681 0.256537 0.269668 
strawberry 0.751629 -0.572291 -1.738805 0.184093 0.135248 
soybean -0.899416 -0.345755 -0.148636 0.123262 1.535959 
celery_oil -0.634990 0.985668 0.232354 1.005231 -0.211353 
peanut_butter -0.543820 -0.276004 -1.139620 -0.189651 0.268552 
banana 0.190780 -0.346349 -1.511756 0.066789 0.002285 
meat 0.135965 0.169767 0.384840 0.931089 0.083312 
tabasco_pepper -0.276620 0.679893 0.262427 0.842266 0.095558 
milk_fat 0.456326 -0.917669 -0.402591 0.364717 -0.353400 
cabbage -0.830784 0.231675 0.317254 0.911931 0.418148 
mint 0.815784 0.293015 -0.717231 0.108131 0.806639 
fennel 0.892908 -0.342991 0.643270 1.053772 0.402591 
sage 0.062541 -0.668228 0.753129 1.327085 -0.422589 
broccoli 0.032679 -0.156424 0.638108 0.597277 0.393553 
turkey 0.309716 0.207861 0.424425 1.081336 -0.167355 
fenugreek -0.015882 1.098993 -0.702954 0.675704 0.938616 
cranberry 0.181528 -0.214681 -1.230645 0.706045 -0.420350 
wine -0.017065 -0.134363 0.085644 0.353415 0.722104 
beef_broth -0.710480 -0.200753 0.716539 0.958252 0.561145 
grape_juice 0.797990 0.120097 0.036047 0.716540 0.109946 
pumpkin -0.945973 -0.535718 -0.590591 -0.162993 0.470298 
raspberry 0.564142 -0.618247 -1.458079 0.108608 0.075387 
whole_grain_wheat_flour 0.073938 -0.093442 -0.755578 0.343573 -0.324739 
lemon_peel 0.587275 -0.561536 -0.668980 0.135635 0.040440 
coffee 0.019690 -0.503092 -0.975403 -0.009485 -0.320724 
sesame_seed -0.777928 -0.003574 -0.298045 0.211601 1.007870 
avocado 0.613005 1.043212 -0.152640 0.367257 0.777147 
sherry 0.062123 -0.140553 0.130416 0.735806 0.500573 
sake -1.058848 -0.377929 0.001039 0.370231 1.612529 
feta_cheese 1.237969 0.142298 0.293309 0.443012 0.356629 
apricot 0.017760 -0.205619 -1.263127 0.543443 -0.146747 
roasted_sesame_seed -0.966720 -0.410309 0.218575 0.255058 1.987677 
rum 0.218218 -0.375119 -1.674098 -0.067380 0.016827 
orange_peel 0.427426 -0.599412 -1.198306 0.426459 -0.112835 
squash 0.559524 0.148997 0.191177 0.641637 0.120508 
crab -0.150372 0.110287 0.410421 0.571726 0.510337 
marjoram 0.147258 -0.494878 0.596463 1.290208 -0.260752 
swiss_cheese 0.214219 -0.211869 0.454594 1.041974 -0.524758 
sweet_potato -0.312781 0.228258 -0.602005 0.351557 0.110262 
shiitake -0.807964 -1.000473 0.628299 0.465475 1.632938 
radish -0.706290 -0.219514 0.201789 0.556102 1.681462 
peach -0.053045 0.125463 -1.369072 0.151765 0.086319 
tarragon 0.537535 -0.050885 0.354437 0.926768 0.271229 
black_bean 0.403791 0.962607 0.269621 0.411199 0.928231 
lamb 0.574880 0.541510 0.061640 0.702079 0.514116 
maple_syrup -0.490228 0.105595 -0.883950 0.623754 -0.414718 
pear -0.584308 -0.464343 -0.924819 0.237434 0.642794 
fruit 0.366350 -0.675065 -1.662978 0.228339 -0.025057 
blueberry 0.414664 -0.692011 -1.634857 0.093585 -0.098304 
clam -0.026688 -0.412623 0.657051 0.583100 1.488483 
smoke 0.111992 0.076179 0.522146 1.122008 -0.159994 
tuna 0.057073 0.233482 0.413138 0.377398 0.779991 
kidney_bean 0.017902 0.654602 0.716840 0.968983 0.397980 
peanut -0.741083 0.151790 -0.852288 -0.283474 0.811746 
asparagus 0.585558 -0.340225 0.525074 0.640158 0.325682 
salmon 0.115726 0.223431 0.096646 0.411196 0.694558 
leek 0.198507 -0.454094 0.700836 1.127044 0.470306 
chickpea 0.426568 0.733412 0.231090 0.690061 0.829957 
blue_cheese 0.505516 -0.026526 -0.057796 0.804734 -0.361836 
brandy 0.521258 -0.673536 -1.104132 0.624105 -0.363683 
artichoke 1.041883 -0.402828 0.745646 0.753499 0.311630 
horseradish -0.141139 0.570869 0.073703 1.113903 -0.164245 
mango 0.346866 0.694749 -1.135799 0.083747 0.756812 
date 0.050295 -0.631665 -1.653657 0.258329 0.022924 
cardamom 0.145854 0.382764 -1.206395 0.288371 0.463662 
white_bread 0.277879 -0.378272 0.191927 0.756348 -0.546049 
oyster -0.731559 -0.476454 0.517961 0.615004 1.228953 
cottage_cheese 0.918619 -0.278943 0.289179 0.324715 -0.348729 
grape 0.365152 0.230412 -1.232103 0.690330 0.062998 
brown_rice -0.202978 0.203758 0.346615 0.735176 0.230897 
cauliflower 0.042122 0.154251 0.390352 0.658419 0.401156 
cured_pork 0.979373 -0.564587 0.854123 0.973247 0.257745 
egg_noodle 0.136358 -0.054815 0.694527 0.624656 0.012055 
beer -0.355649 0.562611 0.282195 0.953370 -0.076846 
hazelnut 0.165384 -0.756775 -0.858661 0.343687 -0.213912 
mandarin 0.244484 0.001420 -1.175478 0.109971 0.211588 
romano_cheese 1.034949 -0.616746 0.760045 0.608623 0.267721 
plum -0.157029 -0.170669 -0.958370 0.700085 0.025989 
pimento 0.520321 0.234047 0.500768 0.692035 0.122602 
smoked_sausage -0.031547 0.087288 0.728919 1.395725 0.021328 
scallop 0.519205 -0.434788 0.510139 0.663871 0.997244 
goat_cheese 1.036419 -0.171832 0.029276 0.808572 -0.120704 
lentil 0.073540 0.489684 0.409547 0.978461 0.734307 
currant 0.339286 -0.394732 -1.275985 0.616192 -0.233727 
saffron 0.824902 -0.087787 0.170393 0.683179 0.882805 
barley -0.767568 -0.446349 0.202324 0.845595 0.611075 
caraway 0.011487 0.294450 -0.264585 1.532273 -0.478317 
beet 0.012124 0.211674 -0.025526 1.257465 0.184825 
squid -0.512119 -0.585096 0.357963 0.334005 1.826920 
corn_flake -0.211785 -0.005432 -0.156717 0.093222 -0.346370 
anise -0.043778 -0.475854 -0.672707 0.461865 0.206722 
roasted_beef -0.251869 0.345658 0.598614 1.037584 0.057091 
pistachio 0.432027 -0.509580 -1.306842 0.335347 -0.168380 
peanut_oil -0.587093 0.200922 -0.082702 0.362284 1.436716 
cereal -0.442221 -0.568095 -1.187670 0.284967 -0.140682 
cashew -0.294695 0.403600 -0.636511 0.448076 0.424565 
veal 0.209889 -0.724314 0.642312 1.136473 -0.019564 
seaweed -0.912138 -0.200750 -0.158439 0.347768 1.869525 
turnip -0.266812 -0.192723 0.305604 1.552096 0.146617 
sauerkraut -0.171450 0.103296 0.244758 1.437168 -0.702358 
berry 0.517322 -0.643512 -1.591851 0.497056 -0.206187 
kelp -1.097760 -0.784040 0.049891 0.294458 1.966373 
tomato_juice -0.084163 0.446281 0.748970 1.002386 0.199787 
cod 0.023342 0.054635 0.565354 0.511962 0.866390 
provolone_cheese 0.929934 -0.630612 0.862568 0.990858 0.050332 
mussel 0.102400 -0.238038 0.505103 0.738902 1.813131 
blackberry 0.379323 -0.798025 -1.662891 0.291802 -0.083788 
roasted_peanut -0.531957 0.477895 -0.766165 -0.217433 0.982357 
rhubarb 0.168207 -0.662034 -1.392477 -0.044315 -0.194088 
chinese_cabbage -1.212812 -0.855029 0.221913 0.098956 2.147268 
corn_grit 0.372369 0.469504 0.680130 0.668901 0.317065 
chicory 0.500704 -0.217612 0.023606 0.987592 0.561418 
bourbon_whiskey -0.495907 -0.163514 -1.136029 0.523707 -0.355842 
citrus 0.124517 -0.665971 -1.571980 0.103778 0.643207 
lima_bean -0.033836 0.630114 0.564063 1.292064 0.112136 
lovage -0.353191 0.684027 0.026569 1.029418 0.233903 
melon 0.643561 -0.023635 -1.636465 0.507364 0.519093 
parsnip -0.102675 -0.248713 0.295375 1.540194 0.074326 
fig 0.646129 -0.684219 -1.174674 0.780892 -0.207399 
lemongrass 0.023593 0.459119 -0.301900 0.133994 2.036185 
whiskey -0.047242 -0.004816 -1.215837 0.486249 -0.277575 
watercress 0.313561 0.210634 -0.084648 0.892431 0.724562 
tequila 0.501957 0.726287 -0.973262 0.141636 0.614316 
rye_flour 0.226457 -0.362232 -0.598769 1.178215 -0.768191 
peppermint 0.008736 -0.347856 -0.918334 -0.132700 -0.245694 
savory 0.490382 -0.356067 0.708746 1.263289 0.312439 
lobster 0.454998 -0.255930 0.399535 0.781371 0.771450 
roasted_pork -0.213208 0.454468 0.043806 1.111120 -0.024848 
