224 5
</s> 0.080054 0.088388 -0.076605 -0.065561 0.027332 
egg 0.238120 0.141973 -0.430604 0.363617 -0.354319 
butter 0.075512 -0.015806 -0.434514 0.547110 -0.462666 
wheat 0.008534 0.062981 -0.435593 0.357626 -0.296482 
onion -0.288715 0.142965 0.669162 0.652885 0.266398 
garlic -0.078028 -0.095672 0.803854 0.555447 0.555859 
milk 0.102560 0.216549 -0.555051 0.505898 -0.572493 
vegetable_oil -0.113512 0.140997 0.104196 0.335050 0.446981 
cream 0.566579 0.283049 -0.221828 0.327509 -0.396179 
tomato 0.104819 0.526206 0.984964 0.684180 0.267644 
olive_oil 0.496780 0.024871 0.988433 0.847572 0.027775 
black_pepper -0.173959 -0.154849 0.739530 0.622701 0.428661 
pepper -0.222591 0.353123 0.586032 0.704944 0.267797 
vanilla 0.746884 -0.044152 -1.527338 0.525771 -0.197143 
cayenne 0.054765 0.251505 0.625814 0.286441 1.008850 
vinegar -0.171868 0.234957 0.453613 0.683429 0.563060 
cane_molasses -0.525712 0.474202 -0.744181 0.567844 0.107776 
bell_pepper 0.051455 0.309704 0.826288 0.596075 0.469012 
cinnamon -0.062943 -0.000331 -1.131607 0.794503 -0.098651 
parsley 0.267833 -0.263410 0.793842 0.765429 -0.340204 
chicken -0.253688 0.076513 0.473996 0.593150 0.364611 
lemon_juice 0.508095 -0.009515 -0.077917 0.363666 0.132976 
beef -0.607535 0.039818 0.693203 0.559794 0.477465 
cocoa 0.756975 0.093178 -1.456930 0.392241 -0.130417 
corn -0.206276 0.875824 0.148239 0.322019 0.330038 
bread 0.037425 0.309245 0.527863 0.603950 -0.299760 
scallion 0.135118 -0.335291 0.562097 0.241235 1.189777 
mustard -0.081390 0.396900 0.268547 0.663917 0.141803 
ginger -0.337997 -0.439361 -0.524712 0.393739 1.259470 
basil 0.493994 -0.107093 1.236251 0.695838 -0.238549 
celery -0.509567 -0.059694 0.584500 0.956104 -0.113036 
carrot -0.652684 -0.510466 0.361318 0.736661 0.435590 
potato -0.478637 -0.125562 0.620874 0.691847 -0.019290 
chicken_broth -0.285927 -0.219168 0.652356 0.897362 0.110768 
yeast 0.033333 0.462493 -0.360830 0.447480 -0.549559 
rice -0.274723 -0.599928 0.204702 0.293948 1.003010 
mushroom -0.151243 -0.382859 0.847302 0.590290 0.042020 
cheese 0.504541 0.533178 0.632309 0.381711 -0.322943 
soy_sauce -0.408256 -0.610639 0.149108 0.456882 1.585220 
cumin -0.072038 0.884554 0.367943 0.603722 0.976082 
oregano 0.209752 0.370167 1.097975 0.639728 -0.113772 
parmesan_cheese 0.454267 -0.156076 1.023162 0.564148 -0.577735 
macaroni 0.486323 -0.097767 1.082785 0.602806 -0.190056 
thyme -0.163889 -0.362660 0.782464 1.093952 -0.411444 
cheddar_cheese -0.079537 0.802736 0.568222 0.456137 -0.158173 
lard 0.194455 0.253013 -0.838495 0.361411 -0.315402 
lemon 0.824266 -0.328917 -0.141204 0.498441 -0.061043 
cream_cheese 0.683301 0.434770 -0.498705 0.297827 -0.435207 
walnut 0.440085 0.166761 -1.210746 0.628919 -0.304278 
green_bell_pepper -0.285911 0.363680 0.882967 0.600284 0.257896 
starch -0.276242 -0.574311 -0.433093 0.161943 0.333392 
nutmeg -0.234695 -0.185922 -0.903011 0.722041 -0.508026 
honey 0.006843 0.005035 -0.698495 0.446636 0.546526 
apple -0.314736 0.071974 -1.092224 0.917424 -0.151013 
almond 0.572628 0.086324 -0.917383 0.470580 -0.030234 
cilantro 0.460698 0.687707 0.564551 0.422646 1.323792 
pecan 0.371886 0.362703 -1.254613 0.610157 -0.280861 
white_wine 0.351140 -0.526258 0.871425 0.849568 -0.062552 
bacon -0.360139 0.299907 0.593134 0.897257 -0.150122 
pork -0.761422 -0.137113 0.344186 0.664625 0.631674 
raisin -0.176399 0.275053 -1.216724 0.868201 -0.001082 
bean -0.401850 0.229844 0.733891 0.590802 0.465367 
rosemary -0.051016 -0.297628 0.888351 1.024305 -0.570700 
fish 0.416572 -0.779539 0.643292 0.230868 1.113883 
cucumber 0.653367 -0.079530 0.103107 -0.010901 0.599818 
olive 0.663017 0.399414 1.043326 0.675412 0.009393 
coconut 0.304504 0.137743 -1.136102 0.160990 0.825962 
orange 0.745667 -0.182317 -0.919746 0.684341 0.051555 
tamarind -0.658128 0.769387 0.313124 0.596577 0.424968 
vegetable -0.258347 -0.742342 0.319008 0.387535 0.804577 
orange_juice 0.412699 -0.138603 -0.984714 0.472250 0.429103 
buttermilk 0.284783 0.427851 -0.567707 0.244281 -0.346358 
pineapple 0.581580 0.212994 -1.012570 0.317951 0.504789 
shrimp 0.309994 -0.580587 0.778819 0.324109 1.017589 
coriander -0.201280 0.557361 0.069615 0.822745 1.108931 
bay -0.495088 -0.313022 0.731888 1.101629 0.036695 
lime_juice 0.862962 0.576194 0.241936 0.172523 1.372815 
red_wine 0.057224 -0.028008 0.620335 0.901197 -0.111329 
gelatin 1.105959 0.016578 -1.332926 0.617531 0.002736 
pork_sausage -0.055663 0.253767 0.905680 0.890391 -0.417491 
sesame_oil -0.067083 -1.097549 0.139183 0.261087 1.853220 
chive 0.688006 -0.276091 0.238378 0.331004 -0.358573 
seed -0.137305 0.617748 -0.183044 0.860244 0.263336 
mozzarella_cheese 0.484049 0.028344 1.135858 0.615279 -0.576191 
ham -0.123857 0.216489 0.641873 0.807711 -0.213678 
oat -0.036943 0.360711 -1.499191 0.634203 0.104972 
turmeric -0.355936 0.568776 -0.027725 0.864148 1.253428 
nut -0.019087 -0.473020 -0.148248 0.441638 0.273575 
shallot 0.433244 -0.529058 0.695379 0.968986 0.208531 
lettuce 0.684182 0.393793 0.582142 0.381879 0.652147 
cider -0.727933 0.500680 -0.241431 0.788345 0.364325 
dill 0.331941 0.150361 0.696431 0.701131 -0.024436 
pea -0.336363 -0.239963 0.647427 0.683610 0.547206 
zucchini 0.017016 0.191173 0.691600 0.568114 -0.072329 
cherry 0.749236 -0.020930 -1.297354 0.604086 -0.091790 
lime 0.976609 0.401535 -0.167434 0.113364 1.133251 
yogurt 0.587076 0.489156 -0.377875 0.448977 0.445670 
strawberry 1.583900 0.035504 -1.269543 0.539124 0.007435 
soybean -0.118925 -0.863026 0.054340 0.278408 1.522171 
celery_oil -0.660522 0.901904 0.301840 0.465595 0.776806 
peanut_butter 0.017208 0.312521 -1.144515 -0.131098 0.785665 
banana 0.698112 0.212440 -1.251293 0.392685 0.027411 
meat -0.409805 0.057585 0.523129 0.818803 0.066629 
tabasco_pepper -0.273149 0.552306 0.637813 0.587722 0.494816 
milk_fat 0.404682 0.036757 -0.475153 0.517382 -0.663268 
cabbage -0.625149 -0.179674 0.405823 0.726472 0.718858 
mint 1.038726 -0.010394 0.025038 0.371809 0.489917 
fennel 0.282486 -0.145750 0.937614 1.130152 -0.434491 
sage -0.616001 -0.242685 0.391246 1.159025 -0.654472 
broccoli -0.110870 -0.074403 0.698042 0.466962 0.027831 
turkey -0.275431 0.387500 0.579761 0.878895 -0.172516 
fenugreek -0.353941 0.534627 -0.048675 0.761789 1.282368 
cranberry 0.238410 0.053097 -1.097322 0.985512 -0.118536 
wine 0.139149 -0.565146 0.277181 0.458698 0.450258 
beef_broth -0.782594 -0.544630 0.647492 0.789009 0.507131 
grape_juice 0.523304 -0.153470 0.544675 0.833463 -0.102588 
pumpkin -0.307151 -0.685112 -0.934253 0.110243 0.479941 
raspberry 1.223202 -0.009097 -1.011199 0.567282 -0.201816 
whole_grain_wheat_flour -0.046043 0.512453 -0.805844 0.607283 -0.223570 
lemon_peel 0.765713 -0.531790 -0.382596 0.578173 -0.489752 
coffee 0.525741 0.229237 -1.187694 0.262507 -0.155661 
sesame_seed -0.011439 -0.485968 -0.211541 0.118672 1.180989 
avocado 1.018068 0.813392 0.727841 0.272104 0.944774 
sherry -0.085362 -0.363872 0.285023 0.649258 0.240486 
sake -0.180213 -1.065350 -0.027175 0.286999 1.663828 
feta_cheese 1.020964 0.045812 0.915779 0.596336 -0.127277 
apricot 0.213999 0.052791 -1.147848 0.770271 -0.080185 
roasted_sesame_seed 0.170286 -1.211043 0.349069 0.171335 1.799141 
rum 0.936965 0.097450 -1.405400 0.508737 0.107613 
orange_peel 0.542248 -0.294142 -0.970342 0.816169 -0.204748 
squash -0.380549 0.161883 0.428995 0.767964 -0.168443 
crab 0.285923 -0.028498 0.683577 0.425833 0.438884 
marjoram -0.491650 -0.308224 0.561414 1.213361 -0.632493 
swiss_cheese 0.008335 0.451506 0.526080 0.891696 -0.683108 
sweet_potato -0.353258 -0.065033 -0.729791 0.543746 0.285115 
shiitake -0.114403 -1.450205 0.542478 0.524176 1.030023 
radish 0.464736 -0.868479 0.367847 0.354848 1.591480 
peach 0.628091 0.225087 -1.165017 0.557643 0.375040 
tarragon 0.497148 -0.477373 0.802686 0.775297 -0.137431 
black_bean 0.182918 0.856523 0.939578 0.421029 0.963814 
lamb -0.063713 -0.039985 0.470283 0.966177 0.095516 
maple_syrup -0.284743 0.205827 -0.926744 0.634087 -0.029551 
pear 0.428204 -0.757208 -0.815656 0.338647 0.642406 
fruit 0.912930 -0.028607 -1.346464 0.597262 0.107369 
blueberry 1.282486 -0.005595 -1.309527 0.543321 0.021204 
clam 0.324140 -1.161493 0.869659 0.467196 0.731218 
smoke -0.283753 0.365253 0.686921 1.084279 -0.059411 
tuna 0.402942 -0.158835 0.731170 0.232769 0.608716 
kidney_bean -0.489905 0.731931 0.908807 0.795956 0.485280 
peanut -0.032451 0.073714 -0.731479 -0.062502 1.225264 
asparagus 0.269631 -0.438410 0.660791 0.586583 -0.078882 
salmon 0.574260 -0.434885 0.451286 0.292711 0.406917 
leek -0.261602 -0.734458 0.638024 1.187357 -0.216805 
chickpea 0.026793 0.240958 0.808123 0.734012 0.648891 
blue_cheese 0.405452 0.246485 0.299363 0.679648 -0.416460 
brandy 0.746118 -0.340425 -0.953034 0.802651 -0.476065 
artichoke 0.738458 -0.147461 1.157495 0.710817 -0.368288 
horseradish -0.065994 0.455279 0.344835 0.677713 0.168624 
mango 0.695273 0.448806 -0.335420 0.202763 1.112581 
date 0.339623 0.020338 -1.562441 0.817471 0.027858 
cardamom 0.027303 0.138866 -0.999443 0.745010 0.405195 
white_bread -0.059667 0.087352 0.337355 0.789099 -0.580181 
oyster -0.153396 -1.001540 0.624417 0.482736 1.018066 
cottage_cheese 0.519158 0.595276 0.450536 0.335330 -0.551571 
grape 0.694652 0.091176 -0.804798 0.781996 0.209363 
brown_rice -0.713437 -0.037386 0.231049 0.702387 0.310408 
cauliflower -0.268323 0.044132 0.622083 0.771975 0.229120 
cured_pork 0.454921 -0.051489 1.142190 1.035006 -0.642020 
egg_noodle -0.284471 0.176572 0.681753 0.510478 -0.089940 
beer -0.645389 0.411434 0.354268 0.696754 0.316043 
hazelnut 0.483012 -0.307100 -0.927566 0.667265 -0.465328 
mandarin 0.908531 0.044908 -1.026605 0.398757 0.513087 
romano_cheese 0.619784 -0.275928 1.009158 0.606118 -0.569116 
plum 0.031117 -0.164717 -0.877629 0.868112 0.106995 
pimento 0.276390 0.424875 0.787145 0.596144 0.006192 
smoked_sausage -0.661587 0.263729 0.836798 1.103581 0.061065 
scallop 0.654451 -0.793578 0.971573 0.631524 0.389378 
goat_cheese 0.812946 0.001341 0.525725 0.833388 -0.540955 
lentil -0.544323 0.150419 0.692710 1.036335 0.646719 
currant 0.303873 0.219508 -1.081354 1.077563 -0.344533 
saffron 0.276203 -0.426503 0.521303 0.960674 0.287115 
barley -0.804487 -0.535750 0.077971 0.865856 0.712942 
caraway -0.516639 0.714377 0.022391 1.320711 -0.113484 
beet 0.115258 -0.147194 0.313968 1.083533 0.070962 
squid 0.370039 -1.244754 0.616416 0.186257 1.339372 
corn_flake -0.204773 0.425600 -0.406165 0.228509 -0.178761 
anise 0.404955 -0.524219 -0.604156 0.628323 -0.107054 
roasted_beef -0.501816 0.030663 0.695550 0.870419 0.125710 
pistachio 0.652628 -0.127254 -1.042384 0.631321 -0.372933 
peanut_oil -0.167771 -0.409322 0.179766 0.493968 1.428805 
cereal -0.077657 0.224220 -1.442985 0.533272 0.377685 
cashew -0.159377 0.191133 -0.461851 0.593026 0.813498 
veal -0.096793 -0.745551 0.656948 0.975570 -0.625520 
seaweed 0.392940 -1.080746 0.118569 0.166252 1.792827 
turnip -0.672208 -0.542627 0.440649 1.434070 -0.053309 
sauerkraut -0.781980 0.666235 0.260059 1.192583 -0.272898 
berry 0.976626 0.084127 -1.236793 0.919114 -0.208771 
kelp 0.301315 -1.332208 0.048518 0.183828 1.963455 
tomato_juice -0.402384 0.191375 0.910502 0.651914 0.259837 
cod 0.087983 -0.557665 0.738435 0.485786 0.638286 
provolone_cheese 0.534358 0.159657 1.061377 0.878007 -0.538281 
mussel 0.583382 -0.954542 1.106307 0.611911 0.960673 
blackberry 1.041179 -0.153272 -1.477947 0.685914 -0.132631 
roasted_peanut 0.055293 0.207194 -0.602706 -0.041779 1.278857 
rhubarb 0.422254 -0.095611 -1.339013 0.415987 -0.254670 
chinese_cabbage 0.116298 -1.528025 0.267354 0.260213 1.844223 
corn_grit 0.098752 0.376811 1.003891 0.639053 0.129939 
chicory 0.805099 -0.651410 0.603962 0.867531 0.282803 
bourbon_whiskey -0.069581 0.237495 -1.212411 0.747126 0.065142 
citrus 1.047724 -0.491904 -1.203832 0.495904 0.494672 
lima_bean -0.620049 0.401591 0.654045 1.071411 0.179199 
lovage -0.525206 -0.523056 0.377551 0.734575 0.116125 
melon 1.234699 -0.042859 -0.988185 0.810930 0.741309 
parsnip -0.624676 -0.453860 0.368309 1.422310 -0.199149 
fig 0.588876 -0.142876 -0.800397 1.069026 -0.597121 
lemongrass 0.452654 -0.211467 0.277679 0.379291 1.783617 
whiskey 0.183481 0.377194 -1.160681 0.680559 0.214919 
watercress 0.607824 -0.357866 0.381203 0.725635 0.499933 
tequila 1.048997 0.242048 -0.351022 0.186473 0.763246 
rye_flour 0.036272 0.757083 -0.667956 1.025859 -0.460318 
peppermint 0.704761 -0.024856 -0.924196 -0.028711 -0.199520 
savory -0.182788 -0.298145 0.769294 1.223479 -0.311975 
lobster 0.580524 -0.547484 0.847989 0.720661 0.228969 
roasted_pork -0.680576 0.143007 0.160709 1.042527 0.042205 
