224 5
</s> 0.080054 0.088388 -0.076605 -0.065561 0.027332 
egg 0.380389 -0.229346 -0.574564 -0.020704 -0.003360 
butter 0.607419 -0.083370 -0.541308 -0.096904 0.070934 
wheat 0.484067 -0.169637 -0.577384 -0.167132 0.158667 
onion 0.492903 0.396472 0.527674 0.496837 0.102512 
garlic 0.391681 0.332868 0.788873 0.468451 0.415322 
milk 0.578952 0.004866 -0.728674 -0.373220 0.175246 
vegetable_oil -0.007736 0.207953 0.051160 0.557211 0.138336 
cream 0.596250 -0.019995 -0.589599 -0.073557 0.051158 
tomato 0.634735 0.528743 0.743536 0.467195 0.146410 
olive_oil 0.922011 0.227558 0.705882 0.331843 0.411769 
black_pepper 0.434483 0.042085 0.679744 0.567344 0.265336 
pepper 0.494720 0.660909 0.398264 0.457472 0.241911 
vanilla 0.229896 -0.890591 -1.572107 -0.370350 0.994274 
cayenne -0.081366 0.648545 0.572360 0.653487 0.548544 
vinegar 0.150061 0.083296 0.345497 1.149885 -0.149303 
cane_molasses -0.005893 -0.100112 -0.676938 0.701761 -0.397124 
bell_pepper 0.422569 0.491771 0.726200 0.405224 0.414396 
cinnamon 0.393948 -0.023380 -1.190687 0.265524 0.309897 
parsley 0.956182 -0.119691 0.565257 0.143108 0.158603 
chicken 0.300226 0.642830 0.399818 0.244939 0.379583 
lemon_juice 0.417054 0.086735 -0.174374 0.450918 -0.015226 
beef 0.195604 0.198227 0.741660 0.681643 0.112600 
cocoa 0.130784 -0.647919 -1.449478 -0.267547 0.820925 
corn 0.143298 0.570272 0.009367 0.595029 -0.257099 
bread 0.806066 0.157580 0.306674 0.333443 -0.105993 
scallion -0.225098 0.074312 0.735263 0.537823 0.806826 
mustard 0.420266 -0.020356 0.087909 0.969440 -0.476969 
ginger -0.644079 0.000781 -0.269284 0.847785 0.752994 
basil 1.030394 0.112508 0.886549 -0.048164 0.361805 
celery 0.847092 0.198185 0.583088 0.480682 0.107106 
carrot 0.339714 0.258095 0.670908 0.507295 0.555574 
potato 0.656273 0.391957 0.683859 0.232902 0.335673 
chicken_broth 0.713888 0.382222 0.514322 0.257601 0.457883 
yeast 0.654398 -0.119693 -0.529566 -0.254339 0.015335 
rice -0.349066 0.196743 0.428110 0.409733 0.938485 
mushroom 0.703396 -0.005481 0.860156 -0.086789 0.504895 
cheese 0.823712 0.174527 0.360101 -0.219279 0.105247 
soy_sauce -0.669967 -0.232676 0.536674 1.196818 0.882243 
cumin 0.162513 1.334032 0.106274 0.405979 0.781252 
oregano 0.838100 0.369605 0.765092 0.125102 0.171940 
parmesan_cheese 1.166705 -0.123191 0.858848 -0.481260 0.388301 
macaroni 0.997319 0.033557 1.006078 -0.290144 0.540539 
thyme 1.195558 -0.035792 0.807840 0.322834 0.124749 
cheddar_cheese 0.705386 0.610113 0.397782 -0.229656 -0.016362 
lard 0.296255 -0.144461 -0.838363 -0.231828 0.143510 
lemon 0.457872 -0.114369 -0.311788 0.423893 0.029272 
cream_cheese 0.407754 -0.192678 -0.640483 -0.067855 0.015011 
walnut 0.491816 -0.459126 -1.319288 0.053878 0.299135 
green_bell_pepper 0.441950 0.480326 0.740739 0.421539 0.082879 
starch -0.340202 -0.428899 -0.234103 0.384162 0.237934 
nutmeg 0.555600 -0.275285 -0.857237 -0.075209 0.199719 
honey -0.157943 -0.090799 -0.644502 0.790519 0.137520 
apple 0.387225 0.122248 -1.072023 0.553762 -0.047896 
almond 0.353660 -0.205309 -1.067541 0.015501 0.386333 
cilantro -0.248620 1.076981 0.216230 0.745015 0.757385 
pecan 0.411530 -0.485308 -1.330010 0.026262 0.361644 
white_wine 0.836947 -0.249307 0.774842 0.466177 0.292653 
bacon 0.694683 0.191473 0.591453 0.295207 -0.046256 
pork 0.002063 0.069562 0.520673 0.967663 -0.026687 
raisin 0.375426 0.160980 -1.169307 0.144906 0.276869 
bean 0.401069 0.563319 0.582776 0.594183 0.249686 
rosemary 1.318545 -0.088613 0.745558 0.045606 0.108672 
fish -0.203392 -0.118062 0.844642 0.588788 1.035666 
cucumber -0.191637 -0.246191 0.143866 0.734560 -0.005110 
olive 0.923118 0.345270 0.706289 0.251460 0.226254 
coconut -0.534126 0.417604 -1.158741 0.007267 0.964571 
orange 0.260897 -0.306489 -0.996137 0.744349 0.206166 
tamarind 0.221782 0.308431 0.291662 1.177406 -0.513207 
vegetable -0.169890 -0.242363 0.723930 0.408381 0.832811 
orange_juice 0.047167 -0.259024 -1.028830 0.788102 0.160239 
buttermilk 0.383638 0.002645 -0.694775 -0.239508 0.018227 
pineapple 0.015621 -0.039381 -1.177682 0.674443 0.300552 
shrimp -0.012135 -0.047716 0.930679 0.577789 1.021600 
coriander 0.134811 1.260844 -0.123886 0.458314 1.108841 
bay 0.824969 0.161561 0.733478 0.755979 0.200739 
lime_juice -0.300524 0.874094 -0.137971 0.914096 0.803409 
red_wine 0.759855 -0.066432 0.387868 0.919999 -0.288926 
gelatin 0.330101 -0.587461 -1.532916 0.120447 0.569626 
pork_sausage 1.070706 0.229533 0.739304 0.125108 0.055410 
sesame_oil -0.876542 -0.580426 0.713391 0.951803 1.475172 
chive 0.619213 -0.736910 0.110671 0.197926 -0.228802 
seed 0.441210 0.550817 -0.426292 0.754031 0.042617 
mozzarella_cheese 1.140195 0.009146 0.862635 -0.530408 0.303688 
ham 0.954894 0.297521 0.345155 0.071257 0.018378 
oat 0.072776 -0.395752 -1.480456 0.162198 0.443296 
turmeric -0.048625 1.266234 -0.058856 0.471273 1.167698 
nut 0.138863 -0.227873 -0.168100 0.256056 0.430983 
shallot 0.809903 -0.061398 0.512374 0.668888 0.570890 
lettuce 0.224233 0.314754 0.294317 0.892570 0.166296 
cider 0.269683 0.361106 -0.269266 1.263891 -0.505312 
dill 0.731011 0.125302 0.485284 0.507707 -0.003430 
pea 0.391154 0.465096 0.765751 0.227450 0.804476 
zucchini 0.572664 0.450393 0.393150 -0.206206 0.314924 
cherry 0.312326 -0.729373 -1.455895 0.153741 0.595941 
lime -0.449271 0.529748 -0.532274 0.874386 0.653453 
yogurt 0.298595 0.663425 -0.791128 0.403716 0.361056 
strawberry 0.364930 -0.593290 -1.644738 0.241072 0.807710 
soybean -0.804176 -0.422747 0.526214 0.590869 1.346561 
celery_oil -0.020956 0.379166 0.267570 1.406688 -0.529031 
peanut_butter -0.869759 0.044862 -0.969109 -0.044333 0.929763 
banana 0.046909 -0.223272 -1.413068 0.129422 0.593369 
meat 0.601696 0.130483 0.490600 0.601526 0.007745 
tabasco_pepper 0.339820 0.368986 0.398997 0.947456 -0.294846 
milk_fat 0.795355 -0.304093 -0.694284 -0.372514 0.253665 
cabbage 0.062284 0.252493 0.538114 1.031681 0.266020 
mint 0.162473 0.380480 -0.305667 0.632640 0.446543 
fennel 1.316037 0.138771 0.723958 0.223377 0.459376 
sage 1.313943 -0.301509 0.433658 0.235734 -0.194493 
broccoli 0.530779 0.239178 0.705149 -0.200984 0.627975 
turkey 0.802322 0.420512 0.308441 0.415972 0.007760 
fenugreek 0.034303 1.372565 -0.137631 0.315184 1.162498 
cranberry 0.692299 -0.263406 -1.170565 0.754342 -0.167649 
wine 0.076515 -0.233626 0.281868 0.687116 0.296649 
beef_broth 0.291619 -0.097618 0.894167 0.895278 0.269852 
grape_juice 0.804087 -0.094731 0.282083 0.693279 -0.148460 
pumpkin -0.439376 -0.727705 -0.446020 -0.083542 0.716891 
raspberry 0.505812 -0.601165 -1.343773 0.230033 0.414797 
whole_grain_wheat_flour 0.378260 0.279826 -0.967752 -0.024964 0.319826 
lemon_peel 0.735695 -0.502723 -0.630902 -0.017090 0.182238 
coffee 0.054800 -0.343486 -1.171510 0.041588 0.130473 
sesame_seed -0.617333 -0.316718 0.128115 0.578968 0.862819 
avocado -0.011330 0.930229 0.180614 0.911653 0.429023 
sherry 0.479945 -0.251355 0.388851 0.682156 0.254027 
sake -0.829703 -0.922843 0.670221 1.065749 1.215901 
feta_cheese 0.827213 0.092712 0.612010 0.240572 0.130876 
apricot 0.382160 -0.042360 -1.275542 0.450666 0.352764 
roasted_sesame_seed -0.783955 -0.827087 0.970806 0.867521 1.523957 
rum 0.042629 -0.409363 -1.613272 0.345224 0.605241 
orange_peel 0.534467 -0.490325 -1.093886 0.413835 0.257762 
squash 0.779129 0.535550 0.351350 -0.013642 0.272829 
crab 0.219941 -0.218220 0.669479 0.523209 0.296517 
marjoram 1.406041 -0.008367 0.523293 0.428055 -0.138343 
swiss_cheese 1.113570 0.287993 0.382996 -0.145129 -0.012074 
sweet_potato 0.094991 0.126200 -0.565187 0.455612 0.218758 
shiitake -0.235137 -1.009346 1.265598 0.392022 1.384002 
radish -0.433298 -0.585893 0.906384 1.061411 1.204631 
peach 0.055827 -0.122891 -1.268708 0.390511 0.347702 
tarragon 0.900070 -0.186412 0.494020 0.551872 0.163600 
black_bean -0.000103 1.072489 0.659605 0.559350 0.525198 
lamb 0.729624 0.629549 0.246296 0.625756 0.283919 
maple_syrup 0.128785 -0.053177 -0.938418 0.688315 -0.187713 
pear -0.189796 -0.969406 -0.621360 0.769007 0.541372 
fruit 0.281605 -0.365363 -1.387535 0.236373 0.639879 
blueberry 0.334372 -0.609186 -1.728419 0.122697 0.720517 
clam 0.309793 -0.618516 1.227521 0.269480 1.156190 
smoke 0.872394 0.387406 0.415214 0.685396 -0.046616 
tuna 0.177755 0.007282 0.762360 0.459291 0.356203 
kidney_bean 0.419437 0.977351 0.727105 0.726146 0.211685 
peanut -0.963545 0.171261 -0.507357 0.329779 0.840492 
asparagus 0.723774 -0.119854 0.691053 0.003243 0.493977 
salmon 0.057649 -0.182173 0.374356 0.723845 0.277886 
leek 1.114661 -0.120445 0.828013 0.200228 0.750896 
chickpea 0.355298 0.846927 0.540428 0.385980 0.609109 
blue_cheese 0.979124 -0.238681 0.101588 0.573567 -0.425317 
brandy 0.591444 -0.496478 -1.010586 0.332368 0.137593 
artichoke 1.151084 -0.055491 0.772244 0.028767 0.338488 
horseradish 0.396838 0.039824 0.212691 1.121124 -0.387868 
mango -0.353961 0.726023 -0.751396 0.856565 0.655406 
date 0.348795 -0.463256 -1.531245 0.156163 0.519128 
cardamom 0.220449 0.541865 -1.101617 0.201601 0.664184 
white_bread 1.106649 -0.045472 0.098917 0.017406 -0.184516 
oyster -0.119414 -0.644795 1.143017 0.770411 1.005079 
cottage_cheese 0.920248 0.154565 0.123633 -0.507210 0.026672 
grape 0.559211 0.215381 -1.005225 0.735920 0.231335 
brown_rice 0.558959 0.500624 0.384520 0.329693 0.391588 
cauliflower 0.558860 0.484129 0.504250 -0.067950 0.730643 
cured_pork 1.591763 -0.112978 0.851540 -0.097157 0.313766 
egg_noodle 0.572518 0.373940 0.585186 0.099753 0.187302 
beer 0.305345 0.483073 0.283682 0.962743 -0.251910 
hazelnut 0.656864 -0.755970 -0.905371 0.110896 0.123170 
mandarin 0.064029 -0.164071 -1.189451 0.689951 0.392590 
romano_cheese 1.266636 -0.102026 0.917611 -0.264331 0.318165 
plum 0.404091 -0.132413 -0.879493 0.652685 0.155125 
pimento 0.779974 0.428297 0.590984 0.166108 0.104798 
smoked_sausage 0.852599 0.469811 0.745530 0.739373 0.035610 
scallop 0.570665 -0.284459 0.981944 0.410772 0.915629 
goat_cheese 1.134110 -0.118865 0.173909 0.236798 -0.094303 
lentil 0.555624 0.826280 0.546576 0.458009 0.710301 
currant 0.826637 -0.086459 -1.146555 0.327442 0.175841 
saffron 0.828222 0.437117 0.440624 0.033262 1.105222 
barley 0.147445 -0.021437 0.382222 0.536859 0.752774 
caraway 1.014440 0.829023 -0.354719 0.596814 -0.031410 
beet 0.713672 -0.118155 0.219925 1.141026 -0.066505 
squid -0.370418 -0.688951 1.168343 0.481015 1.585855 
corn_flake 0.210780 0.398681 -0.483773 -0.182057 0.066278 
anise 0.554752 -0.635630 -0.468303 0.300904 0.401624 
roasted_beef 0.453315 0.297784 0.595612 0.822390 -0.115151 
pistachio 0.475887 -0.332824 -1.226570 0.040171 0.451210 
peanut_oil -0.455939 0.262529 0.394243 0.907177 1.079013 
cereal 0.019423 -0.187938 -1.172961 0.053283 0.636119 
cashew -0.038221 0.595096 -0.472212 0.490253 0.651759 
veal 1.267033 -0.603056 0.800138 0.203200 0.048049 
seaweed -0.641164 -0.788743 0.558901 0.916429 1.684202 
turnip 1.062119 0.053570 0.438001 0.797378 0.474370 
sauerkraut 1.035282 0.562566 0.080359 0.730290 -0.390810 
berry 0.740247 -0.607369 -1.456085 0.388845 0.447134 
kelp -0.776662 -1.216804 0.763628 0.576500 2.004377 
tomato_juice 0.404745 0.403452 0.755690 0.796816 0.025730 
cod 0.211867 0.036697 0.991436 0.338503 0.739338 
provolone_cheese 1.398191 -0.128829 0.736440 0.007863 0.079521 
mussel 0.296301 -0.255370 1.201940 0.389820 1.435350 
blackberry 0.422186 -0.755222 -1.563844 0.227292 0.641687 
roasted_peanut -0.973727 0.340746 -0.396680 0.509920 0.885261 
rhubarb 0.148933 -0.724282 -1.354885 -0.024028 0.324469 
chinese_cabbage -0.824317 -1.097465 0.981919 0.679719 1.803296 
corn_grit 0.629208 0.644383 0.750340 0.177065 0.325402 
chicory 0.745692 -0.647017 0.493269 0.855810 0.257201 
bourbon_whiskey 0.009627 -0.332534 -1.181151 0.992300 -0.183567 
citrus 0.036454 -1.061025 -1.392033 0.639737 0.796736 
lima_bean 0.642602 0.583130 0.594219 1.016258 -0.113811 
lovage 0.305139 -0.335414 0.467525 1.055150 -0.170870 
melon 0.297240 0.048738 -1.269188 0.998378 0.620805 
parsnip 1.040266 0.212176 0.491676 0.667054 0.425170 
fig 1.109644 -0.442929 -1.031745 0.353322 0.142851 
lemongrass -0.659022 0.698432 0.362442 0.742140 1.695571 
whiskey 0.159425 -0.027913 -1.180892 0.804636 0.038967 
watercress 0.317912 -0.195175 0.247171 1.104260 0.329046 
tequila -0.212445 0.404782 -0.798668 1.008209 0.205227 
rye_flour 1.051877 0.335847 -0.900018 0.316408 -0.050378 
peppermint -0.167073 -0.513095 -0.965655 -0.117890 0.106368 
savory 1.152825 -0.033771 0.701753 0.351298 0.300046 
lobster 0.655166 -0.249511 0.757465 0.434112 0.607124 
roasted_pork 0.468686 0.470574 0.081861 1.041013 -0.212606 
