224 5
</s> 0.080054 0.088388 -0.076605 -0.065561 0.027332 
egg 0.267325 0.322098 -0.534239 -0.122435 -0.066343 
butter 0.470067 0.623700 -0.555147 -0.227940 -0.056525 
wheat 0.194307 0.484106 -0.701350 -0.220054 -0.011490 
onion 0.094352 0.449058 0.406584 0.737440 0.230064 
garlic 0.155090 0.091983 0.589105 0.792843 0.508679 
milk 0.427988 0.679533 -0.608398 -0.332650 -0.086518 
vegetable_oil -0.241154 0.221540 -0.129979 0.434771 0.197227 
cream 0.550573 0.378374 -0.467490 -0.127522 -0.121383 
tomato 0.237008 0.485726 0.721897 0.877981 0.092799 
olive_oil 0.827117 0.072882 0.543086 0.774400 0.397767 
black_pepper 0.325593 0.123720 0.476083 0.893185 0.265786 
pepper 0.042134 0.693117 0.430871 0.607068 0.293105 
vanilla 0.518833 0.381083 -1.746415 -0.603402 0.399078 
cayenne -0.411790 0.146870 0.387247 0.825575 0.574762 
vinegar -0.141618 -0.020050 0.152902 1.189307 -0.183154 
cane_molasses -0.375147 0.526565 -0.727126 0.458646 -0.504569 
bell_pepper 0.154242 0.215967 0.658346 0.763426 0.448867 
cinnamon 0.113952 0.654332 -1.268985 -0.056958 0.072780 
parsley 0.846552 0.125967 0.437874 0.460425 0.132326 
chicken 0.076903 0.403142 0.356503 0.452358 0.483091 
lemon_juice 0.422529 -0.174971 -0.291781 0.583540 -0.095060 
beef -0.115098 0.162484 0.646779 0.869269 0.205819 
cocoa 0.313374 0.293281 -1.527688 -0.556416 0.273497 
corn -0.406377 0.567924 0.006960 0.546125 -0.225143 
bread 0.494904 0.475172 0.332233 0.544091 -0.208764 
scallion -0.322515 -0.227846 0.286421 0.768223 0.901682 
mustard 0.055534 0.362787 -0.026812 1.013870 -0.407267 
ginger -0.640343 -0.201692 -0.578194 0.678989 0.764514 
basil 1.027828 0.252882 0.818846 0.456378 0.449669 
celery 0.454389 0.789151 0.520195 0.663197 0.151944 
carrot 0.075215 0.385595 0.493589 0.569872 0.703965 
potato 0.441199 0.732787 0.637419 0.376165 0.468366 
chicken_broth 0.413864 0.631364 0.489694 0.476515 0.754298 
yeast 0.465939 0.557999 -0.349998 -0.211976 -0.179880 
rice -0.372439 -0.128811 0.112939 0.581636 0.952031 
mushroom 0.463731 0.276696 0.761945 0.485752 0.643793 
cheese 0.578628 0.414135 0.399947 0.164174 0.014173 
soy_sauce -0.703240 -0.412515 -0.061086 1.154561 0.965192 
cumin -0.464099 0.886146 0.227876 0.688506 0.724482 
oregano 0.653087 0.308939 0.814474 0.680241 0.199835 
parmesan_cheese 1.283199 0.344539 0.808955 0.066830 0.428459 
macaroni 0.977357 0.238915 0.831810 0.259777 0.510187 
thyme 0.933175 0.469728 0.584806 0.679185 0.205648 
cheddar_cheese 0.151064 1.117216 0.513533 0.141768 -0.042507 
lard 0.159916 0.559599 -0.716683 -0.328189 -0.113751 
lemon 0.632960 -0.413712 -0.483291 0.394110 -0.067491 
cream_cheese 0.487818 0.108078 -0.630890 -0.106170 -0.251910 
walnut 0.383448 0.469762 -1.478254 -0.210682 -0.036727 
green_bell_pepper 0.095722 0.451626 0.691299 0.645103 0.194179 
starch -0.299177 -0.410824 -0.396812 0.260126 0.315690 
nutmeg 0.375073 0.663582 -0.927808 -0.276171 0.015263 
honey -0.323408 -0.119114 -0.881728 0.619008 -0.036678 
apple 0.166967 0.667458 -1.107643 0.376664 -0.412162 
almond 0.210941 0.365064 -1.165965 -0.111993 0.168056 
cilantro -0.471289 0.320809 0.163800 0.877011 0.826698 
pecan 0.276443 0.476781 -1.342794 -0.238329 -0.096217 
white_wine 0.990977 -0.285381 0.442674 0.682322 0.316238 
bacon 0.329245 0.692311 0.471494 0.600174 -0.099258 
pork -0.260746 -0.066682 0.242180 1.088793 -0.129978 
raisin -0.036302 0.830142 -1.258063 -0.040969 0.107611 
bean -0.125932 0.423088 0.530919 0.814859 0.242713 
rosemary 1.175257 0.381158 0.631111 0.591727 0.116095 
fish 0.056890 -0.650081 0.284912 0.823242 1.081098 
cucumber -0.214532 -0.472390 -0.230239 0.690122 0.122329 
olive 0.745091 0.266262 0.643203 0.794468 0.085126 
coconut -0.550984 0.339025 -1.242417 -0.326830 0.820561 
orange 0.427399 -0.241532 -1.287659 0.524770 -0.093753 
tamarind -0.325233 0.440647 0.168732 1.137000 -0.502168 
vegetable -0.128911 -0.203136 0.244288 0.473284 1.019742 
orange_juice 0.071306 -0.271182 -1.224955 0.538394 -0.102583 
buttermilk 0.108075 0.669271 -0.615196 -0.133230 -0.297894 
pineapple -0.081161 -0.039188 -1.294390 0.371298 -0.084532 
shrimp 0.026846 -0.478886 0.441459 0.840980 1.046097 
coriander -0.485983 0.925642 -0.139035 0.516243 1.115616 
bay 0.428655 0.650927 0.504299 0.883841 0.374926 
lime_juice -0.630648 -0.152900 -0.344508 0.995192 0.654181 
red_wine 0.597933 -0.069884 0.214635 1.185199 -0.283625 
gelatin 0.447587 0.008309 -1.661922 -0.049575 0.174737 
pork_sausage 0.857295 0.646809 0.773986 0.565857 0.082879 
sesame_oil -0.666262 -0.885815 -0.154729 1.112640 1.490336 
chive 0.625095 -0.146615 -0.243661 0.263250 -0.271335 
seed -0.089391 0.785635 -0.440529 0.739097 -0.101863 
mozzarella_cheese 1.120444 0.324724 0.858759 0.251250 0.163577 
ham 0.506183 0.770082 0.336286 0.439553 0.082983 
oat -0.075297 0.569746 -1.560006 -0.093373 0.018530 
turmeric -0.612448 1.042297 -0.141039 0.467975 1.256299 
nut 0.206398 -0.056734 -0.362375 0.087245 0.513637 
shallot 0.875241 -0.231660 0.123972 0.948396 0.584857 
lettuce -0.016196 -0.144410 0.158178 1.186642 -0.005510 
cider -0.304857 0.453086 -0.324511 1.267345 -0.690237 
dill 0.537076 0.285268 0.308458 0.744086 0.000055 
pea 0.078944 0.414619 0.627635 0.494697 0.953049 
zucchini 0.527531 0.532949 0.524890 0.055516 0.432140 
cherry 0.485086 0.020677 -1.565090 -0.071730 -0.087406 
lime -0.390293 -0.427786 -0.724954 0.768565 0.539928 
yogurt -0.057977 0.452815 -0.775008 0.244748 0.357104 
strawberry 0.683117 -0.174561 -1.818324 -0.046208 0.188108 
soybean -0.593650 -0.641148 -0.147164 0.760163 1.331688 
celery_oil -0.512708 0.370533 0.092484 1.373187 -0.740809 
peanut_butter -0.767744 0.193470 -1.021132 -0.386800 0.643051 
banana 0.137165 0.159852 -1.539943 -0.223081 0.275982 
meat 0.229844 0.509325 0.352860 0.744842 0.002403 
tabasco_pepper -0.190574 0.456456 0.268825 1.028107 -0.253693 
milk_fat 0.802462 0.429205 -0.645061 -0.312078 0.015923 
cabbage -0.335446 0.277112 0.338080 1.084569 0.372047 
mint 0.264788 -0.282899 -0.489082 0.631307 0.425657 
fennel 1.152762 0.347237 0.599415 0.714014 0.417987 
sage 0.955376 0.709475 0.386137 0.399214 -0.016716 
broccoli 0.253493 0.444429 0.616610 0.128658 0.767366 
turkey 0.384903 0.790304 0.375645 0.520921 0.045715 
fenugreek -0.605517 1.208858 -0.165575 0.407841 1.333928 
cranberry 0.480615 0.392961 -1.281891 0.459094 -0.443578 
wine 0.217637 -0.557304 -0.025388 0.759890 0.258098 
beef_broth 0.079278 0.021296 0.536430 0.965996 0.475844 
grape_juice 0.850928 -0.206079 0.121103 0.891718 -0.165914 
pumpkin -0.407452 -0.266089 -0.662917 -0.303581 0.714227 
raspberry 0.808339 -0.256037 -1.541157 0.026025 -0.044506 
whole_grain_wheat_flour 0.171879 0.801765 -0.852339 -0.142504 0.003562 
lemon_peel 0.992124 -0.216301 -0.734373 -0.106267 0.025091 
coffee 0.149593 0.222053 -1.117370 -0.222871 -0.213963 
sesame_seed -0.513842 -0.429367 -0.391490 0.522394 0.906618 
avocado -0.295584 -0.091375 0.136476 1.246547 -0.042975 
sherry 0.298528 -0.137265 -0.008913 0.749113 0.357193 
sake -0.536773 -0.973545 -0.156513 1.068902 1.302042 
feta_cheese 1.015425 -0.286617 0.449503 0.635827 0.107906 
apricot 0.410202 0.386641 -1.198324 0.128220 0.075347 
roasted_sesame_seed -0.484158 -1.019672 -0.058668 0.899049 1.534550 
rum 0.266259 0.048772 -1.767898 -0.009669 0.219680 
orange_peel 0.693759 0.000445 -1.313154 0.163549 -0.139165 
squash 0.407471 0.762833 0.451258 0.285760 0.487835 
crab 0.106629 -0.053599 0.281011 0.750276 0.320754 
marjoram 1.033636 0.802782 0.494089 0.543168 0.074517 
swiss_cheese 0.697644 1.030856 0.326929 0.221826 -0.108367 
sweet_potato -0.097948 0.481913 -0.573105 0.220977 0.218614 
shiitake 0.127540 -0.792822 0.380748 0.657028 1.455203 
radish -0.277097 -0.925214 0.031313 1.167145 1.221395 
peach 0.072897 0.136625 -1.390051 0.236220 -0.054139 
tarragon 0.865466 -0.132663 0.242915 0.916519 0.099475 
black_bean -0.399059 0.575874 0.673842 0.926241 0.471631 
lamb 0.514092 0.415844 0.150192 0.827615 0.301535 
maple_syrup -0.174597 0.428041 -0.930264 0.307264 -0.288878 
pear 0.098076 -0.911942 -1.034895 0.433910 0.405406 
fruit 0.457609 0.104800 -1.604798 -0.058799 0.195613 
blueberry 0.709239 -0.075168 -1.769781 -0.184040 0.064004 
clam 0.415025 -0.615158 0.576321 0.736055 1.181852 
smoke 0.456854 0.535025 0.344935 1.033299 -0.116669 
tuna 0.075403 -0.215097 0.549338 0.617837 0.484127 
kidney_bean -0.112526 0.827983 0.737663 0.940244 0.181266 
peanut -0.977669 -0.045854 -0.708088 0.072792 0.893735 
asparagus 0.734401 0.041717 0.448757 0.245836 0.549030 
salmon 0.311833 -0.330980 0.108533 0.777354 0.303351 
leek 1.151320 0.507348 0.593698 0.421190 0.788228 
chickpea 0.194900 0.462037 0.617409 0.777578 0.877739 
blue_cheese 0.851056 0.039120 -0.047498 0.680711 -0.548388 
brandy 0.749582 0.063820 -1.175490 0.161059 -0.123568 
artichoke 1.251481 0.177414 0.624544 0.382940 0.116476 
horseradish 0.129327 0.224280 -0.007768 1.105097 -0.514488 
mango -0.537839 0.068515 -0.824216 0.673917 0.384680 
date 0.305203 0.179935 -1.703492 -0.093437 0.092013 
cardamom -0.151362 0.535030 -0.933678 0.076340 0.568990 
white_bread 0.822166 0.632610 0.148625 0.267270 -0.245719 
oyster -0.070316 -0.490308 0.363158 0.902490 1.212789 
cottage_cheese 0.756650 0.472657 0.189703 0.032046 -0.370951 
grape 0.319262 0.187878 -1.236533 0.646222 -0.104383 
brown_rice 0.016613 0.789181 0.367561 0.324349 0.619425 
cauliflower 0.262762 0.818027 0.546377 0.273698 0.687196 
cured_pork 1.506720 0.437927 0.717041 0.588437 0.104312 
egg_noodle 0.376478 0.568694 0.650324 0.287804 0.191637 
beer -0.232949 0.648152 0.158909 0.841334 -0.166809 
hazelnut 0.753636 0.081325 -1.106843 -0.116248 -0.122947 
mandarin 0.067533 -0.151483 -1.174974 0.419635 -0.030264 
romano_cheese 1.210897 0.118124 0.662221 0.225223 0.325476 
plum 0.290062 0.210752 -0.995735 0.469853 -0.030398 
pimento 0.355137 0.575816 0.514874 0.529225 0.180994 
smoked_sausage 0.242856 0.807081 0.571396 1.097324 0.048182 
scallop 0.773614 -0.416215 0.453084 0.799054 0.965605 
goat_cheese 1.264528 0.002424 0.082667 0.542307 -0.224588 
lentil 0.067848 0.864400 0.515628 0.625759 0.938983 
currant 0.544049 0.558341 -1.314232 0.052244 -0.032379 
saffron 0.941687 0.187311 0.204838 0.335758 1.207137 
barley -0.090376 0.233741 0.129287 0.454086 0.890939 
caraway 0.362174 1.527153 -0.214953 0.666878 -0.061482 
beet 0.398405 0.139273 -0.197727 1.249100 -0.147925 
squid 0.109840 -1.013398 0.207996 0.748933 1.534009 
corn_flake -0.038736 0.682776 -0.330349 -0.291615 0.008221 
anise 0.568907 -0.151269 -0.817985 0.108233 0.292007 
roasted_beef 0.092222 0.366626 0.480803 1.054586 -0.204223 
pistachio 0.523503 0.147930 -1.341935 -0.064691 0.223913 
peanut_oil -0.587298 -0.300229 0.009918 0.825468 1.151277 
cereal -0.195320 0.407281 -1.149869 -0.234150 0.344742 
cashew -0.524964 0.629033 -0.477506 0.288031 0.859672 
veal 1.141031 0.153084 0.502067 0.684526 0.147700 
seaweed -0.524617 -0.873480 -0.231181 1.042173 1.557676 
turnip 0.791738 0.864037 0.211991 0.852738 0.666532 
sauerkraut 0.440753 1.107225 0.229481 0.961780 -0.509752 
berry 0.797683 0.170249 -1.647436 0.164716 -0.074389 
kelp -0.509037 -1.005700 -0.147520 0.701516 1.893547 
tomato_juice -0.008905 0.373838 0.642582 1.054268 0.014499 
cod 0.241267 -0.152923 0.449399 0.627928 0.928119 
provolone_cheese 1.186571 0.353349 0.583952 0.540632 -0.067371 
mussel 0.662100 -0.517966 0.527590 0.848409 1.550189 
blackberry 0.665038 -0.087495 -1.691447 0.120709 -0.018679 
roasted_peanut -0.964278 -0.007924 -0.661486 0.273497 0.861671 
rhubarb 0.293796 -0.148966 -1.481009 -0.229558 -0.041710 
chinese_cabbage -0.347257 -1.053316 0.066873 0.709065 1.812150 
corn_grit 0.313948 0.528928 0.748923 0.643507 0.366299 
chicory 0.912198 -0.528374 0.004658 1.225192 0.228687 
bourbon_whiskey -0.074343 0.183356 -1.204852 0.537879 -0.549350 
citrus 0.327771 -0.707413 -1.679105 0.239304 0.434778 
lima_bean 0.219981 0.904550 0.541775 1.147486 -0.091684 
lovage 0.001674 -0.106636 0.197391 1.065974 -0.083315 
melon 0.188585 -0.226621 -1.601185 0.856539 0.249392 
parsnip 0.737818 0.825596 0.354719 0.774740 0.584675 
fig 1.178836 0.148953 -1.089392 0.256151 -0.171423 
lemongrass -0.591905 -0.085171 -0.116078 0.732275 1.723518 
whiskey -0.024569 0.156508 -1.240396 0.466698 -0.280292 
watercress 0.347773 -0.381807 -0.188899 1.143711 0.179858 
tequila -0.343675 -0.391658 -0.821221 0.931747 0.116969 
rye_flour 0.567581 1.104861 -0.704244 0.445769 -0.485011 
peppermint 0.025274 -0.068520 -1.007663 -0.509248 -0.027945 
savory 1.022053 0.328283 0.604150 0.791633 0.417477 
lobster 0.723027 -0.207032 0.377762 0.765144 0.694296 
roasted_pork 0.081585 0.519399 0.087352 1.074654 -0.266186 
