224 5
</s> 0.080054 0.088388 -0.076605 -0.065561 0.027332 
egg 0.550408 -0.348231 -0.557612 0.015586 0.287846 
butter 0.656565 -0.456640 -0.368438 0.142298 -0.001512 
wheat 0.436275 -0.475646 -0.505219 0.159257 0.244331 
onion 0.454630 0.478478 0.657666 0.356287 0.239479 
garlic 0.109157 0.500717 0.887489 0.565292 0.415460 
milk 0.661237 -0.505587 -0.505996 -0.023116 0.254334 
vegetable_oil 0.093153 0.403343 -0.046971 0.327506 0.114643 
cream 0.731739 -0.203824 -0.380321 0.142286 -0.140454 
tomato 0.628274 0.569813 0.873987 0.311491 0.252334 
olive_oil 0.486277 -0.070911 0.928356 0.706998 -0.093703 
black_pepper 0.122307 0.133887 0.827921 0.519463 0.296630 
pepper 0.460123 0.548328 0.567612 0.532838 0.023110 
vanilla 0.663614 -0.813140 -1.659885 0.244609 1.240030 
cayenne -0.050597 0.978627 0.470050 0.450338 0.498630 
vinegar 0.338098 0.832527 0.376692 0.603555 0.214658 
cane_molasses 0.523503 0.365194 -0.695017 0.188828 0.039678 
bell_pepper 0.344359 0.565811 0.789646 0.486163 0.193829 
cinnamon 0.338482 -0.393215 -1.008321 0.661120 -0.000940 
parsley 0.533795 -0.375293 0.828948 0.416151 0.009130 
chicken 0.091467 0.421834 0.533112 0.603586 0.057200 
lemon_juice 0.230784 -0.230712 -0.013441 0.752392 -0.472832 
beef 0.246066 0.535256 0.820130 0.254823 0.583593 
cocoa 0.561207 -0.515441 -1.566157 0.144249 1.000131 
corn 0.545205 0.891012 0.020832 0.059926 0.123822 
bread 0.787877 0.082343 0.483533 0.214187 0.027791 
scallion -0.357117 0.575757 0.584374 0.532212 0.935699 
mustard 0.587307 0.544543 0.195255 0.546426 -0.201405 
ginger -0.817649 0.232812 -0.312301 0.988559 0.423029 
basil 0.684421 -0.075066 1.125247 0.240285 0.264309 
celery 0.429012 0.034158 0.835616 0.564718 0.098492 
carrot -0.069262 0.179838 0.818676 0.688201 0.486986 
potato 0.377209 0.127572 0.837863 0.363992 0.209314 
chicken_broth 0.243598 0.004264 0.821554 0.697350 -0.059060 
yeast 0.695946 -0.391033 -0.313916 -0.162533 0.378040 
rice -0.540827 0.381103 0.373807 0.653397 0.586375 
mushroom 0.423245 -0.025905 1.059443 0.080674 0.705512 
cheese 0.841044 0.062917 0.564936 -0.114823 0.244494 
soy_sauce -0.777370 0.661136 0.281512 0.831344 1.171273 
cumin 0.007807 0.936784 0.219876 0.885434 -0.163488 
oregano 0.682454 0.282352 1.016988 0.300036 0.134156 
parmesan_cheese 0.775758 -0.377130 1.075752 -0.042372 0.467476 
macaroni 0.733297 -0.130664 1.212504 0.091183 0.464499 
thyme 0.662903 -0.420748 1.062827 0.549793 0.094650 
cheddar_cheese 0.975032 0.653860 0.504502 -0.381613 0.562442 
lard 0.535967 -0.342934 -0.728493 -0.022481 0.362462 
lemon 0.168246 -0.476984 -0.098341 0.819599 -0.490127 
cream_cheese 0.794078 -0.121340 -0.651170 -0.031272 0.103205 
walnut 0.521130 -0.615736 -1.107144 0.399101 0.327993 
green_bell_pepper 0.593752 0.703154 0.840725 0.225438 0.331898 
starch -0.408503 -0.173772 -0.311240 0.345553 0.284665 
nutmeg 0.363401 -0.813737 -0.684751 0.431039 0.107199 
honey -0.112216 0.036533 -0.617334 0.776337 0.091786 
apple 0.431203 -0.387262 -0.670955 0.702499 -0.295952 
almond 0.243666 -0.518437 -0.821101 0.563680 0.041054 
cilantro -0.185611 0.999961 0.252994 1.047644 -0.050317 
pecan 0.627794 -0.448586 -1.208339 0.203571 0.444576 
white_wine 0.124280 -0.308495 0.890503 0.800842 -0.043851 
bacon 0.809761 0.314353 0.666233 0.029415 0.370399 
pork 0.008929 0.581824 0.511481 0.457048 0.243022 
raisin 0.305920 -0.400070 -0.975484 0.720228 0.002437 
bean 0.351047 0.752206 0.720742 0.355639 0.428638 
rosemary 0.869763 -0.545152 1.163541 0.445045 0.066177 
fish -0.680225 0.213114 0.721230 0.906866 0.580821 
cucumber -0.123308 0.430977 -0.016223 0.442121 0.159522 
olive 0.864959 0.289646 0.928053 0.444536 0.063007 
coconut -0.411348 0.270211 -1.141769 0.739797 0.105755 
orange 0.139055 -0.450370 -0.832484 1.029099 -0.330922 
tamarind 0.614583 1.169667 0.226112 0.077274 0.295365 
vegetable -0.488041 0.107426 0.612554 0.631101 0.763979 
orange_juice -0.030521 -0.277861 -0.785541 1.099777 -0.466945 
buttermilk 0.706183 -0.176992 -0.674971 -0.058991 0.165564 
pineapple 0.238830 0.192584 -1.124835 0.695129 0.096423 
shrimp -0.333510 0.411282 0.870320 0.821668 0.761765 
coriander -0.215279 0.708701 0.080720 1.305741 -0.220826 
bay 0.385615 0.023021 0.942878 0.883635 -0.030431 
lime_juice -0.297969 1.040284 -0.133932 1.174238 -0.146174 
red_wine 0.489210 0.015521 0.716033 0.829979 -0.290612 
gelatin 0.509783 -0.562612 -1.426318 0.537198 0.441944 
pork_sausage 0.937325 0.018274 1.043106 0.087045 0.449753 
sesame_oil -1.211459 0.400268 0.385593 0.878067 1.789468 
chive 0.574339 -0.203612 0.046847 0.342661 -0.273979 
seed 0.573727 0.422022 -0.266720 0.625957 -0.057172 
mozzarella_cheese 0.982647 -0.245646 1.118301 -0.299248 0.666116 
ham 0.927715 0.069804 0.626933 0.069047 0.340460 
oat 0.272387 -0.336672 -1.576321 0.298685 0.858479 
turmeric -0.300891 0.764055 0.072801 1.372019 -0.258488 
nut -0.193189 -0.431611 -0.032345 0.481418 0.369212 
shallot 0.117135 -0.374924 0.761024 1.130146 -0.100048 
lettuce 0.345559 0.753902 0.318216 0.618936 0.191051 
cider 0.507791 0.844742 -0.187757 0.751343 -0.360253 
dill 0.775273 0.195140 0.593495 0.483479 -0.009485 
pea 0.098634 0.402615 0.787597 0.581332 0.384796 
zucchini 0.426637 -0.102733 0.740775 0.319082 -0.108102 
cherry 0.342130 -0.679596 -1.295731 0.679265 0.333773 
lime -0.278023 0.656146 -0.455483 1.233859 -0.334254 
yogurt 0.190721 0.191029 -0.552158 0.957224 -0.552928 
strawberry 0.659386 -0.496771 -1.394478 0.712527 0.265950 
soybean -0.958725 0.429597 0.251031 0.693347 1.416983 
celery_oil 0.639476 1.594451 0.129884 0.086628 0.390758 
peanut_butter -0.448861 0.442329 -1.182346 0.203688 0.930048 
banana 0.268751 -0.309134 -1.342823 0.636446 0.219566 
meat 0.496344 0.220237 0.648920 0.365843 0.130065 
tabasco_pepper 0.617029 0.921952 0.391031 0.289646 0.171308 
milk_fat 0.616741 -0.811251 -0.298789 0.214707 -0.013066 
cabbage -0.049768 0.604345 0.631154 0.771798 0.445123 
mint -0.102553 0.089586 0.007112 1.122065 -0.562829 
fennel 0.743530 -0.523313 1.179329 0.646803 0.075975 
sage 0.613402 -0.652459 0.920585 0.388217 0.027068 
broccoli 0.363775 0.195772 0.756327 0.030436 0.613778 
turkey 0.661911 0.096305 0.598526 0.335250 0.009268 
fenugreek -0.233294 0.869656 -0.110105 1.279992 -0.193101 
cranberry 0.505921 -0.662595 -0.780219 0.940914 -0.225003 
wine -0.233865 -0.082042 0.401746 0.643752 0.117021 
beef_broth -0.091714 0.078649 1.030394 0.594680 0.663216 
grape_juice 0.378632 -0.267545 0.598580 0.833047 -0.390389 
pumpkin -0.790435 -0.557166 -0.515882 0.310350 0.614843 
raspberry 0.660857 -0.651789 -1.251226 0.693956 0.110039 
whole_grain_wheat_flour 0.648769 -0.158093 -0.682284 0.199480 0.272625 
lemon_peel 0.425544 -0.902025 -0.243010 0.732987 -0.419229 
coffee 0.426863 -0.104042 -1.189896 0.083964 0.309855 
sesame_seed -0.709930 0.290667 -0.142530 0.571494 0.796674 
avocado 0.312698 1.180898 0.126355 0.704307 -0.039245 
sherry -0.124843 -0.093323 0.438692 0.801822 -0.076187 
sake -1.054529 0.321550 0.286869 0.692867 1.675221 
feta_cheese 0.676355 0.002987 0.835672 0.478066 -0.298000 
apricot 0.174236 -0.532549 -0.878066 0.832335 -0.249112 
roasted_sesame_seed -1.107957 0.335179 0.483072 0.776607 1.690116 
rum 0.370285 -0.461204 -1.534556 0.756686 0.316612 
orange_peel 0.307406 -0.768302 -0.753565 0.891352 -0.191572 
squash 0.490378 -0.061234 0.609390 0.490989 -0.138084 
crab 0.259212 0.375954 0.548082 0.337554 0.520212 
marjoram 0.639450 -0.599581 1.048358 0.529499 -0.097413 
swiss_cheese 1.116906 0.034870 0.498827 -0.176435 0.471334 
sweet_potato -0.288785 -0.146760 -0.300647 0.680470 -0.210438 
shiitake -0.857185 -0.319373 0.990180 0.651942 1.505701 
radish -0.687456 0.392154 0.521505 0.936704 1.346643 
peach 0.365428 -0.114112 -1.174655 0.787775 -0.094596 
tarragon 0.431236 -0.313026 0.711307 0.777140 -0.125205 
black_bean 0.245970 1.392167 0.529578 0.463727 0.286122 
lamb 0.014005 -0.108162 0.650367 1.258541 -0.609170 
maple_syrup 0.276592 0.053585 -0.834328 0.526876 0.007022 
pear -0.511621 -0.552342 -0.490417 0.944071 0.381701 
fruit 0.414885 -0.630005 -1.223683 0.792158 0.157856 
blueberry 0.602199 -0.771597 -1.512477 0.704022 0.333117 
clam -0.418930 -0.276945 1.208667 0.611119 1.029061 
smoke 0.909970 0.361059 0.660162 0.441204 0.184449 
tuna 0.018669 0.423389 0.724552 0.293774 0.503858 
kidney_bean 0.599598 1.168666 0.819575 0.255554 0.349778 
peanut -0.737566 0.757333 -0.760109 0.517348 0.561405 
asparagus 0.297444 -0.326000 0.832840 0.350582 0.276245 
salmon -0.105382 -0.042346 0.431815 0.785375 -0.210916 
leek 0.253779 -0.625534 1.166861 0.850894 0.253309 
chickpea 0.002424 0.567373 0.600627 0.958962 -0.210835 
blue_cheese 0.864691 -0.128109 0.188113 0.424321 -0.306304 
brandy 0.402917 -0.871809 -0.718780 0.812984 -0.228141 
artichoke 0.751193 -0.523121 1.051227 0.261525 0.060081 
horseradish 0.703945 0.580333 0.245120 0.441039 0.014664 
mango -0.287963 0.719604 -0.585253 1.204790 -0.324829 
date 0.192127 -0.747202 -1.364387 0.865606 0.355091 
cardamom -0.241464 -0.041818 -0.740829 1.146142 -0.323711 
white_bread 0.735679 -0.501307 0.482485 0.189236 -0.059105 
oyster -0.695540 -0.041589 0.908430 0.576769 1.283731 
cottage_cheese 0.974623 -0.183684 0.272455 -0.315571 0.234813 
grape 0.477237 -0.201276 -0.731395 1.151518 -0.552772 
brown_rice 0.170962 0.275411 0.474243 0.621894 0.009435 
cauliflower 0.287022 0.214686 0.709094 0.339776 0.246190 
cured_pork 1.077004 -0.429721 1.225291 0.161692 0.439135 
egg_noodle 0.580047 0.265976 0.756903 -0.101293 0.570522 
beer 0.378733 0.714847 0.350847 0.443609 -0.033376 
hazelnut 0.305703 -0.918805 -0.697010 0.572905 0.133656 
mandarin 0.322778 0.018177 -1.162590 0.760885 0.084982 
romano_cheese 0.633256 -0.526497 1.044728 0.044149 0.298283 
plum 0.044529 -0.407081 -0.611626 1.041259 -0.250050 
pimento 0.684376 0.449476 0.721750 0.235536 0.072176 
smoked_sausage 0.763992 0.498517 0.927381 0.537652 0.248203 
scallop -0.094760 -0.352786 1.064306 0.980864 0.159688 
goat_cheese 0.748918 -0.552834 0.616570 0.520761 -0.228380 
lentil 0.146966 0.373541 0.818825 1.020971 -0.040785 
currant 0.516536 -0.577046 -0.775413 0.946210 -0.304543 
saffron -0.090651 -0.431432 0.795727 1.329992 -0.342593 
barley -0.383701 -0.157525 0.566750 0.727491 0.686071 
caraway 1.110590 0.207523 0.100776 0.790167 -0.196080 
beet 0.351833 0.084534 0.385338 1.078230 -0.277978 
squid -0.887056 -0.064845 0.880243 0.706581 1.429902 
corn_flake 0.254195 0.079347 -0.379484 -0.064525 0.081765 
anise 0.015022 -0.916227 -0.233640 0.640599 0.147387 
roasted_beef 0.473345 0.457869 0.748511 0.452779 0.095917 
pistachio 0.233203 -0.658811 -0.831753 0.757161 -0.083839 
peanut_oil -0.647708 0.791101 0.315712 1.021839 0.781018 
cereal 0.229903 -0.257821 -1.162230 0.259793 1.007459 
cashew -0.164954 0.424513 -0.400312 0.853096 0.162085 
veal 0.335578 -0.842204 1.119402 0.521040 0.030121 
seaweed -0.979968 0.300705 0.320617 0.988198 1.657335 
turnip 0.408518 -0.412477 0.963698 1.139058 0.031274 
sauerkraut 1.212747 0.620742 0.407661 0.296502 0.085826 
berry 0.811274 -0.816440 -1.281880 0.768535 0.234847 
kelp -1.089266 -0.099450 0.445298 0.688504 2.169113 
tomato_juice 0.389129 0.679530 0.929650 0.292381 0.280089 
cod -0.328470 0.005360 0.874244 0.788247 0.195807 
provolone_cheese 1.044391 -0.292766 1.188197 0.136887 0.466989 
mussel -0.409666 -0.221089 1.236160 1.182320 0.593528 
blackberry 0.554707 -0.905018 -1.381674 0.701997 0.352189 
roasted_peanut -0.723977 0.717581 -0.566142 0.562880 0.493120 
rhubarb 0.206393 -0.720531 -1.218491 0.464096 0.294401 
chinese_cabbage -1.268763 0.017900 0.527962 0.728655 2.112815 
corn_grit 0.564445 0.610836 0.746007 0.240219 0.235165 
chicory 0.261140 -0.388596 0.726102 1.034162 0.257603 
bourbon_whiskey 0.351722 0.037830 -1.137893 0.770622 -0.050234 
citrus -0.022051 -0.824951 -1.116174 1.072502 0.449001 
lima_bean 0.669962 0.779440 0.733766 0.563426 0.093450 
lovage 0.129985 0.250200 0.584544 0.652458 -0.140315 
melon 0.187072 0.005623 -0.988949 1.561527 -0.262309 
parsnip 0.103292 -0.465565 1.038623 1.162769 -0.088167 
fig 0.635420 -1.167993 -0.542668 0.886007 -0.130341 
lemongrass -1.046838 0.887035 0.171608 1.486650 0.484632 
whiskey 0.380705 0.021723 -1.107476 0.747513 0.154936 
watercress 0.172849 0.063979 0.394026 1.068696 -0.135651 
tequila 0.035854 0.638503 -0.574451 1.127812 -0.410108 
rye_flour 1.301308 -0.109527 -0.514199 0.351862 0.459979 
peppermint 0.226930 -0.421153 -1.037788 0.153693 0.097104 
savory 0.488012 -0.389167 1.116466 0.736369 0.128910 
lobster 0.037606 -0.330707 0.862240 0.889472 0.109862 
roasted_pork 0.275049 0.416587 0.356015 0.851143 -0.395905 
