224 5
</s> 0.080054 0.088388 -0.076605 -0.065561 0.027332 
egg -0.393005 -0.116888 -0.553547 0.311960 -0.328525 
butter -0.395766 -0.113852 -0.399387 0.440326 -0.550544 
wheat -0.416812 -0.205412 -0.523224 0.251045 -0.394171 
onion -0.138865 0.528561 0.491249 0.762669 0.154506 
garlic -0.065803 0.341399 0.664338 0.733826 0.570839 
milk -0.429629 -0.171827 -0.575822 0.356603 -0.615465 
vegetable_oil -0.125601 0.394229 -0.155723 0.341188 0.345577 
cream 0.000928 -0.086490 -0.442071 0.416167 -0.459868 
tomato 0.175580 0.610877 0.583992 0.844730 0.154453 
olive_oil 0.500447 -0.020676 0.632365 1.123184 -0.010372 
black_pepper -0.137548 0.282903 0.554760 0.712607 0.456492 
pepper 0.007031 0.647030 0.305528 0.822030 0.113757 
vanilla -0.565438 -0.950712 -1.464556 0.328306 -0.222651 
cayenne 0.083673 0.545612 0.346796 0.456676 0.849354 
vinegar -0.122630 0.720958 0.101631 0.682067 0.513810 
cane_molasses -0.677424 0.461377 -0.927387 0.078500 0.000347 
bell_pepper 0.193000 0.438263 0.552369 0.749932 0.327619 
cinnamon -0.430970 -0.211834 -1.198009 0.492145 -0.140754 
parsley -0.020274 0.047704 0.655687 0.860543 -0.250668 
chicken 0.114001 0.455938 0.325866 0.604557 0.346691 
lemon_juice 0.629649 -0.029565 -0.251252 0.592047 -0.048455 
beef -0.546531 0.550336 0.545761 0.578276 0.399807 
cocoa -0.483937 -0.794022 -1.454489 0.148556 -0.131694 
corn -0.159248 0.844581 -0.105565 0.261714 0.106591 
bread -0.075175 0.351116 0.358401 0.754622 -0.247196 
scallion -0.215013 0.125180 0.482737 0.466083 1.095145 
mustard -0.257115 0.750522 -0.124054 0.595688 -0.099790 
ginger -0.333740 0.017437 -0.477126 0.275636 1.199255 
basil 0.182946 -0.075131 0.957526 0.963925 -0.155610 
celery -0.518815 0.463260 0.432179 0.904359 -0.062440 
carrot -0.646432 0.269748 0.575659 0.736108 0.501139 
potato -0.671462 0.536734 0.614089 0.712892 -0.030378 
chicken_broth -0.134490 0.245982 0.531859 0.948517 0.079069 
yeast -0.516323 -0.163263 -0.250343 0.331372 -0.687595 
rice -0.363884 0.116839 0.242599 0.335109 0.978691 
mushroom -0.607334 0.016676 0.894465 0.626427 0.046821 
cheese 0.144355 0.210766 0.426125 0.570363 -0.478487 
soy_sauce -0.738432 0.066829 0.129958 0.390270 1.580755 
cumin 0.459947 0.953623 -0.041802 0.605333 0.742711 
oregano 0.228453 0.332092 0.791346 0.870153 -0.184548 
parmesan_cheese -0.097421 -0.192691 0.978872 0.890228 -0.562791 
macaroni 0.186555 -0.230713 1.073831 0.903840 -0.170321 
thyme -0.272698 -0.056389 0.842981 1.076814 -0.331395 
cheddar_cheese -0.462701 0.770532 0.463184 0.416113 -0.338903 
lard -0.475894 -0.121647 -0.717932 0.144028 -0.269837 
lemon 0.804808 -0.346723 -0.194530 0.705741 -0.121047 
cream_cheese 0.101217 -0.129487 -0.626482 0.250793 -0.503859 
walnut -0.322308 -0.581453 -1.206726 0.451300 -0.437301 
green_bell_pepper -0.080916 0.665627 0.610541 0.728960 0.140348 
starch -0.500899 -0.443208 -0.312074 0.028528 0.480683 
nutmeg -0.535896 -0.257687 -0.863304 0.473791 -0.529066 
honey -0.045505 0.006456 -0.880043 0.343088 0.549246 
apple -0.359957 0.167729 -1.128013 0.639758 -0.379411 
almond -0.023662 -0.459203 -0.953860 0.319417 -0.027254 
cilantro 0.795969 0.615913 -0.007232 0.681266 1.140871 
pecan -0.272874 -0.349231 -1.409668 0.398304 -0.344387 
white_wine 0.261714 -0.164820 0.668026 0.996722 0.028822 
bacon -0.570131 0.488149 0.418910 0.717192 -0.231891 
pork -0.580573 0.573836 0.267110 0.459264 0.570420 
raisin -0.379831 -0.055803 -1.253725 0.511580 -0.201437 
bean -0.183088 0.712583 0.507658 0.633811 0.450545 
rosemary -0.280717 -0.155628 0.897677 1.148238 -0.539483 
fish 0.289994 -0.291576 0.534399 0.638400 1.246676 
cucumber 0.054674 0.042833 -0.069803 0.265758 0.555950 
olive 0.533416 0.209055 0.676885 0.968959 -0.128413 
coconut 0.219663 -0.113325 -1.270029 0.053722 0.703013 
orange 0.502551 -0.675993 -0.886903 0.645623 0.023222 
tamarind -0.511461 1.171242 -0.038786 0.429259 0.241132 
vegetable -0.707376 -0.212104 0.529557 0.387865 0.840642 
orange_juice 0.456361 -0.409683 -0.998214 0.604049 0.166694 
buttermilk -0.192982 0.107839 -0.688500 0.216342 -0.489078 
pineapple 0.382817 -0.285460 -1.101155 0.377923 0.196300 
shrimp 0.032078 -0.153882 0.641077 0.602910 1.182254 
coriander 0.444403 0.775970 -0.383222 0.728120 0.972012 
bay -0.394400 0.322882 0.624529 1.063552 0.110897 
lime_juice 1.051809 0.314615 -0.224697 0.624099 1.121938 
red_wine 0.265256 0.207195 0.370352 0.957090 -0.041798 
gelatin 0.113980 -0.890908 -1.446367 0.555448 -0.216081 
pork_sausage -0.194314 0.310674 0.739926 0.925874 -0.473090 
sesame_oil -0.645696 -0.750451 0.363043 0.315057 2.171149 
chive 0.138867 -0.097844 0.014540 0.521638 -0.298978 
seed -0.095896 0.762866 -0.601237 0.642435 0.060667 
mozzarella_cheese 0.081475 -0.085837 0.962533 0.813685 -0.685499 
ham -0.434782 0.365279 0.481213 0.783172 -0.357931 
oat -0.905916 -0.281930 -1.556004 0.213838 -0.030172 
turmeric 0.353897 0.967975 -0.413710 0.820332 0.969068 
nut -0.408286 -0.522677 -0.098056 0.361374 0.249864 
shallot 0.261788 -0.142712 0.552273 1.150298 0.212470 
lettuce 0.433705 0.415706 0.144533 0.707526 0.390769 
cider -0.200715 0.931293 -0.504977 0.595782 0.123945 
dill 0.149451 0.415884 0.323664 0.867895 -0.135786 
pea -0.239942 0.347646 0.640616 0.809948 0.563450 
zucchini 0.174204 0.243679 0.502333 0.667353 -0.171803 
cherry 0.131479 -0.941280 -1.314230 0.475827 -0.075337 
lime 1.241356 -0.096421 -0.504165 0.416808 0.978474 
yogurt 0.882235 0.199455 -0.747547 0.568213 0.225269 
strawberry 0.515500 -1.156552 -1.405474 0.708055 -0.215869 
soybean -0.605173 -0.337340 0.155192 0.243659 1.661675 
celery_oil -0.411246 1.353232 -0.123623 0.353886 0.421125 
peanut_butter -0.474820 -0.069184 -1.027737 -0.346142 0.846498 
banana 0.217632 -0.483095 -1.301224 0.308353 -0.031777 
meat -0.446691 0.422070 0.364691 0.745061 0.061942 
tabasco_pepper -0.206434 0.845092 0.141858 0.654325 0.178654 
milk_fat -0.061411 -0.581174 -0.418429 0.492099 -0.641964 
cabbage -0.633297 0.678945 0.168222 0.588327 0.690668 
mint 1.090229 -0.177742 -0.253272 0.689461 0.569289 
fennel 0.137599 -0.000353 0.773782 1.329314 -0.340091 
sage -0.748411 0.110104 0.502369 0.994202 -0.627038 
broccoli -0.308033 0.390942 0.654110 0.643282 0.099769 
turkey -0.289565 0.565897 0.375695 0.841491 -0.253892 
fenugreek 0.301930 1.084085 -0.414945 0.784596 0.968447 
cranberry -0.065750 -0.299276 -1.312181 0.927295 -0.453092 
wine 0.086439 -0.355172 0.239761 0.516587 0.561970 
beef_broth -0.820058 0.199360 0.767251 0.722303 0.569394 
grape_juice 0.540250 -0.114193 0.349260 0.963841 -0.111851 
pumpkin -0.750058 -0.634027 -0.585496 -0.115124 0.602749 
raspberry 0.446351 -0.963253 -1.223231 0.593572 -0.217199 
whole_grain_wheat_flour -0.440762 0.137326 -0.880357 0.415790 -0.377922 
lemon_peel 0.330343 -0.895918 -0.391185 0.658902 -0.469770 
coffee -0.194427 -0.312730 -1.169874 0.067549 -0.179608 
sesame_seed -0.358624 -0.173834 -0.268359 0.086321 1.242877 
avocado 0.959990 0.636822 0.004497 0.711087 0.665964 
sherry 0.022909 -0.064652 0.245781 0.659016 0.292115 
sake -0.773917 -0.509124 0.279116 0.359638 1.942880 
feta_cheese 0.951444 -0.202323 0.647247 0.863394 -0.040494 
apricot 0.177601 -0.247593 -1.126501 0.578116 -0.122259 
roasted_sesame_seed -0.543741 -0.670052 0.461654 0.393122 1.995790 
rum 0.180825 -0.684740 -1.554558 0.498205 -0.091095 
orange_peel 0.229879 -0.802277 -0.978675 0.697034 -0.264392 
squash 0.062504 0.360713 0.347182 0.706449 -0.181403 
crab -0.084013 0.208177 0.459976 0.510034 0.354849 
marjoram -0.670173 0.164048 0.642264 0.990273 -0.570589 
swiss_cheese -0.667706 0.522548 0.153567 0.744722 -0.652055 
sweet_potato -0.196878 0.115901 -0.601889 0.377485 0.265922 
shiitake -0.831142 -0.901584 0.862075 0.522725 1.250080 
radish -0.305058 -0.507966 0.397303 0.696610 1.617493 
peach 0.415827 -0.389325 -1.330473 0.405772 0.135112 
tarragon 0.058093 -0.022040 0.510249 1.013162 -0.113312 
black_bean 0.387421 0.821458 0.445804 0.602894 0.753187 
lamb 0.567006 0.242677 0.181135 1.034407 0.221311 
maple_syrup -0.418666 0.226795 -0.997592 0.301264 -0.046038 
pear -0.182394 -0.989534 -0.738016 0.270347 0.678236 
fruit 0.104150 -0.784755 -1.243567 0.539138 -0.083748 
blueberry 0.370735 -1.023584 -1.373602 0.577469 -0.104595 
clam -0.152282 -0.674795 1.144817 0.809545 1.019165 
smoke -0.301412 0.679616 0.338889 1.006231 -0.111761 
tuna 0.199116 0.103210 0.541355 0.431973 0.577539 
kidney_bean -0.150862 1.100009 0.565896 0.790530 0.324279 
peanut -0.290912 0.071361 -0.808558 -0.215645 1.189458 
asparagus -0.072812 -0.234422 0.683494 0.783847 -0.053582 
salmon 0.503768 0.042182 0.310234 0.670449 0.406709 
leek -0.369905 -0.201126 0.908121 1.257844 -0.119747 
chickpea 0.596007 0.556174 0.467613 0.880143 0.506068 
blue_cheese 0.109480 0.215841 0.137638 0.925088 -0.578173 
brandy 0.077955 -0.767099 -0.949751 0.815106 -0.452396 
artichoke 0.426719 -0.018110 0.917323 1.017150 -0.268323 
horseradish -0.234027 0.772865 -0.071900 0.758243 -0.024256 
mango 1.065167 0.193029 -0.914606 0.431503 0.927750 
date -0.262964 -0.832898 -1.470355 0.523088 -0.080086 
cardamom 0.274995 0.083146 -1.121526 0.521248 0.305604 
white_bread -0.285524 0.127934 0.291394 0.755515 -0.604539 
oyster -0.782958 -0.359442 0.767228 0.602172 1.132188 
cottage_cheese 0.114233 -0.011958 0.270363 0.495289 -0.777405 
grape 0.637487 -0.162254 -1.059650 0.862744 0.075450 
brown_rice -0.420148 0.518143 0.190480 0.624096 0.174068 
cauliflower -0.235006 0.557994 0.368964 0.791433 0.080431 
cured_pork -0.145605 -0.131949 1.028458 1.228199 -0.572474 
egg_noodle -0.542639 0.380326 0.604295 0.638857 -0.172929 
beer -0.301080 0.861724 0.081925 0.563490 0.195663 
hazelnut -0.173388 -0.865715 -0.868996 0.504736 -0.487939 
mandarin 0.439191 -0.421765 -1.218042 0.595895 0.250518 
romano_cheese 0.178240 -0.264137 0.935738 0.918990 -0.498913 
plum 0.042789 -0.205828 -0.842247 0.633932 0.129380 
pimento 0.210426 0.540241 0.458910 0.660537 -0.132594 
smoked_sausage -0.599940 0.802635 0.595071 1.078871 -0.128656 
scallop 0.353557 -0.324927 0.852510 1.040541 0.493420 
goat_cheese 0.535816 -0.261771 0.341686 1.059989 -0.593682 
lentil -0.020276 0.680175 0.442359 0.983110 0.473262 
currant 0.082403 -0.455892 -1.026005 0.824645 -0.368261 
saffron 0.646205 -0.188264 0.337351 1.173827 0.358841 
barley -1.044397 -0.045143 0.247783 0.608221 0.615930 
caraway -0.623935 1.040251 -0.399578 0.937112 -0.326940 
beet 0.065485 0.416884 0.003227 1.111652 0.044465 
squid -0.299730 -0.895775 0.898121 0.584436 1.578398 
corn_flake -0.448110 0.286863 -0.479083 0.069753 -0.213440 
anise -0.156275 -0.670099 -0.541598 0.473550 -0.106791 
roasted_beef -0.507912 0.673679 0.488891 0.772731 0.166855 
pistachio 0.223000 -0.756621 -0.892450 0.533628 -0.279921 
peanut_oil -0.249391 0.153136 0.165636 0.562014 1.439161 
cereal -0.759161 -0.419918 -1.236200 0.193734 0.100869 
cashew -0.219267 0.262310 -0.617108 0.365649 0.569681 
veal -0.367826 -0.387670 0.904403 0.963865 -0.411370 
seaweed -0.314647 -0.686946 0.217046 0.476138 1.941081 
turnip -0.892719 0.252687 0.516776 1.232517 0.034453 
sauerkraut -0.786735 0.895792 0.040427 0.980935 -0.478422 
berry 0.164812 -0.815563 -1.272708 0.732930 -0.368745 
kelp -0.910932 -1.119897 0.423662 0.491473 2.018382 
tomato_juice -0.236050 0.845017 0.597879 0.688119 0.257928 
cod 0.110341 0.086596 0.767741 0.701178 0.586903 
provolone_cheese 0.059006 0.015690 0.918661 1.072574 -0.624136 
mussel 0.306267 -0.444119 1.005849 1.168185 1.147886 
blackberry 0.038456 -0.995619 -1.472329 0.527985 -0.176833 
roasted_peanut 0.035788 0.125866 -0.689053 -0.086825 1.374813 
rhubarb -0.101131 -0.776166 -1.293327 0.204162 -0.207561 
chinese_cabbage -0.838159 -1.066060 0.607979 0.423451 2.094086 
corn_grit 0.181652 0.538507 0.630444 0.669854 0.046925 
chicory 0.303814 -0.376482 0.491309 1.183049 0.332108 
bourbon_whiskey -0.546529 0.045492 -1.250072 0.377326 -0.097298 
citrus 0.132067 -1.228855 -1.247575 0.632889 0.414541 
lima_bean -0.390134 1.065349 0.330150 0.977672 0.062583 
lovage -0.111611 0.514780 0.187437 0.634736 0.256569 
melon 0.819477 -0.490913 -1.351956 0.941944 0.549875 
parsnip -0.823341 0.140883 0.439485 1.229139 -0.054676 
fig 0.239817 -0.880419 -0.810457 1.105525 -0.651292 
lemongrass 0.561547 -0.023276 0.033814 0.562237 1.948026 
whiskey 0.042166 -0.067794 -1.337704 0.522568 0.030005 
watercress 0.450870 0.105452 0.188353 1.034095 0.542351 
tequila 1.160772 0.073272 -0.736560 0.556268 0.651418 
rye_flour -0.599278 0.557245 -0.831359 0.885317 -0.593781 
peppermint 0.049864 -0.583353 -0.815557 -0.055275 -0.197640 
savory -0.261077 -0.022468 0.827867 1.223465 -0.118961 
lobster 0.322154 -0.221824 0.683972 1.020002 0.285378 
roasted_pork -0.260648 0.625417 -0.020233 0.797074 0.083246 
