224 5
</s> 0.080054 0.088388 -0.076605 -0.065561 0.027332 
egg 0.115149 -0.599779 -0.456143 0.146319 -0.287098 
butter 0.396658 -0.415284 -0.413389 0.217827 -0.458686 
wheat 0.215602 -0.509942 -0.537552 0.126430 -0.296717 
onion 0.265501 0.340596 0.474819 0.789719 -0.016685 
garlic 0.463053 0.445471 0.707213 0.625921 0.340113 
milk 0.442265 -0.439237 -0.580018 0.100242 -0.427320 
vegetable_oil -0.159851 -0.050287 -0.010467 0.519880 0.078156 
cream 0.397931 -0.380527 -0.316736 0.051914 -0.222415 
tomato 0.580618 0.652330 0.582207 0.680875 0.018556 
olive_oil 0.856800 0.256969 0.683333 0.527783 0.174058 
black_pepper 0.349797 0.190133 0.675538 0.694159 0.185169 
pepper 0.442246 0.542144 0.282680 0.671996 0.055157 
vanilla 0.396299 -1.208333 -1.253191 -0.046779 0.220505 
cayenne 0.092138 0.624267 0.371230 0.620789 0.797761 
vinegar -0.380191 0.160224 0.388126 1.158250 -0.053304 
cane_molasses -0.505822 -0.192585 -0.591453 0.793658 -0.367658 
bell_pepper 0.576970 0.505728 0.541346 0.524557 0.331601 
cinnamon 0.151871 -0.522364 -1.164295 0.564053 -0.043790 
parsley 0.606405 -0.293251 0.833301 0.341800 -0.201002 
chicken 0.413027 0.494554 0.269256 0.462138 0.276589 
lemon_juice 0.188566 -0.306246 -0.025088 0.534002 0.014149 
beef -0.079683 0.297787 0.696757 0.738447 0.092321 
cocoa 0.301624 -1.047481 -1.242181 -0.163942 0.240408 
corn -0.145528 0.537283 -0.054160 0.707842 -0.094453 
bread 0.449554 -0.087544 0.428261 0.435201 -0.469296 
scallion 0.022714 0.000281 0.666939 0.345809 0.973957 
mustard -0.278210 -0.162405 0.282256 1.100928 -0.457997 
ginger -0.586735 -0.175722 -0.289610 0.682600 1.053721 
basil 1.215292 0.150888 0.972265 0.152387 0.095419 
celery 0.392520 0.176040 0.680443 0.888650 -0.100210 
carrot 0.109403 0.084203 0.659987 0.715813 0.405081 
potato 0.479096 0.220653 0.742180 0.430313 -0.063916 
chicken_broth 0.716797 0.313938 0.544789 0.661620 0.191380 
yeast 0.475157 -0.250812 -0.368896 0.121134 -0.400188 
rice -0.161115 0.040528 0.446338 0.402214 0.931145 
mushroom 0.594788 0.135239 0.914508 0.292859 0.196623 
cheese 0.887702 0.327124 0.333280 0.042336 -0.228108 
soy_sauce -0.705898 -0.115246 0.512034 0.885929 1.371988 
cumin 0.562976 1.138649 -0.291475 0.667088 0.748797 
oregano 0.920566 0.518609 0.718371 0.429226 0.013421 
parmesan_cheese 1.320364 -0.010243 0.906421 -0.110474 -0.135028 
macaroni 1.188766 0.168501 0.989620 -0.056845 0.164729 
thyme 0.925630 0.013088 0.888606 0.633812 -0.296248 
cheddar_cheese 0.648766 0.519361 0.319328 0.236235 -0.421370 
lard 0.164006 -0.480480 -0.835396 0.188448 -0.245139 
lemon 0.460548 -0.435326 -0.226560 0.279100 -0.025663 
cream_cheese 0.351183 -0.506397 -0.504749 0.067330 -0.283216 
walnut 0.331321 -0.800911 -1.166964 0.279538 -0.122128 
green_bell_pepper 0.344476 0.702758 0.579308 0.710890 -0.038644 
starch -0.539545 -0.538966 -0.127998 0.303773 0.409188 
nutmeg 0.287537 -0.565012 -0.754003 0.390497 -0.296910 
honey -0.382179 -0.380706 -0.600626 0.829285 0.262665 
apple -0.003438 -0.427990 -0.909028 0.771758 -0.245705 
almond 0.307414 -0.618975 -0.974371 0.205465 0.118511 
cilantro 0.360989 0.916731 -0.078678 0.715091 1.067734 
pecan 0.342967 -0.709832 -1.202010 0.241186 -0.082225 
white_wine 0.628703 -0.237718 0.906859 0.426808 0.217101 
bacon 0.326098 0.194628 0.635708 0.680780 -0.319449 
pork -0.436165 0.226681 0.435300 0.892796 0.166613 
raisin 0.201045 -0.386983 -1.220102 0.531098 0.062725 
bean 0.239373 0.593034 0.624584 0.722693 0.276435 
rosemary 1.079435 -0.006568 0.838793 0.555172 -0.439340 
fish 0.207740 -0.159009 0.921786 0.280456 1.285909 
cucumber -0.415033 -0.543231 0.407141 0.380663 0.174870 
olive 0.764960 0.301257 0.640667 0.529285 0.002544 
coconut 0.070310 -0.163016 -1.334698 0.003094 0.847369 
orange 0.244145 -0.762531 -0.845434 0.480957 0.113855 
tamarind -0.277785 0.371499 0.319526 1.166141 -0.469374 
vegetable -0.049853 -0.131444 0.650151 0.387304 0.999499 
orange_juice 0.168576 -0.533137 -0.956175 0.652319 0.177354 
buttermilk 0.331028 -0.170889 -0.665224 0.074955 -0.330676 
pineapple -0.067043 -0.537193 -1.019628 0.535477 0.296001 
shrimp 0.175243 -0.042525 0.946871 0.389959 1.031170 
coriander 0.554414 0.960009 -0.459284 0.720941 1.017640 
bay 0.425088 0.090527 0.810455 1.051759 -0.057458 
lime_juice 0.123852 0.611195 -0.351938 0.656876 1.160645 
red_wine 0.136607 -0.061484 0.613100 1.033689 -0.336021 
gelatin 0.447081 -1.189313 -1.176556 0.350871 0.191823 
pork_sausage 1.053157 0.376151 0.586548 0.459723 -0.300667 
sesame_oil -0.641920 -0.486172 0.645400 0.619054 1.734107 
chive -0.039652 -1.008744 0.434083 0.354145 -0.397931 
seed 0.140890 0.244984 -0.444862 1.066095 -0.186180 
mozzarella_cheese 1.301139 0.094035 0.791610 -0.143145 -0.246176 
ham 0.624191 0.050633 0.487400 0.549480 -0.449255 
oat 0.023129 -0.682937 -1.421185 0.240710 0.099718 
turmeric 0.377685 0.903069 -0.325709 0.817983 1.103462 
nut 0.099293 -0.620243 -0.020441 0.180157 0.460737 
shallot 0.538323 -0.270590 0.657905 0.661284 0.330501 
lettuce 0.132040 0.078502 0.392484 0.859100 0.237883 
cider -0.526587 0.256689 -0.198080 1.396804 -0.336498 
dill 0.307735 -0.145122 0.715126 0.678002 -0.271162 
pea 0.430974 0.325543 0.712610 0.518616 0.642924 
zucchini 0.699668 0.357604 0.323858 0.236297 -0.031303 
cherry 0.274397 -1.128930 -1.146067 0.255398 0.088054 
lime 0.139979 0.267186 -0.685104 0.365127 0.998881 
yogurt 0.398235 0.076728 -0.858415 0.446529 0.429632 
strawberry 0.674559 -1.266372 -1.289034 0.225650 0.363299 
soybean -0.360535 -0.308340 0.408963 0.374829 1.633708 
celery_oil -0.653060 0.734313 0.168475 1.357492 -0.161133 
peanut_butter -0.448128 -0.136353 -0.956556 -0.083089 0.947862 
banana 0.362804 -0.749056 -1.248692 0.108178 0.318125 
meat 0.147020 0.299769 0.497307 0.890963 -0.130645 
tabasco_pepper -0.126694 0.365547 0.387595 0.965659 -0.186219 
milk_fat 0.731680 -0.693141 -0.468670 -0.062023 -0.216492 
cabbage -0.227536 0.230509 0.546119 1.052121 0.482140 
mint 0.657711 -0.046955 -0.222089 0.377155 0.639243 
fennel 1.287964 0.118107 0.729111 0.583087 -0.192461 
sage 0.693334 -0.177989 0.526135 0.818625 -0.691900 
broccoli 0.513172 0.226698 0.639595 0.042140 0.309286 
turkey 0.576038 0.438405 0.348037 0.759692 -0.292205 
fenugreek 0.292378 0.922557 -0.483407 0.775043 0.987490 
cranberry 0.281800 -0.790070 -0.970149 0.928441 -0.281934 
wine -0.076663 -0.333083 0.448397 0.551968 0.431605 
beef_broth -0.034039 0.007127 0.923909 0.869315 0.329504 
grape_juice 0.605876 -0.148524 0.461538 0.638703 -0.200515 
pumpkin -0.248463 -0.567470 -0.509939 -0.184805 0.896328 
raspberry 0.582883 -1.205176 -1.061748 0.290758 -0.018067 
whole_grain_wheat_flour 0.347548 -0.200102 -0.896377 0.260559 -0.122719 
lemon_peel 0.812454 -0.968368 -0.226866 0.088819 -0.159851 
coffee 0.075563 -0.691210 -0.912731 0.099126 -0.135030 
sesame_seed -0.370555 -0.388221 0.073924 0.346383 1.083119 
avocado 0.270147 0.722952 0.067780 0.692911 0.709694 
sherry 0.122006 -0.227129 0.513820 0.628278 0.264215 
sake -0.729822 -0.582605 0.682920 0.631741 1.714038 
feta_cheese 0.861808 0.009616 0.659183 0.254330 0.079193 
apricot 0.209118 -0.582414 -1.091012 0.629473 0.086828 
roasted_sesame_seed -0.448386 -0.447310 0.809969 0.473148 1.809217 
rum 0.183531 -0.939626 -1.440107 0.258374 0.284017 
orange_peel 0.450476 -1.029343 -0.877970 0.435852 -0.052420 
squash 0.900660 0.463535 0.194952 0.329634 0.043586 
crab 0.010368 -0.138770 0.648264 0.404084 0.259747 
marjoram 0.766292 0.002118 0.624435 0.795409 -0.582005 
swiss_cheese 0.773603 -0.007961 0.447785 0.470493 -0.574595 
sweet_potato -0.053059 -0.065972 -0.491535 0.445135 0.215314 
shiitake 0.014843 -0.708877 1.116210 0.278635 1.253584 
radish -0.255704 -0.504377 0.850229 0.658293 1.408710 
peach 0.196491 -0.631656 -1.156607 0.380671 0.233931 
tarragon 0.463798 -0.615369 0.757038 0.603112 -0.026993 
black_bean 0.308481 1.091094 0.291340 0.642490 0.674821 
lamb 0.710006 0.305722 0.179479 0.792179 0.099963 
maple_syrup -0.179199 -0.238884 -0.724733 0.681830 -0.269742 
pear -0.335810 -0.972233 -0.376107 0.452299 0.608075 
fruit 0.371810 -1.063110 -1.215456 0.318225 0.170605 
blueberry 0.581650 -1.178703 -1.258468 0.040467 0.292170 
clam 0.378512 -0.381875 1.227459 0.235862 1.033377 
smoke 0.521654 0.143831 0.540645 0.951153 -0.246798 
tuna 0.191662 -0.024056 0.834154 0.280342 0.566989 
kidney_bean 0.472471 0.926940 0.629666 0.953262 0.073151 
peanut -0.608765 -0.003583 -0.631658 0.176469 1.053467 
asparagus 0.631703 -0.228458 0.858414 0.259821 0.122693 
salmon 0.108086 -0.166356 0.534860 0.523239 0.440196 
leek 0.832592 -0.399288 0.971065 0.639394 -0.048998 
chickpea 0.670688 0.722160 0.446829 0.660356 0.530790 
blue_cheese 0.435110 -0.357441 0.416342 0.660312 -0.692049 
brandy 0.356978 -1.095138 -0.708386 0.385770 -0.163824 
artichoke 1.115852 -0.155305 0.937092 0.183803 -0.109793 
horseradish -0.173020 -0.117100 0.369170 1.093422 -0.336226 
mango 0.062154 0.255512 -0.896265 0.541605 1.030035 
date 0.202038 -0.910252 -1.305419 0.315031 0.244279 
cardamom 0.476839 -0.056651 -1.086961 0.483866 0.492702 
white_bread 0.616477 -0.131637 0.266942 0.404178 -0.573029 
oyster -0.080348 -0.391357 1.081035 0.430954 1.100601 
cottage_cheese 0.950219 0.014459 0.178385 -0.103309 -0.558325 
grape 0.369623 -0.490689 -0.979413 0.835666 0.060326 
brown_rice 0.307099 0.343958 0.287093 0.616713 0.175369 
cauliflower 0.643568 0.463545 0.435783 0.384114 0.260149 
cured_pork 1.457523 -0.085647 0.898846 0.290432 -0.266499 
egg_noodle 0.544207 0.323983 0.575791 0.269850 -0.028764 
beer -0.018724 0.512894 0.096508 0.911799 -0.200994 
hazelnut 0.509878 -1.055202 -0.620398 0.125765 -0.173915 
mandarin 0.060946 -0.724314 -0.943517 0.539158 0.400320 
romano_cheese 1.186372 -0.019423 0.805389 0.040159 -0.087892 
plum 0.134160 -0.498477 -0.706386 0.748039 0.031948 
pimento 0.630708 0.278802 0.533502 0.475786 -0.189061 
smoked_sausage 0.419911 0.482486 0.680046 1.071107 -0.265928 
scallop 0.622364 -0.350488 1.008262 0.243402 0.647763 
goat_cheese 1.067424 -0.346096 0.478606 0.472438 -0.385658 
lentil 0.742225 0.638682 0.445176 0.800648 0.519182 
currant 0.623095 -0.504973 -1.009054 0.593903 -0.128892 
saffron 1.168382 -0.005401 0.269455 0.506842 0.599332 
barley -0.074775 -0.130546 0.316267 0.623428 0.703861 
caraway 0.521940 0.443543 -0.315448 1.372838 -0.434279 
beet 0.122550 -0.359094 0.357706 1.196876 -0.097394 
squid 0.057837 -0.556440 1.158937 0.237533 1.703583 
corn_flake 0.022184 0.035540 -0.486347 0.116150 -0.205718 
anise 0.200301 -0.936255 -0.269123 0.307152 0.138058 
roasted_beef 0.113879 0.332867 0.605805 0.982456 -0.224333 
pistachio 0.478329 -0.842834 -0.928658 0.262368 0.000361 
peanut_oil -0.335581 0.091576 0.365056 0.631082 1.325284 
cereal 0.019448 -0.431233 -1.213422 0.292794 0.422892 
cashew -0.048251 0.091370 -0.585335 0.729338 0.786899 
veal 0.779760 -0.400422 0.920316 0.603474 -0.383536 
seaweed -0.255949 -0.728849 0.728112 0.506864 1.916391 
turnip 0.572316 -0.164907 0.633385 1.275607 0.042095 
sauerkraut 0.323141 0.373014 0.075737 1.189767 -0.643928 
berry 0.719148 -1.090981 -1.138203 0.454216 -0.079333 
kelp -0.262655 -0.879635 0.784634 0.348863 2.044267 
tomato_juice 0.047535 0.557856 0.788503 0.950209 -0.131449 
cod 0.241254 -0.036181 0.835292 0.382481 0.719387 
provolone_cheese 1.092425 -0.036645 0.771556 0.499498 -0.400120 
mussel 0.675139 -0.205513 1.187609 0.352053 1.232143 
blackberry 0.587799 -1.235263 -1.262249 0.257858 0.093858 
roasted_peanut -0.530196 0.198367 -0.567874 0.284961 1.231475 
rhubarb 0.101062 -0.963199 -1.134900 0.009190 0.033020 
chinese_cabbage -0.343861 -0.602327 0.890854 0.386079 2.113551 
corn_grit 0.638121 0.609259 0.654358 0.425233 0.075733 
chicory 0.399422 -0.741717 0.807691 0.726621 0.249986 
bourbon_whiskey -0.395318 -0.646552 -0.890546 0.919880 -0.245786 
citrus 0.166062 -1.401434 -0.961488 0.410237 0.688251 
lima_bean 0.220862 0.552035 0.506221 1.154133 -0.261865 
lovage -0.301167 -0.291937 0.689116 0.983360 -0.098020 
melon 0.421514 -0.758710 -1.132307 0.865016 0.725495 
parsnip 0.623731 -0.071561 0.725390 1.111114 -0.011792 
fig 0.904835 -0.992341 -0.719826 0.520245 -0.286893 
lemongrass 0.343211 0.254365 0.040298 0.450380 1.853356 
whiskey -0.189082 -0.292050 -1.133488 0.833066 -0.050021 
watercress 0.151359 -0.393086 0.447328 0.867996 0.389278 
tequila 0.071857 0.105674 -0.838300 0.735662 0.701176 
rye_flour 0.767581 -0.161204 -0.864853 0.923491 -0.635233 
peppermint -0.098694 -0.818491 -0.713011 -0.140120 0.036490 
savory 0.986318 -0.050296 0.877536 0.750494 -0.080413 
lobster 0.629005 -0.392921 0.935290 0.500421 0.411139 
roasted_pork 0.014567 0.390266 0.071477 1.086948 -0.064150 
