224 5
</s> 0.080054 0.088388 -0.076605 -0.065561 0.027332 
egg 0.316382 0.076604 -0.429865 0.329102 -0.235902 
butter 0.354966 0.027861 -0.331053 0.574112 -0.502089 
wheat 0.252199 -0.065782 -0.499646 0.421625 -0.300706 
onion -0.235717 0.458248 0.573076 0.666805 0.273744 
garlic -0.060341 0.180254 0.784552 0.531144 0.571950 
milk 0.464598 0.160889 -0.549116 0.457313 -0.494384 
vegetable_oil -0.147754 0.263977 -0.075792 0.333448 0.441623 
cream 0.657105 0.189777 -0.343785 0.271069 -0.281867 
tomato -0.027264 0.621708 0.869208 0.558537 0.380134 
olive_oil 0.615491 0.315981 1.042507 0.604529 0.265992 
black_pepper -0.072459 -0.002269 0.787535 0.568335 0.416881 
pepper -0.168804 0.526014 0.558872 0.619203 0.347996 
vanilla 0.890755 -0.425004 -1.406966 0.509537 -0.170481 
cayenne -0.186846 0.450392 0.438048 0.199609 0.940816 
vinegar -0.442283 0.303129 0.339003 0.665040 0.503534 
cane_molasses -0.511987 0.249618 -0.768965 0.610154 -0.087150 
bell_pepper -0.006499 0.359641 0.790715 0.518685 0.548596 
cinnamon 0.035607 -0.158066 -1.153412 0.941317 -0.110198 
parsley 0.408154 -0.035141 0.826322 0.616241 -0.107499 
chicken -0.156973 0.436086 0.411677 0.495959 0.491411 
lemon_juice 0.580779 0.185659 0.003059 0.404829 0.061288 
beef -0.574672 0.042639 0.656821 0.554606 0.360908 
cocoa 0.739299 -0.244898 -1.372597 0.240606 0.028783 
corn -0.358512 0.688381 0.044342 0.398090 0.213795 
bread 0.178745 0.400200 0.543762 0.649332 -0.195741 
scallion -0.015657 -0.212302 0.564590 0.223691 1.133742 
mustard -0.217331 0.363958 0.203354 0.682944 0.084945 
ginger -0.510495 -0.476238 -0.602101 0.414021 1.077502 
basil 0.551270 0.150905 1.245863 0.481346 0.073388 
celery -0.304881 0.067118 0.698368 1.007358 0.026691 
carrot -0.510890 -0.265016 0.615803 0.860504 0.399813 
potato -0.174452 0.224069 0.734752 0.702742 -0.084699 
chicken_broth -0.114101 0.046209 0.753183 0.770617 0.285647 
yeast 0.313413 0.168367 -0.320252 0.413582 -0.532662 
rice -0.368326 -0.284426 0.207971 0.296274 1.027438 
mushroom -0.042903 -0.073688 0.958282 0.524712 0.184684 
cheese 0.636770 0.638867 0.630149 0.143088 -0.087565 
soy_sauce -0.648071 -0.608146 0.102859 0.379316 1.444233 
cumin -0.175512 0.995556 0.125938 0.467297 1.035566 
oregano 0.162978 0.485946 1.024929 0.555985 0.135764 
parmesan_cheese 0.631956 0.185127 1.020204 0.443027 -0.261308 
macaroni 0.638120 0.206443 1.268666 0.379212 0.204941 
thyme -0.010579 -0.206071 0.967377 1.080979 -0.254429 
cheddar_cheese 0.032738 0.781980 0.474045 0.273395 -0.159861 
lard 0.207903 0.017226 -0.851437 0.358551 -0.220224 
lemon 0.854500 -0.054269 -0.003410 0.410387 0.081394 
cream_cheese 0.735209 0.305340 -0.506072 0.158633 -0.322630 
walnut 0.663207 -0.116650 -1.067865 0.658207 -0.291481 
green_bell_pepper -0.263082 0.513140 0.841260 0.540492 0.317082 
starch -0.331719 -0.646245 -0.400037 0.206504 0.316169 
nutmeg 0.116959 -0.400457 -0.719150 0.825448 -0.495413 
honey -0.015323 -0.055934 -0.724877 0.499792 0.536785 
apple -0.003760 0.117442 -0.992480 1.005752 -0.189326 
almond 0.558177 -0.045589 -0.915627 0.417070 0.031884 
cilantro 0.144952 0.828373 0.361662 0.208951 1.412156 
pecan 0.559406 0.004964 -1.219016 0.433726 -0.143635 
white_wine 0.517112 -0.289528 1.009637 0.699298 0.183888 
bacon -0.258653 0.368467 0.580122 0.780301 -0.153166 
pork -0.906115 -0.148893 0.345213 0.775999 0.494213 
raisin 0.054211 0.071975 -1.181280 0.847753 -0.093990 
bean -0.326320 0.395483 0.676845 0.563737 0.449150 
rosemary 0.285602 -0.126872 1.079445 0.936066 -0.359358 
fish 0.347508 -0.354632 0.751043 0.153930 1.310352 
cucumber 0.493098 0.021189 0.091344 -0.170548 0.731127 
olive 0.679873 0.636004 0.977171 0.463256 0.203993 
coconut 0.273848 0.177557 -1.220785 0.090418 0.774262 
orange 0.748581 -0.300934 -0.850449 0.658881 0.159297 
tamarind -0.917809 0.551694 0.211600 0.741026 0.205821 
vegetable -0.293169 -0.530050 0.391927 0.329301 0.731126 
orange_juice 0.604200 -0.126934 -0.905187 0.528583 0.339453 
buttermilk 0.412281 0.464609 -0.567624 0.303768 -0.362649 
pineapple 0.420231 0.105118 -1.093373 0.444309 0.407874 
shrimp 0.223376 -0.439764 0.849734 0.241087 1.161828 
coriander -0.165358 0.833913 -0.138106 0.573648 1.224001 
bay -0.408613 -0.249810 0.840169 1.069913 0.068236 
lime_juice 0.537942 0.572747 -0.101921 -0.057513 1.497723 
red_wine 0.024261 0.128347 0.678252 0.904030 -0.030357 
gelatin 1.030003 -0.119825 -1.222712 0.509631 0.161709 
pork_sausage -0.032992 0.299179 0.901209 0.883202 -0.212499 
sesame_oil -0.264117 -1.249332 0.247199 0.154582 1.858553 
chive 0.824205 -0.129276 0.248492 0.251598 -0.183498 
seed -0.009577 0.669760 -0.280084 0.888572 0.196650 
mozzarella_cheese 0.675041 0.252780 1.160396 0.519938 -0.272483 
ham 0.147803 0.452533 0.638436 0.691256 -0.145962 
oat 0.043641 -0.161578 -1.544321 0.621504 0.040844 
turmeric -0.333817 0.859158 -0.281613 0.629474 1.223370 
nut 0.037433 -0.465054 -0.212237 0.344123 0.285003 
shallot 0.486786 -0.209020 0.734736 0.827624 0.498989 
lettuce 0.426197 0.582317 0.347007 0.272892 0.823555 
cider -0.729300 0.343636 -0.142105 0.985595 0.191652 
dill 0.344808 0.359774 0.711072 0.629144 0.128354 
pea -0.119587 0.085200 0.840549 0.617498 0.602861 
zucchini 0.104674 0.367871 0.670248 0.490493 -0.118114 
cherry 0.859656 -0.414145 -1.326601 0.535671 0.024761 
lime 0.795046 0.493345 -0.343941 -0.137987 1.309051 
yogurt 0.606316 0.659775 -0.658939 0.314046 0.536686 
strawberry 1.382225 -0.273021 -1.233131 0.492996 0.163595 
soybean -0.345392 -0.854344 -0.042388 0.158639 1.599584 
celery_oil -1.108204 0.855692 0.082685 0.693807 0.471372 
peanut_butter 0.007024 0.020328 -1.255925 -0.202123 0.748999 
banana 0.772908 0.036416 -1.307438 0.312414 0.301956 
meat -0.311294 0.195863 0.514166 0.827722 0.175742 
tabasco_pepper -0.384984 0.557624 0.428453 0.537292 0.362529 
milk_fat 0.755222 -0.034865 -0.331178 0.432685 -0.467370 
cabbage -0.624171 0.079089 0.374552 0.695787 0.768693 
mint 0.963132 0.224638 0.038671 0.156836 0.779623 
fennel 0.434896 0.111032 1.040778 1.013554 -0.082551 
sage -0.294684 -0.219013 0.614464 1.312296 -0.668087 
broccoli 0.015315 0.324164 0.741877 0.334866 0.340077 
turkey -0.135332 0.375483 0.519590 0.865874 -0.153902 
fenugreek -0.330330 0.944237 -0.186949 0.623945 1.286326 
cranberry 0.521491 -0.078504 -0.979822 1.125859 -0.246268 
wine 0.039403 -0.492586 0.366471 0.311577 0.457520 
beef_broth -0.601414 -0.453045 0.748264 0.813637 0.444306 
grape_juice 0.449901 -0.003675 0.601909 0.724547 -0.005637 
pumpkin -0.242872 -0.924957 -0.712626 0.034654 0.320850 
raspberry 1.244182 -0.205053 -1.050877 0.598591 -0.094132 
whole_grain_wheat_flour 0.186062 0.360973 -0.777726 0.571336 -0.228219 
lemon_peel 1.007670 -0.377189 -0.174517 0.435723 -0.227656 
coffee 0.477981 0.017785 -1.014612 0.230432 -0.119781 
sesame_seed -0.193995 -0.403727 -0.305951 0.032517 1.134147 
avocado 0.395986 0.924958 0.284079 0.008134 1.134508 
sherry 0.025626 -0.287584 0.395958 0.623501 0.314667 
sake -0.331386 -1.207556 0.193058 0.313099 1.661260 
feta_cheese 0.978790 0.218108 0.954901 0.321202 0.242488 
apricot 0.360876 -0.138283 -1.038361 0.777143 0.006228 
roasted_sesame_seed -0.105419 -1.219216 0.357300 0.044709 1.868172 
rum 1.020361 -0.126374 -1.437141 0.495411 0.212048 
orange_peel 0.856240 -0.476869 -0.891499 0.771456 -0.128893 
squash 0.056890 0.569265 0.561387 0.737519 -0.027927 
crab 0.153341 -0.005987 0.680505 0.416885 0.483120 
marjoram -0.222855 -0.037992 0.747787 1.239297 -0.585907 
swiss_cheese 0.192428 0.612019 0.572903 0.804715 -0.486681 
sweet_potato -0.385774 -0.091165 -0.561469 0.586918 0.269331 
shiitake -0.159991 -1.425077 0.786170 0.473793 1.093720 
radish 0.053668 -0.844684 0.486200 0.302095 1.754025 
peach 0.653168 0.041749 -1.166583 0.421817 0.252021 
tarragon 0.539100 -0.287730 0.862958 0.748598 0.040246 
black_bean -0.152986 0.906654 0.689053 0.219634 1.167668 
lamb 0.085758 0.183664 0.514409 0.906425 0.177504 
maple_syrup -0.420375 0.106193 -0.865532 0.766419 -0.121456 
pear 0.424151 -0.949452 -0.636347 0.373503 0.635051 
fruit 0.771355 -0.332777 -1.300222 0.579892 0.111045 
blueberry 1.279882 -0.189115 -1.288502 0.446906 0.105850 
clam 0.259669 -0.870677 1.113307 0.282191 0.953681 
smoke -0.133509 0.431073 0.702739 0.968691 0.122187 
tuna 0.255136 0.096674 0.599769 0.006831 0.734412 
kidney_bean -0.592701 0.721123 0.782456 0.769597 0.475463 
peanut -0.254808 -0.014981 -0.857493 -0.254311 1.167070 
asparagus 0.535613 -0.175246 0.785854 0.351603 0.141237 
salmon 0.315825 -0.098205 0.472742 0.218321 0.623578 
leek 0.243843 -0.465248 0.939511 1.098287 -0.091780 
chickpea -0.165782 0.558049 0.664190 0.425187 0.759077 
blue_cheese 0.541342 0.269573 0.361600 0.633954 -0.254472 
brandy 0.878115 -0.486706 -0.789452 0.927281 -0.343016 
artichoke 0.793597 0.165065 1.190239 0.460231 -0.015932 
horseradish -0.150341 0.388758 0.307934 0.729674 0.041610 
mango 0.390853 0.695959 -0.639351 0.103173 1.172029 
date 0.551753 -0.473904 -1.504688 0.808920 0.073114 
cardamom 0.127607 0.087546 -0.974091 0.715244 0.369175 
white_bread 0.092903 0.283081 0.298568 0.815139 -0.449768 
oyster -0.446024 -0.928812 0.637618 0.595039 1.011968 
cottage_cheese 0.663025 0.547091 0.390285 0.225741 -0.352402 
grape 0.624289 0.354369 -0.911895 0.861846 0.232377 
brown_rice -0.476346 0.338658 0.240835 0.817899 0.197464 
cauliflower -0.031073 0.521228 0.610294 0.564337 0.297783 
cured_pork 0.590862 0.265432 1.225422 0.853239 -0.241819 
egg_noodle -0.105916 0.434997 0.695364 0.472595 -0.031551 
beer -0.649778 0.452641 0.185165 0.747144 0.173369 
hazelnut 0.732140 -0.453700 -0.682788 0.556909 -0.313440 
mandarin 0.729184 0.005587 -1.006153 0.441371 0.459458 
romano_cheese 0.710522 0.025976 1.228099 0.427755 -0.200634 
plum 0.122990 -0.296028 -0.764871 0.974188 -0.016203 
pimento 0.333062 0.688874 0.726772 0.447899 0.218167 
smoked_sausage -0.528807 0.370386 0.726784 1.090583 0.161117 
scallop 0.720651 -0.433390 1.040439 0.465413 0.683194 
goat_cheese 0.781206 0.221198 0.519163 0.797380 -0.273061 
lentil -0.394556 0.420652 0.738008 0.881951 0.623208 
currant 0.546437 -0.088321 -0.985329 1.046782 -0.267839 
saffron 0.521852 -0.130441 0.697268 0.854651 0.596734 
barley -0.701155 -0.339444 0.151198 0.784595 0.602874 
caraway -0.213582 0.865507 -0.096301 1.381400 -0.185639 
beet 0.075776 0.036112 0.364292 1.046584 0.241388 
squid 0.259436 -1.232314 0.817126 0.087323 1.556698 
corn_flake -0.054063 0.405463 -0.453975 0.183120 -0.231465 
anise 0.359942 -0.617860 -0.436676 0.713787 -0.066285 
roasted_beef -0.513685 0.211049 0.716204 0.849111 0.184679 
pistachio 0.742832 -0.122978 -0.939377 0.617595 -0.171964 
peanut_oil -0.372764 -0.142467 0.170364 0.453339 1.385577 
cereal -0.051934 0.066400 -1.268632 0.501585 0.206865 
cashew -0.203489 0.339838 -0.504939 0.531631 0.872760 
veal 0.219432 -0.571422 0.938609 1.041564 -0.565850 
seaweed 0.240462 -1.086350 0.234427 0.214897 1.913173 
turnip -0.383908 -0.356320 0.559561 1.541737 -0.035992 
sauerkraut -0.363950 0.574596 0.350508 1.321286 -0.404267 
berry 0.944759 -0.216016 -1.226006 0.960428 -0.109694 
kelp 0.042346 -1.492982 0.176160 0.179287 1.959285 
tomato_juice -0.523131 0.359705 0.920525 0.685099 0.352064 
cod -0.061979 -0.174556 0.784744 0.369479 0.789595 
provolone_cheese 0.581959 0.373068 1.120534 0.789589 -0.227479 
mussel 0.474610 -0.681384 1.196472 0.487046 1.134643 
blackberry 1.278629 -0.326169 -1.197183 0.611273 -0.032779 
roasted_peanut -0.204823 0.109860 -0.711381 -0.102112 1.271323 
rhubarb 0.610801 -0.468763 -1.319558 0.415984 -0.181685 
chinese_cabbage -0.073584 -1.534389 0.416409 0.095689 1.911782 
corn_grit -0.016561 0.625572 0.834722 0.503628 0.270216 
chicory 0.658072 -0.326654 0.784146 0.895811 0.534061 
bourbon_whiskey -0.164645 -0.020439 -1.192138 0.890331 -0.073295 
citrus 0.937839 -0.859437 -1.235221 0.584807 0.586348 
lima_bean -0.578255 0.624479 0.556028 1.013582 0.217940 
lovage -0.467609 -0.369738 0.507043 0.832283 0.092837 
melon 1.039057 -0.086243 -1.125140 0.643816 0.909932 
parsnip -0.243932 -0.193448 0.554491 1.408050 -0.143770 
fig 0.941607 -0.168246 -0.605981 1.199120 -0.448202 
lemongrass 0.135381 0.024080 0.155748 0.172131 1.907307 
whiskey 0.116733 0.015266 -1.181797 0.774266 0.141645 
watercress 0.383676 -0.202303 0.372620 0.690054 0.778392 
tequila 0.634231 0.392887 -0.545450 0.101793 0.910591 
rye_flour 0.297832 0.685901 -0.444352 1.131482 -0.422780 
peppermint 0.653551 -0.121028 -0.746157 -0.166364 -0.099756 
savory 0.020586 -0.130416 0.898355 1.119700 -0.029735 
lobster 0.523839 -0.459880 0.996765 0.622414 0.399332 
roasted_pork -0.713925 0.303984 0.195792 1.128263 0.176551 
