224 5
</s> 0.080054 0.088388 -0.076605 -0.065561 0.027332 
egg 0.920262 0.331553 -0.584834 1.008618 -0.325319 
butter 0.743547 0.132885 -0.466637 1.089055 -0.548874 
wheat 0.798931 0.239500 -0.677713 1.111913 -0.371247 
onion 0.432539 0.408972 0.688573 1.212900 -0.248017 
garlic 0.587677 0.162157 0.919937 1.155731 -0.016915 
milk 0.963999 0.507784 -0.757106 1.014385 -0.563875 
vegetable_oil 0.683972 0.266083 0.187729 1.083816 0.261194 
cream 1.171334 0.285838 -0.430207 0.841775 -0.253252 
tomato 0.616348 0.538324 0.949534 1.108976 -0.501554 
olive_oil 0.817077 -0.199352 0.777404 1.020724 -0.714690 
black_pepper 0.522440 0.020836 0.734645 1.184968 -0.158785 
pepper 0.289483 0.260295 0.556723 1.312487 -0.254853 
vanilla 1.193801 0.500395 -1.669238 1.343998 -0.037593 
cayenne 0.564913 0.311263 0.884555 1.228557 0.481861 
vinegar 0.780069 0.595525 0.625721 1.000589 0.108525 
cane_molasses 0.403286 0.784597 -0.637956 1.340343 0.000098 
bell_pepper 0.551989 0.232520 0.827959 1.160332 -0.255151 
cinnamon 0.421459 -0.160014 -1.084084 1.531179 -0.141083 
parsley 0.863347 -0.072104 0.569261 0.963961 -0.695112 
chicken 0.394500 0.004973 0.416294 1.253464 -0.026693 
lemon_juice 1.144350 -0.268434 -0.025905 0.840275 -0.108467 
beef 0.407763 0.562763 0.911050 1.259580 0.017294 
cocoa 1.268070 0.924300 -1.686179 1.291316 -0.042811 
corn 0.540289 1.104198 0.156372 1.141323 0.029227 
bread 0.836161 0.430352 0.316107 0.939754 -0.648311 
scallion 0.902438 0.092662 1.036316 1.138835 0.778427 
mustard 0.838674 0.599890 0.275143 0.953035 -0.104748 
ginger 0.516788 -0.392891 0.261781 1.402789 0.926067 
basil 0.938962 0.192885 1.048498 0.964033 -0.967973 
celery 0.260612 0.105287 0.572064 1.346864 -0.615455 
carrot 0.156843 -0.190371 0.736884 1.458142 -0.140668 
potato 0.227982 0.214391 0.606591 1.365178 -0.619025 
chicken_broth 0.231579 -0.248314 0.581739 1.401740 -0.495027 
yeast 0.804910 0.646725 -0.531190 1.041041 -0.666081 
rice 0.527402 -0.141823 0.734522 1.324281 0.639609 
mushroom 0.655767 0.136449 0.874929 1.091522 -0.526062 
cheese 1.118979 0.469809 0.391155 0.764005 -0.807642 
soy_sauce 0.714685 0.060597 0.972652 1.397384 1.176696 
cumin -0.155305 0.198842 0.397362 1.712465 0.403944 
oregano 0.685493 0.460030 1.006131 1.082100 -0.779182 
parmesan_cheese 1.085705 0.269808 0.775054 0.861549 -1.211334 
macaroni 1.181471 0.213243 1.058973 0.821382 -0.973926 
thyme 0.328075 -0.266986 0.668079 1.380410 -1.095415 
cheddar_cheese 0.687782 1.213202 0.432094 1.028708 -0.574163 
lard 0.764790 0.476746 -0.984150 1.208928 -0.390980 
lemon 1.109948 -0.477864 -0.139336 0.900193 -0.119146 
cream_cheese 1.424865 0.489449 -0.658902 0.748306 -0.248567 
walnut 0.851745 0.070797 -1.307946 1.352759 -0.205176 
green_bell_pepper 0.494557 0.750016 0.936033 1.179267 -0.455950 
starch 0.812921 -0.005295 -0.048278 1.051619 0.426038 
nutmeg 0.468077 -0.083548 -0.966806 1.415974 -0.510900 
honey 0.749932 -0.095811 -0.373469 1.184346 0.435275 
apple 0.459139 -0.054812 -0.953443 1.436411 -0.139169 
almond 0.923431 -0.300629 -0.851379 1.187060 -0.008081 
cilantro 0.400163 0.110525 0.554265 1.370128 0.682493 
pecan 0.960825 0.277483 -1.312826 1.270944 -0.113639 
white_wine 0.921377 -0.631710 0.774834 1.014765 -0.578543 
bacon 0.539555 0.559868 0.583457 1.139340 -0.649513 
pork 0.343698 0.353254 0.626196 1.292855 0.164937 
raisin 0.264457 -0.163320 -1.108770 1.656918 -0.090597 
bean 0.315665 0.542901 0.844945 1.307388 -0.153734 
rosemary 0.443610 -0.108613 0.661617 1.322727 -1.387074 
fish 0.986620 -0.374469 1.009843 1.132201 0.701989 
cucumber 1.386229 0.380854 0.489527 0.694130 0.517840 
olive 1.138298 0.314652 0.964630 0.803804 -0.691350 
coconut 0.573818 0.046314 -0.831462 1.469403 0.881433 
orange 1.115052 -0.552006 -0.820416 1.126040 0.210166 
tamarind 0.495789 1.220345 0.424349 1.180499 -0.006075 
vegetable 0.553359 -0.158499 0.977790 1.321876 0.541421 
orange_juice 1.066866 -0.639116 -0.599241 1.103970 0.290911 
buttermilk 0.893900 0.639501 -0.776594 1.064210 -0.400043 
pineapple 1.271155 0.066834 -0.769625 1.042750 0.772465 
shrimp 1.051178 -0.314539 1.225978 1.093676 0.499517 
coriander -0.272249 -0.307827 0.248234 1.913481 0.599017 
bay 0.135129 -0.139854 0.746004 1.474413 -0.653538 
lime_juice 0.864235 0.021063 0.274983 1.167159 1.035210 
red_wine 0.659501 -0.143445 0.553267 1.098212 -0.510527 
gelatin 1.714126 0.250421 -1.273718 0.965763 0.321092 
pork_sausage 0.487357 0.600456 0.801538 1.240012 -1.212095 
sesame_oil 0.886267 0.028941 1.189288 1.418463 1.403202 
chive 1.342261 0.245989 0.090470 0.667200 -0.297887 
seed 0.055240 0.597192 -0.264773 1.538831 -0.121698 
mozzarella_cheese 1.285905 0.676505 0.826894 0.768074 -1.434684 
ham 0.820124 0.549263 0.428917 0.965198 -0.845711 
oat 0.509815 0.780017 -1.624072 1.696085 0.154122 
turmeric -0.395035 -0.276127 0.206591 2.034598 0.636283 
nut 0.722091 -0.354374 -0.016518 1.099494 0.017367 
shallot 0.860273 -0.771876 0.568542 1.073388 -0.286811 
lettuce 1.285246 0.355368 0.605994 0.732467 0.286247 
cider 0.352951 0.721224 0.011659 1.286101 0.090306 
dill 0.909511 0.392265 0.412155 0.908194 -0.404663 
pea 0.354024 0.005374 0.799158 1.320306 -0.126761 
zucchini 0.416954 -0.005731 0.528992 1.243825 -0.815713 
cherry 1.273569 -0.252491 -1.380917 1.259393 0.148021 
lime 1.018492 -0.187436 0.047256 1.130381 1.129462 
yogurt 0.791438 -0.297567 -0.303263 1.137275 0.265430 
strawberry 2.147503 -0.069528 -1.254079 0.798910 0.276315 
soybean 0.703770 -0.122345 0.996930 1.446608 1.234051 
celery_oil 0.549415 1.597713 0.489287 1.161795 0.310248 
peanut_butter 0.671669 1.285711 -0.961292 1.458205 1.059107 
banana 1.283536 0.350449 -1.227240 1.147684 0.490191 
meat 0.344999 0.295180 0.490942 1.274695 -0.522587 
tabasco_pepper 0.716869 1.145112 0.615472 1.034625 0.005333 
milk_fat 1.068322 -0.007324 -0.768603 0.998693 -0.716609 
cabbage 0.198514 0.400980 0.738850 1.423370 0.223173 
mint 1.011783 -0.617201 0.113123 0.997605 0.262773 
fennel 0.665939 -0.304943 0.717566 1.190999 -1.251339 
sage 0.078228 -0.065468 0.279645 1.547050 -1.368875 
broccoli 0.692553 0.394806 0.641039 1.029989 -0.428640 
turkey 0.358241 0.444264 0.397434 1.249392 -0.780203 
fenugreek -0.353619 -0.348388 0.186250 2.008957 0.684347 
cranberry 0.922537 -0.413344 -0.994160 1.241804 -0.223920 
wine 0.908166 -0.207061 0.448825 0.971429 0.155703 
beef_broth 0.183449 0.157779 0.872807 1.435588 -0.106203 
grape_juice 1.052099 -0.488005 0.429553 0.896888 -0.603635 
pumpkin 0.361193 -0.208857 -0.356761 1.390789 0.341959 
raspberry 2.053655 -0.189137 -1.130221 0.781587 -0.034471 
whole_grain_wheat_flour 0.376223 0.654431 -0.926207 1.456065 -0.281137 
lemon_peel 1.263947 -0.610508 -0.430054 0.873986 -0.518332 
coffee 1.006730 0.816523 -1.383889 1.268467 -0.159085 
sesame_seed 0.784018 0.003022 0.362554 1.198719 1.050532 
avocado 1.323103 0.536697 0.657840 0.735532 0.574798 
sherry 0.779459 -0.389244 0.365375 1.039949 -0.162706 
sake 0.994765 -0.216029 1.179335 1.361665 1.317446 
feta_cheese 1.337474 0.094427 0.732247 0.664823 -0.486546 
apricot 0.593484 -0.683212 -0.982855 1.489889 -0.044974 
roasted_sesame_seed 0.918734 0.060527 1.357398 1.480849 1.427835 
rum 1.309047 -0.049002 -1.409014 1.280954 0.577941 
orange_peel 1.014590 -0.744244 -0.929191 1.204252 -0.298185 
squash 0.159923 -0.119883 0.338993 1.419846 -0.698568 
crab 1.247580 0.173055 0.755647 0.742024 0.015738 
marjoram 0.031365 -0.029562 0.358606 1.581298 -1.333087 
swiss_cheese 0.712710 1.131598 0.159408 1.066308 -1.133856 
sweet_potato 0.029356 -0.285586 -0.395312 1.609461 0.122299 
shiitake 0.773066 -0.469880 1.345456 1.362095 0.694901 
radish 1.247889 -0.124070 1.235664 1.132401 1.133574 
peach 1.299903 -0.262809 -0.944646 1.072814 0.464201 
tarragon 1.195520 -0.501990 0.568256 0.823318 -0.527408 
black_bean 0.309889 0.970843 1.032115 1.362460 0.298607 
lamb 0.126261 -0.763391 0.328780 1.542164 -0.483628 
maple_syrup 0.342645 0.347982 -0.807814 1.451147 -0.028525 
pear 1.096105 -0.814063 -0.190886 1.062100 0.573277 
fruit 1.269923 -0.338997 -1.222390 1.209057 0.213865 
blueberry 2.084888 -0.095219 -1.337291 0.841715 0.047549 
clam 1.071450 -0.759009 1.548442 1.148789 0.124212 
smoke 0.452623 0.464622 0.610483 1.219304 -0.811793 
tuna 1.328063 0.445603 0.883615 0.698523 0.170929 
kidney_bean 0.007506 1.177762 1.300749 1.607460 -0.325318 
peanut 0.574441 0.752662 -0.309988 1.403940 1.285535 
asparagus 1.015813 -0.123901 0.611245 0.872696 -0.538737 
salmon 1.043600 -0.299101 0.525844 0.907618 0.209797 
leek 0.389353 -0.749348 0.610289 1.393669 -0.835148 
chickpea 0.064726 -0.121280 0.736961 1.531281 -0.047221 
blue_cheese 1.356516 0.210257 0.193908 0.656059 -0.601816 
brandy 1.105775 -0.806160 -0.906170 1.171241 -0.368360 
artichoke 1.330539 0.017131 0.830366 0.726114 -0.960058 
horseradish 0.935312 0.937842 0.377062 0.893369 -0.058871 
mango 0.905203 -0.149329 -0.159603 1.189616 1.036092 
date 0.569082 -0.465143 -1.468044 1.678598 -0.076002 
cardamom 0.090016 -0.724437 -0.669386 1.729153 0.045375 
white_bread 0.686890 0.058515 0.040776 1.091268 -1.043681 
oyster 0.680563 -0.282772 1.163742 1.306940 0.601683 
cottage_cheese 1.350870 0.981585 0.142443 0.650331 -0.967816 
grape 1.336167 -0.386521 -0.502206 0.951695 0.540040 
brown_rice 0.082190 0.074709 0.350436 1.464416 -0.165498 
cauliflower 0.404800 0.164949 0.508159 1.225298 -0.299034 
cured_pork 1.160339 0.282507 0.988574 0.907775 -1.488117 
egg_noodle 0.502339 0.807007 0.539194 1.140527 -0.612420 
beer 0.163615 0.719626 0.308166 1.395664 -0.256832 
hazelnut 1.054906 -0.330599 -0.927040 1.098177 -0.596245 
mandarin 1.665036 0.043145 -0.701889 0.828507 0.724844 
romano_cheese 1.198471 -0.093521 0.806017 0.836000 -1.250755 
plum 0.486567 -0.760524 -0.663090 1.466959 -0.026403 
pimento 0.877842 0.539591 0.717236 0.926084 -0.533765 
smoked_sausage -0.065755 1.015971 0.858536 1.626563 -0.917648 
scallop 1.259713 -0.940278 1.115216 0.932186 -0.257918 
goat_cheese 1.261721 -0.387706 0.215858 0.783620 -0.980923 
lentil -0.350402 -0.082367 0.689415 1.831679 -0.365089 
currant 0.523263 -0.719563 -1.025724 1.520532 -0.326617 
saffron 0.375002 -1.359882 0.534307 1.497324 -0.407070 
barley -0.049560 -0.083786 0.413825 1.609913 0.184206 
caraway -0.582210 1.110950 -0.466586 2.074553 -0.927315 
beet 0.591431 -0.193598 0.298652 1.149299 -0.381099 
squid 1.144560 -0.623165 1.722541 1.261732 0.724603 
corn_flake 0.561521 0.832639 -0.579890 1.211487 -0.219518 
anise 0.684862 -0.620866 -0.362018 1.211233 -0.308165 
roasted_beef 0.383988 0.774958 0.694885 1.257115 -0.367665 
pistachio 0.864781 -0.710247 -0.895947 1.278946 -0.222051 
peanut_oil 0.418444 0.046827 0.628297 1.428575 0.882431 
cereal 0.290529 0.896060 -1.207569 1.706089 0.488994 
cashew 0.277178 -0.176623 -0.207884 1.502086 0.585988 
veal 0.614102 -0.555044 0.597330 1.215052 -1.133568 
seaweed 1.474819 -0.079393 1.215656 1.127325 1.455554 
turnip -0.332562 -0.570468 0.456028 1.919884 -0.947632 
sauerkraut -0.210565 1.634262 0.040232 1.783647 -1.161102 
berry 1.853217 -0.320847 -1.315833 0.936657 -0.233080 
kelp 1.208379 -0.437600 1.626209 1.472997 1.446875 
tomato_juice 0.365745 0.912838 1.031292 1.283223 -0.337570 
cod 0.605913 -0.419025 0.880591 1.207299 0.017845 
provolone_cheese 1.506119 0.630477 0.879500 0.694019 -1.458844 
mussel 0.908836 -1.216754 1.524709 1.328891 -0.009062 
blackberry 2.190629 -0.067902 -1.517800 0.889955 -0.272218 
roasted_peanut 0.488473 0.573437 -0.209240 1.458736 1.262684 
rhubarb 1.572858 0.088859 -1.546202 1.108137 -0.184594 
chinese_cabbage 1.045154 -0.390505 1.609262 1.514017 1.393735 
corn_grit 0.514580 0.790282 0.786971 1.154126 -0.382576 
chicory 1.600471 -0.661937 0.651525 0.647475 -0.294026 
bourbon_whiskey 0.395687 0.475931 -1.405532 1.715023 -0.019298 
citrus 1.333871 -1.094524 -0.899626 1.224323 0.503168 
lima_bean -0.120578 0.903745 0.870035 1.644119 -0.431085 
lovage 0.793898 0.087586 0.617567 0.993817 -0.200890 
melon 1.690129 -0.669464 -0.622171 0.968966 0.960240 
parsnip -0.363726 -0.633503 0.359439 1.960758 -0.954211 
fig 0.988522 -1.068928 -0.895189 1.249881 -0.924379 
lemongrass 0.388742 -0.500693 0.504044 1.619862 1.199597 
whiskey 0.760399 0.803166 -1.343584 1.529294 0.543586 
watercress 1.270085 -0.390470 0.462809 0.800706 0.058892 
tequila 1.472540 -0.300211 -0.251890 0.963282 1.182946 
rye_flour 0.091395 1.375251 -0.894430 1.699995 -1.051080 
peppermint 1.613991 1.016416 -1.161882 0.844794 0.104903 
savory 0.207234 -0.439239 0.648797 1.468859 -1.064688 
lobster 1.149857 -0.924480 0.970975 0.970423 -0.274417 
roasted_pork -0.148198 0.446069 0.133196 1.622321 -0.550942 
