224 5
</s> 0.080054 0.088388 -0.076605 -0.065561 0.027332 
egg 0.516801 0.676612 -0.603375 0.772462 0.992295 
butter 0.699816 0.484778 -0.780209 0.721084 0.770561 
wheat 0.549686 0.566726 -0.723541 0.824623 0.929094 
onion 1.221881 0.725333 0.140879 0.631675 0.160068 
garlic 1.376319 0.725776 0.392451 0.331874 0.403186 
milk 0.444504 0.747191 -0.955660 0.796115 1.029856 
vegetable_oil 0.927830 0.448803 0.192112 0.621867 0.780516 
cream 0.744648 0.425826 -0.827373 0.581399 0.877485 
tomato 1.449827 0.894139 0.162047 0.473286 -0.028191 
olive_oil 1.648155 0.394123 -0.412011 0.107194 0.173599 
black_pepper 1.291384 0.680313 0.237093 0.445723 0.333423 
pepper 1.392138 0.387158 0.022391 0.609965 0.069141 
vanilla 0.097080 0.407712 -1.103575 1.344550 1.867362 
cayenne 1.323372 0.354059 0.774447 0.722371 0.417907 
vinegar 1.073498 0.510331 0.550788 0.952274 0.318307 
cane_molasses 0.384680 0.525218 -0.111095 1.522933 0.621504 
bell_pepper 1.443548 0.622737 0.178665 0.408493 0.174083 
cinnamon 0.505339 0.038695 -0.651162 1.350567 0.892793 
parsley 1.410780 0.738768 -0.373819 0.115534 0.320642 
chicken 1.302222 0.267474 0.059792 0.443972 0.432554 
lemon_juice 1.167845 -0.062604 -0.429130 0.487639 0.658671 
beef 1.125692 1.062060 0.547841 0.796355 0.164075 
cocoa -0.004238 0.593925 -1.005962 1.298337 2.022276 
corn 0.762437 0.794338 0.285933 1.115545 0.324317 
bread 1.065203 0.982959 -0.430149 0.489394 0.251171 
scallion 1.245654 0.534965 0.869544 0.415569 0.961054 
mustard 0.882644 0.623745 0.052379 1.004929 0.281267 
ginger 0.997885 -0.020179 0.720927 0.779117 1.163643 
basil 1.608527 1.124751 -0.449598 -0.099328 0.162174 
celery 1.424944 0.655373 -0.189322 0.578409 -0.105810 
carrot 1.391889 0.513285 0.224476 0.466714 0.274395 
potato 1.375059 0.745598 -0.058950 0.535553 -0.009956 
chicken_broth 1.565336 0.275750 -0.153341 0.338746 0.161171 
yeast 0.421886 1.041657 -0.914719 0.915735 0.733580 
rice 1.160455 0.504602 0.742747 0.371007 1.072806 
mushroom 1.280869 1.237834 -0.036221 0.091048 0.449779 
cheese 1.134663 0.973769 -0.402970 0.289169 0.362200 
soy_sauce 1.070305 0.629858 1.224404 0.695319 1.220466 
cumin 1.670112 -0.304042 0.438648 0.758073 0.103001 
oregano 1.567688 0.998599 -0.131596 0.215258 -0.025141 
parmesan_cheese 1.403898 1.342937 -0.747931 -0.227342 0.445568 
macaroni 1.562965 1.199160 -0.410359 -0.261285 0.390315 
thyme 1.571675 0.683669 -0.589147 0.410344 -0.199980 
cheddar_cheese 0.824630 1.475175 -0.184489 0.615811 0.313352 
lard 0.325114 0.711623 -0.910846 1.062361 1.072860 
lemon 1.164217 -0.179021 -0.557961 0.553360 0.640908 
cream_cheese 0.496945 0.562300 -0.744271 0.769825 1.082360 
walnut 0.408632 0.132797 -1.006846 1.289239 1.129955 
green_bell_pepper 1.330361 1.049618 0.206863 0.606039 -0.057709 
starch 0.713863 0.378988 0.159997 0.696846 1.117857 
nutmeg 0.567023 0.351880 -0.925997 1.129866 0.716299 
honey 0.710910 -0.043149 -0.101256 1.182698 0.795913 
apple 0.662841 -0.093522 -0.674461 1.533716 0.460032 
almond 0.695546 -0.104511 -0.983041 0.911333 1.079195 
cilantro 1.536805 -0.219887 0.663445 0.734245 0.412706 
pecan 0.199183 0.354992 -0.895099 1.527623 1.221753 
white_wine 1.625724 0.331061 -0.329396 -0.040328 0.444241 
bacon 1.078209 1.079629 -0.162369 0.781389 -0.047604 
pork 1.057646 0.693992 0.555296 0.975083 0.222882 
raisin 0.538544 0.028585 -0.818423 1.403332 0.784044 
bean 1.401234 0.716341 0.402469 0.645719 0.021669 
rosemary 1.624074 0.925660 -0.820815 0.343930 -0.334555 
fish 1.458266 0.322074 0.726870 0.070355 1.139956 
cucumber 0.977414 0.376364 0.377692 0.414049 1.121618 
olive 1.473556 0.843805 -0.242787 0.160053 0.174134 
coconut 0.748597 -0.415097 -0.110048 0.834699 1.556712 
orange 0.827523 -0.533697 -0.670970 1.390055 0.747885 
tamarind 0.817194 1.007591 0.543088 1.381446 0.023294 
vegetable 1.274471 0.706760 0.770560 0.254359 0.954783 
orange_juice 0.835799 -0.622062 -0.442524 1.444218 0.811815 
buttermilk 0.393674 0.621893 -0.885885 1.108667 0.853973 
pineapple 0.583171 -0.432873 -0.269386 1.490308 1.170040 
shrimp 1.515634 0.580920 0.826256 0.016427 1.075520 
coriander 1.805400 -0.713826 0.314645 0.627447 0.363465 
bay 1.593029 0.514507 -0.062225 0.631905 -0.261003 
lime_juice 1.388226 -0.558006 0.636574 0.879253 0.737713 
red_wine 1.377830 0.311750 -0.248239 0.712497 -0.051207 
gelatin 0.483054 -0.258296 -0.983025 1.153938 1.734677 
pork_sausage 1.388407 1.473633 -0.469772 0.397727 -0.204217 
sesame_oil 1.145662 0.792084 1.383800 0.525039 1.531397 
chive 0.876442 0.624712 -0.485166 0.354075 0.845649 
seed 0.943671 0.218057 -0.216469 1.380611 -0.021222 
mozzarella_cheese 1.320553 1.701797 -0.709733 -0.102407 0.312672 
ham 1.008362 1.286687 -0.465062 0.587997 0.107307 
oat -0.071104 0.605996 -0.879938 1.629485 1.704601 
turmeric 1.846778 -0.809752 0.389093 0.529128 0.568891 
nut 0.878556 0.371998 -0.290382 0.389258 1.051972 
shallot 1.620144 0.072848 -0.254767 0.065196 0.482151 
lettuce 1.158820 0.270052 0.215336 0.590418 0.568624 
cider 0.860370 0.302430 0.150127 1.544215 -0.015656 
dill 1.235146 0.485422 -0.240821 0.610917 0.160982 
pea 1.524089 0.490090 0.222430 0.191614 0.405775 
zucchini 1.488294 0.570435 -0.383341 0.133519 0.265286 
cherry 0.448258 -0.257921 -0.944090 1.494489 1.341031 
lime 1.190063 -0.721310 0.464670 1.035796 0.966072 
yogurt 1.203956 -0.627515 -0.412809 0.738323 0.799350 
strawberry 0.781243 -0.703398 -1.132929 1.026634 1.667569 
soybean 1.144261 0.690227 1.220798 0.458222 1.455286 
celery_oil 0.732622 1.115136 0.753902 1.568180 0.025693 
peanut_butter 0.108771 0.675709 0.006598 0.883056 2.189221 
banana 0.394528 -0.219792 -0.622164 1.320098 1.592376 
meat 1.241259 0.736931 -0.109024 0.748698 -0.063725 
tabasco_pepper 0.969258 0.882437 0.536661 1.137018 0.092361 
milk_fat 0.743931 0.365219 -1.216382 0.588538 0.883551 
cabbage 1.138339 0.547586 0.594360 0.999682 0.179181 
mint 1.498491 -0.640463 -0.273247 0.335179 0.849151 
fennel 1.751198 0.835828 -0.780041 0.053063 -0.092914 
sage 1.435954 0.717042 -0.986693 0.753302 -0.475568 
broccoli 1.244887 1.054169 -0.127900 -0.036532 0.654709 
turkey 1.245372 0.757422 -0.424999 0.693021 -0.125290 
fenugreek 1.879964 -0.847252 0.375353 0.536726 0.552780 
cranberry 0.730047 -0.345924 -0.932902 1.631637 0.463612 
wine 1.157405 0.290758 0.068202 0.388912 0.734834 
beef_broth 1.317772 0.886651 0.547401 0.697555 0.080735 
grape_juice 1.532480 0.158397 -0.504810 0.402804 0.073159 
pumpkin 0.485605 0.641731 0.216905 0.782290 1.350810 
raspberry 0.789037 -0.514843 -1.426404 0.995716 1.366329 
whole_grain_wheat_flour 0.381505 0.659706 -0.697124 1.178217 0.803892 
lemon_peel 1.127476 -0.163419 -1.209623 0.303663 0.920862 
coffee 0.039452 0.592986 -0.744949 1.486278 1.464970 
sesame_seed 0.819494 0.487069 0.715701 0.638155 1.323852 
avocado 1.247291 -0.009690 0.629976 0.885008 0.477786 
sherry 1.249086 0.211962 -0.249450 0.424505 0.493294 
sake 1.064160 0.924939 1.430686 0.615365 1.567294 
feta_cheese 1.553360 0.325581 -0.568207 0.011519 0.380040 
apricot 0.848619 -0.364032 -1.019038 1.215973 0.645080 
roasted_sesame_seed 1.253118 0.830258 1.513147 0.507294 1.512529 
rum 0.393797 -0.422563 -0.524844 1.698141 1.414307 
orange_peel 0.838797 -0.380715 -1.086993 1.223682 0.725665 
squash 1.489333 0.280045 -0.522601 0.428098 0.052969 
crab 1.057586 0.865294 0.423441 0.387738 0.762691 
marjoram 1.537302 0.719991 -0.889724 0.709204 -0.542204 
swiss_cheese 0.715618 1.686957 -0.630462 0.733143 0.201393 
sweet_potato 0.945386 -0.069190 -0.160098 1.056002 0.468713 
shiitake 1.306422 1.126630 1.008673 0.039525 1.282270 
radish 1.235082 0.636179 1.273165 0.443735 1.423445 
peach 0.731088 -0.520475 -0.568685 1.261455 1.117342 
tarragon 1.452783 0.251806 -0.408918 0.134673 0.454004 
black_bean 1.584125 0.281514 0.798401 0.857859 -0.046970 
lamb 1.801326 -0.289675 -0.519403 0.501871 -0.092590 
maple_syrup 0.370053 0.349078 -0.427903 1.510612 0.753814 
pear 0.803341 -0.180061 0.047714 0.800551 1.274711 
fruit 0.648552 -0.521085 -0.922011 1.274170 1.399943 
blueberry 0.712844 -0.534387 -1.538394 1.011300 1.733485 
clam 1.858978 0.902859 0.640202 -0.483250 1.022415 
smoke 1.248282 0.954255 -0.166631 0.877784 -0.272840 
tuna 1.162698 0.800574 0.337148 0.182692 0.841199 
kidney_bean 1.602398 0.983210 0.629047 0.912757 -0.476696 
peanut 0.544103 0.326541 0.434706 0.734934 1.735891 
asparagus 1.468605 0.497726 -0.467989 -0.146869 0.643614 
salmon 1.248577 0.142376 0.193599 0.403421 0.716698 
leek 1.845775 0.300986 -0.484614 0.007933 0.103856 
chickpea 1.831470 -0.091969 0.181476 0.423203 0.055870 
blue_cheese 1.121977 0.454516 -0.651815 0.672125 0.162127 
brandy 0.811073 -0.367050 -1.054318 1.258354 0.719874 
artichoke 1.530260 0.841359 -0.702439 -0.174064 0.407518 
horseradish 0.850854 0.796962 0.151393 1.229113 0.063638 
mango 1.276654 -0.923438 0.304448 1.035803 0.918685 
date 0.460971 -0.168327 -1.151473 1.599682 1.092704 
cardamom 1.105313 -0.592106 -0.577796 0.942948 0.698685 
white_bread 1.109407 0.896122 -0.871493 0.598684 0.030464 
oyster 1.305135 0.901069 0.806784 0.131749 1.046090 
cottage_cheese 0.786325 1.331750 -0.885295 0.230532 0.715613 
grape 1.120005 -0.772335 -0.560643 1.063841 0.751931 
brown_rice 1.294840 0.313108 0.008117 0.490162 0.343028 
cauliflower 1.493885 0.317360 -0.187970 0.151850 0.413822 
cured_pork 1.650435 1.490426 -0.905029 -0.072832 -0.060037 
egg_noodle 0.957950 1.441345 -0.164228 0.434738 0.357660 
beer 0.998921 0.754018 0.339205 1.345850 -0.174888 
hazelnut 0.671926 0.084479 -1.165730 0.953310 0.913314 
mandarin 0.699882 -0.655397 -0.315554 1.353490 1.267141 
romano_cheese 1.535344 1.135901 -0.811634 -0.281412 0.402621 
plum 0.957245 -0.368558 -0.796846 1.278394 0.384439 
pimento 1.304624 0.875374 -0.137572 0.317836 0.243702 
smoked_sausage 1.346323 1.299147 0.087871 1.107471 -0.634062 
scallop 1.883285 0.344147 -0.042359 -0.475970 0.802328 
goat_cheese 1.317621 0.368788 -1.072061 0.445341 0.114392 
lentil 1.834734 0.027994 0.014892 0.375000 -0.047521 
currant 0.873147 -0.284003 -1.218387 1.264308 0.474466 
saffron 1.898452 -0.200674 -0.486350 -0.176509 0.541663 
barley 1.089136 0.651497 0.227257 0.467984 0.627593 
caraway 0.968638 0.632242 -0.650019 1.973055 -0.792614 
beet 1.381504 -0.039362 -0.314805 1.110587 -0.253858 
squid 1.702548 0.899669 1.134090 -0.270062 1.478195 
corn_flake 0.447229 1.001866 -0.549440 0.625757 1.084554 
anise 0.825133 0.125012 -0.544868 0.628097 0.956890 
roasted_beef 1.124533 0.989770 0.227246 0.982252 -0.131399 
pistachio 0.929031 -0.343445 -1.241181 0.762186 1.010130 
peanut_oil 1.265288 0.055102 0.865850 0.504772 1.098904 
cereal 0.054768 0.914811 -0.423979 1.094562 1.714780 
cashew 1.086162 -0.297693 0.000533 0.660567 0.958696 
veal 1.583880 0.672266 -0.839695 0.281201 -0.122742 
seaweed 1.191378 0.759898 1.347374 0.350905 1.743425 
turnip 1.910532 0.016688 -0.577924 0.806263 -0.619020 
sauerkraut 0.746957 1.651424 -0.358333 1.855479 -0.683682 
berry 0.695970 -0.440153 -1.570262 1.554269 0.920706 
kelp 1.324426 1.272642 1.510258 0.145579 1.997496 
tomato_juice 1.374383 1.096679 0.516296 0.838983 -0.230266 
cod 1.681549 0.366689 0.428120 -0.001691 0.618420 
provolone_cheese 1.303983 1.824823 -0.904914 0.085509 0.100468 
mussel 2.277758 0.492466 0.524660 -0.767028 0.997549 
blackberry 0.738412 -0.482352 -1.651922 1.052892 1.630541 
roasted_peanut 0.846098 -0.099122 0.490391 0.658073 1.540921 
rhubarb 0.384701 -0.010265 -1.381941 1.244457 1.613926 
chinese_cabbage 1.373108 1.031663 1.556149 0.221749 1.714315 
corn_grit 1.391344 0.789417 0.190231 0.665051 -0.119365 
chicory 1.421728 0.155257 -0.213147 0.264427 0.466879 
bourbon_whiskey 0.078441 0.312984 -0.174630 2.527548 0.685004 
citrus 0.644427 -0.670570 -0.485225 1.565914 1.218295 
lima_bean 1.626347 0.654129 0.322704 1.081228 -0.633388 
lovage 1.081238 0.698009 0.377553 0.845423 0.251520 
melon 1.160165 -1.263116 -0.273932 1.350448 1.117833 
parsnip 1.906326 -0.084620 -0.619058 0.835515 -0.621772 
fig 1.014667 -0.194259 -1.572786 1.082895 0.336212 
lemongrass 1.716970 -0.676801 0.742235 0.178843 1.395904 
whiskey 0.066839 0.242595 -0.072857 2.601876 0.769359 
watercress 1.352865 -0.121335 0.138948 0.648968 0.457897 
tequila 0.998541 -0.875821 0.490759 1.707249 0.791452 
rye_flour 0.336815 1.307217 -1.073905 1.991426 -0.160980 
peppermint 0.233680 0.593530 -0.938121 0.702382 1.982257 
savory 1.792437 0.531893 -0.616832 0.364487 -0.358801 
lobster 1.788517 0.273002 -0.074509 -0.296330 0.721625 
roasted_pork 1.127342 0.209949 -0.043383 1.665380 -0.507769 
