224 5
</s> 0.080054 0.088388 -0.076605 -0.065561 0.027332 
egg 0.733020 0.192761 -0.605813 0.524661 1.001299 
butter 0.798304 0.318926 -0.699405 0.551165 0.854516 
wheat 0.622026 0.365587 -0.834448 0.591109 0.987934 
onion 0.787428 0.575423 0.347561 0.991711 0.228682 
garlic 0.827172 0.329382 0.618635 0.971846 0.384597 
milk 0.828779 0.342934 -0.913764 0.413568 1.109140 
vegetable_oil 0.407382 0.324885 0.075967 0.879058 0.732983 
cream 0.809683 -0.030839 -0.659342 0.623291 0.823807 
tomato 0.919462 0.507272 0.475154 1.133528 -0.011809 
olive_oil 1.197740 0.006032 0.310185 1.085899 -0.052502 
black_pepper 0.830715 0.292088 0.496058 0.994959 0.309944 
pepper 0.584442 0.566581 0.282941 1.100119 0.236218 
vanilla 0.448977 0.092885 -1.484289 0.667171 1.751373 
cayenne 0.340320 0.275987 0.798686 1.229118 0.569479 
vinegar 0.467758 0.201936 0.318878 1.203825 0.293860 
cane_molasses 0.085455 0.691081 -0.723207 1.023131 0.739333 
bell_pepper 0.870818 0.301024 0.530893 1.051230 0.190540 
cinnamon 0.126060 0.308854 -1.038087 1.060197 0.929409 
parsley 1.255088 0.113775 0.184488 0.750039 0.261328 
chicken 0.663768 0.432588 0.386291 0.935411 0.458857 
lemon_juice 0.703611 -0.421958 -0.198636 1.029426 0.443214 
beef 0.735264 0.830066 0.561350 0.880885 0.447615 
cocoa 0.505552 0.447783 -1.424162 0.472336 1.939487 
corn 0.384649 0.771141 -0.059773 1.023262 0.363849 
bread 1.128714 0.330900 -0.114806 0.734906 0.253310 
scallion 0.478856 0.110169 0.992881 0.945269 1.062142 
mustard 0.577452 0.302590 -0.084995 1.124083 0.185347 
ginger -0.103283 0.027344 0.474435 1.169555 1.232624 
basil 1.692358 0.261139 0.458547 0.770205 0.021284 
celery 0.937742 0.835771 0.308757 0.899285 0.194703 
carrot 0.684230 0.868778 0.693509 0.811637 0.671253 
potato 0.963823 0.925765 0.357855 0.781177 0.317652 
chicken_broth 0.773464 0.669309 0.372129 0.954010 0.297510 
yeast 0.993935 0.523719 -0.844318 0.440249 0.787676 
rice 0.360810 0.392035 0.813588 0.850844 1.176642 
mushroom 1.327916 0.717741 0.531941 0.445202 0.626452 
cheese 1.304219 0.307347 -0.016446 0.561215 0.371069 
soy_sauce 0.187528 0.270186 1.024958 0.982869 1.414088 
cumin -0.052361 0.550507 0.519109 1.719666 0.191401 
oregano 1.380959 0.569128 0.414199 0.911623 -0.076473 
parmesan_cheese 1.858441 0.367072 0.251883 0.358510 0.368143 
macaroni 1.769996 0.310683 0.561357 0.525276 0.323796 
thyme 1.422616 0.715357 0.213385 0.850584 -0.068441 
cheddar_cheese 1.086631 1.040604 0.110986 0.464505 0.549258 
lard 0.544725 0.493409 -1.071748 0.600994 1.146203 
lemon 0.672356 -0.490655 -0.324332 1.100002 0.407233 
cream_cheese 0.916667 -0.182279 -0.769401 0.526627 0.952753 
walnut 0.355209 0.167247 -1.357988 0.945463 1.091189 
green_bell_pepper 0.923015 0.871999 0.510861 1.006488 0.102062 
starch 0.397912 0.099597 -0.051011 0.671592 1.168517 
nutmeg 0.430846 0.446789 -1.007482 0.817760 0.880010 
honey 0.065593 0.088796 -0.347623 1.140766 0.803422 
apple 0.143641 0.326622 -1.048077 1.214222 0.600040 
almond 0.348464 -0.056156 -0.960957 0.950468 0.987795 
cilantro 0.014518 0.051380 0.745780 1.688083 0.379457 
pecan 0.369318 0.240138 -1.454622 0.852490 1.232622 
white_wine 1.328220 -0.223817 0.505755 0.951655 0.180435 
bacon 1.075633 0.820369 0.053731 0.747306 0.216610 
pork 0.422837 0.576000 0.370189 1.094832 0.403153 
raisin -0.027357 0.491200 -1.057264 1.193683 0.860193 
bean 0.678404 0.879482 0.610170 1.005791 0.339155 
rosemary 1.705005 0.664450 0.022145 0.809986 -0.212893 
fish 0.647025 -0.321452 1.076584 1.058368 0.976916 
cucumber 0.567964 -0.298562 0.290195 0.897284 0.834964 
olive 1.355179 -0.016661 0.294294 1.015947 -0.082582 
coconut -0.496955 0.221242 -0.402587 1.254970 1.471290 
orange 0.275488 -0.564164 -0.954794 1.412387 0.591417 
tamarind 0.409179 0.753909 0.016037 1.234636 0.084429 
vegetable 0.654036 0.528152 1.004666 0.700066 1.175851 
orange_juice 0.102838 -0.504364 -0.748573 1.490952 0.602094 
buttermilk 0.637276 0.496528 -0.890821 0.614555 0.867877 
pineapple -0.054628 -0.442185 -0.751240 1.329016 1.126593 
shrimp 0.842250 -0.294347 1.189921 1.082808 0.792421 
coriander -0.348468 0.565413 0.367264 1.805975 0.376307 
bay 0.925307 0.652268 0.444724 1.227004 -0.116105 
lime_juice -0.057550 -0.465372 0.526044 1.778444 0.462084 
red_wine 0.921249 0.037871 0.114546 1.270936 -0.154728 
gelatin 0.345399 -0.588634 -1.176597 0.982561 1.538334 
pork_sausage 1.640622 0.892350 0.114995 0.795879 -0.178451 
sesame_oil 0.270110 0.203409 1.349610 0.951677 1.790979 
chive 0.955062 -0.170542 -0.233298 0.635944 0.702727 
seed 0.345086 0.675950 -0.578426 1.276407 0.116619 
mozzarella_cheese 2.106220 0.598146 0.138925 0.319216 0.223227 
ham 1.330815 0.576387 -0.093099 0.618527 0.226284 
oat 0.054591 1.031750 -1.558049 0.811970 1.676732 
turmeric -0.451856 0.715081 0.493720 1.833809 0.506989 
nut 0.564402 0.064000 -0.108241 0.644034 1.073155 
shallot 0.975292 -0.471165 0.394507 1.203847 0.168988 
lettuce 0.617300 -0.337810 0.408491 1.244297 0.318969 
cider 0.258871 0.499570 -0.285036 1.448102 -0.044077 
dill 0.884092 0.160958 0.079031 1.024433 0.135019 
pea 0.750261 0.761670 0.774400 0.867747 0.604555 
zucchini 0.989549 0.667157 0.296329 0.762214 0.334911 
cherry 0.303769 -0.330412 -1.428251 1.116095 1.259243 
lime -0.108673 -0.727408 0.171786 1.682444 0.714871 
yogurt 0.076394 -0.292068 -0.320489 1.424466 0.506972 
strawberry 0.571184 -1.190762 -1.133702 1.079042 1.490589 
soybean 0.323662 0.332257 1.139144 0.797745 1.680838 
celery_oil 0.259414 1.031285 -0.020714 1.346887 0.006405 
peanut_butter -0.170582 0.916444 -0.417725 0.560531 2.265787 
banana 0.036202 -0.271752 -1.127114 1.067573 1.599581 
meat 0.905175 0.626996 0.003930 0.999479 0.032451 
tabasco_pepper 0.570485 0.449504 0.225410 1.224114 0.079890 
milk_fat 1.071473 -0.115082 -0.933377 0.564840 0.714900 
cabbage 0.458509 0.845814 0.523595 1.010085 0.515108 
mint 0.396938 -0.727832 0.120619 1.453866 0.355040 
fennel 1.652804 0.270355 0.120495 0.962767 -0.269983 
sage 1.465588 0.988587 -0.250032 0.762599 -0.107662 
broccoli 1.129731 0.848874 0.477868 0.352423 0.875268 
turkey 1.022482 0.894917 -0.063411 0.850166 0.076120 
fenugreek -0.530591 0.711929 0.483356 1.880911 0.536553 
cranberry 0.416706 -0.230791 -1.292579 1.318551 0.454080 
wine 0.682823 -0.191922 0.366199 0.936528 0.628050 
beef_broth 0.822855 0.788922 0.819981 0.923870 0.447111 
grape_juice 1.139598 -0.282738 -0.102318 1.176782 -0.178518 
pumpkin 0.193677 0.389183 -0.147683 0.587905 1.534914 
raspberry 0.802005 -0.986651 -1.303365 0.980772 1.255602 
whole_grain_wheat_flour 0.449133 0.887591 -1.002668 0.680588 0.930480 
lemon_peel 0.949488 -0.507759 -0.723246 0.798298 0.651954 
coffee 0.452402 0.345607 -1.334029 0.667074 1.342711 
sesame_seed 0.246825 0.172421 0.536206 0.735976 1.486738 
avocado 0.459980 -0.501426 0.453654 1.524691 0.173787 
sherry 0.825245 -0.134930 0.164176 1.005045 0.344415 
sake 0.439798 0.011479 1.271997 0.853210 1.726581 
feta_cheese 1.354433 -0.346317 0.164203 1.048967 -0.082528 
apricot 0.274889 0.048859 -1.125338 1.273429 0.527447 
roasted_sesame_seed 0.441628 0.173633 1.583040 0.959925 1.809768 
rum -0.057821 -0.486767 -1.259018 1.370681 1.371770 
orange_peel 0.496141 -0.466645 -1.202345 1.264407 0.572253 
squash 0.854006 0.854534 0.067974 0.898465 0.166798 
crab 0.991063 -0.345687 0.538918 0.874876 0.589398 
marjoram 1.397714 1.091034 -0.162395 0.838797 -0.172035 
swiss_cheese 1.285514 0.980970 -0.354456 0.489787 0.316449 
sweet_potato 0.034933 0.596341 -0.384779 1.097296 0.696128 
shiitake 1.021337 0.260440 1.293351 0.477902 1.547008 
radish 0.626535 -0.343966 1.249995 0.970596 1.394975 
peach 0.075122 -0.548819 -0.980431 1.395281 0.911980 
tarragon 1.275601 -0.418390 0.192244 0.949845 0.189389 
black_bean 0.321703 0.632910 0.827829 1.481134 0.171841 
lamb 0.595538 0.151280 -0.037888 1.515772 -0.247402 
maple_syrup 0.132414 0.647914 -0.899667 1.008664 0.735343 
pear 0.357577 -0.707775 -0.048081 0.932728 1.272815 
fruit 0.256562 -0.438355 -1.257993 1.151131 1.214613 
blueberry 0.786187 -0.953753 -1.450026 0.911375 1.541867 
clam 1.317186 -0.359826 1.392572 0.910548 0.813311 
smoke 0.972336 0.628852 -0.026496 1.165526 -0.225756 
tuna 0.871137 -0.035814 0.619431 0.774800 0.724969 
kidney_bean 0.785832 1.275711 0.721126 1.300467 -0.096433 
peanut -0.302193 0.503173 0.156115 0.892220 1.731152 
asparagus 1.306835 0.037231 0.336123 0.585665 0.531638 
salmon 0.737508 -0.517123 0.241364 1.121352 0.387655 
leek 1.312655 0.558157 0.501061 0.734932 0.283082 
chickpea 0.425730 0.536263 0.588832 1.477472 0.013354 
blue_cheese 1.211890 -0.317052 -0.361935 0.959839 0.012789 
brandy 0.583143 -0.485102 -1.190412 1.224968 0.487505 
artichoke 1.747608 -0.237096 0.190116 0.667436 0.162615 
horseradish 0.634991 0.278488 -0.177809 1.335978 -0.142901 
mango -0.309445 -0.538036 0.066100 1.805610 0.653208 
date 0.066050 0.176164 -1.560360 1.213557 1.214210 
cardamom -0.157926 0.349181 -0.636859 1.374939 0.649723 
white_bread 1.333966 0.529233 -0.436007 0.679865 0.101805 
oyster 0.833172 0.155373 1.178335 0.725842 1.201094 
cottage_cheese 1.591415 0.444833 -0.380341 0.166826 0.658268 
grape 0.092712 -0.648066 -0.585211 1.494510 0.678648 
brown_rice 0.534212 0.961802 0.236731 0.842441 0.571935 
cauliflower 0.770051 0.870765 0.470772 0.719785 0.625658 
cured_pork 2.236633 0.328268 0.103745 0.631730 -0.180175 
egg_noodle 1.161325 1.325461 0.247243 0.381535 0.655922 
beer 0.398157 0.854251 0.015794 1.344169 -0.051795 
hazelnut 0.903821 -0.244622 -1.122494 0.731168 0.857719 
mandarin 0.138905 -0.805171 -0.701317 1.280156 1.145852 
romano_cheese 1.880512 0.196525 0.254926 0.457375 0.256539 
plum 0.202665 -0.076051 -0.819176 1.409851 0.361714 
pimento 1.061733 0.373447 0.278115 0.917853 0.123283 
smoked_sausage 1.012617 1.401294 0.219412 1.238995 -0.321051 
scallop 1.372795 -0.667945 0.913021 1.043659 0.368488 
goat_cheese 1.571283 -0.403179 -0.537419 0.970390 -0.195257 
lentil 0.355340 1.263211 0.577253 1.288122 0.203401 
currant 0.331043 -0.038042 -1.215081 1.302534 0.452690 
saffron 0.795498 -0.112574 0.424479 1.230977 0.157291 
barley 0.453118 1.316903 0.553629 0.571523 1.161519 
caraway 0.515054 1.569215 -0.963886 1.438490 -0.354824 
beet 0.774123 -0.217720 -0.256804 1.564812 -0.382428 
squid 1.089753 -0.305467 1.712709 0.928099 1.366149 
corn_flake 0.518572 1.088739 -0.623801 0.448985 1.116246 
anise 0.624180 -0.130605 -0.351913 0.813161 0.810645 
roasted_beef 0.807385 0.822705 0.141942 1.128048 -0.050895 
pistachio 0.462548 -0.331545 -1.026771 1.054021 0.851937 
peanut_oil -0.005568 0.311730 0.873828 1.171194 1.173248 
cereal 0.068005 1.385039 -0.838004 0.492732 1.917689 
cashew -0.152097 0.387494 0.023726 1.201993 0.933799 
veal 1.515954 0.185220 -0.021423 0.845623 -0.089203 
seaweed 0.622748 -0.396298 1.378968 0.847717 1.942595 
turnip 0.821257 1.326685 0.098522 1.135768 -0.044013 
sauerkraut 0.907909 1.853367 -0.795679 1.212352 -0.395568 
berry 0.971214 -0.779073 -1.753742 1.144707 0.788923 
kelp 0.793827 -0.176976 1.790596 0.831957 2.257015 
tomato_juice 0.822016 0.903233 0.677234 1.264748 -0.077323 
cod 0.744658 0.033702 0.830354 1.013350 0.597481 
provolone_cheese 2.152855 0.214864 -0.098719 0.617395 -0.162924 
mussel 1.321073 -0.483509 1.668936 1.345881 0.431242 
blackberry 0.976561 -0.933815 -1.665844 0.882711 1.420992 
roasted_peanut -0.432546 0.411754 0.291820 1.117556 1.569773 
rhubarb 0.659308 -0.225373 -1.604015 0.779413 1.429665 
chinese_cabbage 0.599707 -0.050059 1.796478 1.001577 1.891367 
corn_grit 0.893635 0.506125 0.339742 1.056138 0.058038 
chicory 1.329238 -0.894470 0.278132 1.068940 0.214280 
bourbon_whiskey 0.090977 0.439226 -1.589987 1.585624 0.280885 
citrus 0.179175 -0.866574 -0.904699 1.319169 1.191949 
lima_bean 0.761600 1.344427 0.376820 1.337855 -0.251905 
lovage 0.674658 0.005980 0.359903 1.235717 0.142435 
melon -0.050774 -1.260666 -0.554054 1.986221 0.655965 
parsnip 0.789590 1.387397 0.184506 1.117277 0.013171 
fig 0.957877 -0.409760 -1.458823 1.262163 0.062472 
lemongrass -0.368866 -0.147155 1.067366 1.790141 1.068280 
whiskey 0.010100 0.282391 -1.567229 1.699030 0.361312 
watercress 0.710054 -0.770036 0.320047 1.350074 0.297204 
tequila -0.186639 -0.992808 -0.123144 1.960075 0.546221 
rye_flour 0.803976 1.554376 -1.571950 0.991188 0.113962 
peppermint 0.661632 -0.043732 -1.028414 0.299405 1.873005 
savory 1.358647 0.737105 0.169870 0.947506 -0.153959 
lobster 1.293876 -0.748140 0.673631 1.172687 0.189857 
roasted_pork 0.481094 0.744467 -0.498262 1.545287 -0.427889 
