224 5
</s> 0.080054 0.088388 -0.076605 -0.065561 0.027332 
egg 0.086799 0.198904 -0.020207 1.503545 0.141889 
butter 0.078623 0.077082 0.112532 1.522732 0.069166 
wheat 0.109501 0.182502 -0.037723 1.524502 0.176307 
onion 0.268711 0.903692 0.596960 0.833540 -0.496338 
garlic 0.629319 0.978833 0.743035 0.639126 -0.449160 
milk 0.104349 0.147867 -0.246957 1.652377 0.077111 
vegetable_oil 0.188573 0.814458 0.338429 0.929988 0.125697 
cream 0.435506 0.240528 -0.193851 1.386170 0.057655 
tomato 0.659769 1.120820 0.329872 0.736068 -0.824357 
olive_oil 1.147767 0.498891 0.558209 0.818817 -0.695021 
black_pepper 0.479843 0.651054 0.879096 0.793945 -0.307550 
pepper 0.448122 1.095366 0.277029 0.778929 -0.509658 
vanilla -0.082631 0.099107 -0.586717 2.226092 0.890379 
cayenne 0.473141 1.422103 0.698838 0.480754 0.060159 
vinegar 0.267321 1.050488 0.490900 0.767641 -0.128935 
cane_molasses -0.442557 0.713527 -0.022787 1.464425 0.394320 
bell_pepper 0.657848 1.055692 0.594307 0.649502 -0.542645 
cinnamon -0.041547 0.147568 0.219238 1.591463 0.790138 
parsley 0.640057 0.342382 0.713586 0.971344 -0.565218 
chicken 0.528617 0.908386 0.377566 0.782048 -0.252960 
lemon_juice 0.914515 0.329822 0.151548 0.987929 0.042326 
beef -0.060974 1.131979 0.889050 0.788743 -0.447171 
cocoa -0.313557 0.323399 -0.631296 2.198889 0.863979 
corn -0.072673 1.166581 0.005170 0.995024 -0.262209 
bread 0.430672 0.411435 0.230161 1.168373 -0.673427 
scallion 0.497504 1.145491 1.129544 0.507811 0.322293 
mustard 0.085749 0.801081 0.321717 1.018862 -0.217800 
ginger 0.225889 0.998125 0.943891 0.742866 0.980104 
basil 1.022949 0.537483 0.499777 0.928423 -1.131860 
celery 0.096240 0.723821 0.772624 0.982945 -0.649357 
carrot 0.051346 0.864421 1.113207 0.799906 -0.162796 
potato 0.047178 0.705043 0.805551 1.012026 -0.724686 
chicken_broth 0.433789 0.646403 0.831940 0.866006 -0.515167 
yeast 0.025253 0.213149 -0.204095 1.607114 -0.243254 
rice 0.273206 1.120805 1.034756 0.598127 0.411356 
mushroom 0.283292 0.615797 0.881972 0.935382 -0.693503 
cheese 0.602287 0.517150 -0.007783 1.130795 -0.791636 
soy_sauce 0.021904 1.359831 1.337224 0.605697 0.716367 
cumin 0.721145 1.713176 -0.013020 0.504980 -0.160480 
oregano 0.792819 0.869527 0.430483 0.840916 -1.129456 
parmesan_cheese 0.906215 0.306325 0.345279 1.135388 -1.100991 
macaroni 0.995648 0.528169 0.488090 0.918398 -1.064960 
thyme 0.355202 0.233078 1.060888 1.137283 -0.942750 
cheddar_cheese 0.113380 0.890871 -0.066746 1.178406 -0.931746 
lard -0.200209 0.178369 -0.182604 1.773451 0.340727 
lemon 1.071263 0.130829 0.214449 1.057548 0.225750 
cream_cheese 0.544815 0.239812 -0.491993 1.506109 0.072382 
walnut 0.131758 0.082885 -0.250245 1.835860 0.746069 
green_bell_pepper 0.213176 1.288470 0.466634 0.790388 -0.862098 
starch 0.167261 0.507048 0.493690 1.056977 0.557925 
nutmeg -0.069935 -0.084130 0.363293 1.650297 0.518989 
honey 0.251901 0.623801 0.153125 1.135228 0.696297 
apple 0.083227 0.332319 -0.114286 1.497246 0.467506 
almond 0.581156 0.147184 -0.108650 1.429051 0.640694 
cilantro 1.004012 1.516883 0.266122 0.404675 0.197619 
pecan -0.030374 0.195790 -0.397011 1.941576 0.744716 
white_wine 0.968940 0.320634 0.936079 0.828393 -0.493780 
bacon 0.040193 0.735324 0.561662 1.096242 -0.857278 
pork -0.264014 1.084364 0.849956 0.869431 -0.168573 
raisin 0.055337 0.295832 -0.032873 1.548417 0.695591 
bean 0.190596 1.230858 0.633641 0.727134 -0.522764 
rosemary 0.526632 0.184790 0.770968 1.249786 -1.221680 
fish 0.921901 0.922921 1.251789 0.452624 0.414246 
cucumber 0.673023 0.801594 0.422893 0.728105 0.400694 
olive 1.041086 0.759198 0.154901 0.848853 -0.889288 
coconut 0.329566 1.020302 -0.429590 1.211898 1.120272 
orange 1.002737 -0.042885 0.070574 1.358960 0.842696 
tamarind -0.315405 1.266689 0.291195 0.987609 -0.376527 
vegetable 0.111890 0.864543 1.290556 0.730367 0.212155 
orange_juice 0.859074 0.263439 0.033528 1.214947 0.884330 
buttermilk 0.085179 0.275359 -0.395411 1.637996 0.008697 
pineapple 0.715470 0.610338 -0.502007 1.389313 1.010984 
shrimp 0.884817 0.952629 1.379329 0.450111 0.153654 
coriander 0.804997 1.684271 -0.053569 0.519434 0.246715 
bay 0.087203 0.629115 1.249853 0.957064 -0.666284 
lime_juice 1.267247 1.361947 0.139037 0.437571 0.589493 
red_wine 0.682036 0.463817 0.642182 0.912303 -0.433242 
gelatin 0.662967 0.333714 -0.790236 1.846577 1.030411 
pork_sausage 0.230636 0.628025 0.590587 1.210264 -1.399000 
sesame_oil 0.188027 1.468914 1.610822 0.535661 0.913949 
chive 0.612998 0.169679 0.351732 1.127326 -0.014671 
seed -0.040752 1.028443 -0.251187 1.202124 -0.189938 
mozzarella_cheese 0.883730 0.419773 0.130557 1.247670 -1.547844 
ham 0.241277 0.577197 0.313853 1.170127 -0.886867 
oat -0.706985 0.519279 -0.465866 2.216146 0.949511 
turmeric 0.860754 1.777587 -0.008940 0.469157 0.307040 
nut 0.319678 0.290917 0.704556 1.057324 0.423671 
shallot 1.148971 0.324571 0.903627 0.743677 -0.006688 
lettuce 1.102361 0.889234 0.260735 0.630512 -0.082728 
cider -0.096830 1.047892 0.126254 1.019696 -0.110389 
dill 0.643352 0.626667 0.295528 0.925546 -0.440112 
pea 0.515152 1.015023 0.785634 0.654699 -0.339599 
zucchini 0.642720 0.681160 0.320997 0.917877 -0.704013 
cherry 0.567057 0.011078 -0.384757 1.892395 1.119373 
lime 1.285852 1.042998 -0.017722 0.664302 0.895252 
yogurt 1.112737 0.797076 -0.422172 0.930222 0.360471 
strawberry 1.208925 0.114565 -0.944402 1.896958 0.889557 
soybean 0.205535 1.258210 1.490680 0.593744 0.855251 
celery_oil -0.539362 1.600767 0.143744 0.985347 -0.408966 
peanut_butter -0.588786 1.254020 -0.210703 1.447611 1.207062 
banana 0.545864 0.539963 -0.813894 1.703209 0.963262 
meat 0.145082 0.650269 0.681115 1.023276 -0.610398 
tabasco_pepper 0.055562 1.266274 0.398586 0.811171 -0.448516 
milk_fat 0.413772 -0.284106 -0.035063 1.722775 -0.024545 
cabbage -0.043130 1.184500 0.673486 0.789849 -0.125513 
mint 1.500643 0.689764 0.092538 0.676350 0.416264 
fennel 0.757449 0.222952 0.852648 1.114555 -1.114023 
sage -0.087157 0.014623 0.972181 1.512279 -1.085566 
broccoli 0.449065 0.814461 0.311895 0.906575 -0.577594 
turkey 0.183893 0.606292 0.441473 1.130391 -0.834470 
fenugreek 0.818871 1.897241 -0.116467 0.465375 0.276839 
cranberry 0.599850 -0.000571 -0.366075 1.702438 0.480835 
wine 0.665368 0.444979 0.921467 0.792452 0.191514 
beef_broth -0.220366 0.911572 1.374368 0.877474 -0.489459 
grape_juice 1.167907 0.188327 0.423462 0.963791 -0.391431 
pumpkin -0.399765 0.200008 1.152354 1.335716 0.946335 
raspberry 1.165320 -0.131977 -0.781647 1.904395 0.540534 
whole_grain_wheat_flour -0.274567 0.601402 -0.378291 1.639297 0.104643 
lemon_peel 1.051226 -0.312512 0.223017 1.380453 0.195039 
coffee -0.211637 0.093542 -0.320614 2.011008 0.609088 
sesame_seed 0.161287 1.008639 0.825634 0.749484 0.785484 
avocado 1.267129 1.280275 -0.012082 0.503927 0.014351 
sherry 0.617187 0.321304 0.821891 0.902515 0.076085 
sake 0.117491 1.191775 1.763371 0.654460 0.935013 
feta_cheese 1.503645 0.532011 0.128016 0.795152 -0.663862 
apricot 0.433035 0.129403 -0.131130 1.557038 0.703542 
roasted_sesame_seed 0.256510 1.608025 1.802566 0.492235 0.893185 
rum 0.667846 0.370455 -0.512034 1.704518 1.367871 
orange_peel 0.784813 -0.275991 0.146335 1.587080 0.732079 
squash 0.442082 0.570122 0.494313 0.985841 -0.606771 
crab 0.489113 0.610787 1.053009 0.766468 -0.118061 
marjoram -0.091933 0.085432 0.989110 1.427474 -1.013722 
swiss_cheese -0.049512 0.696539 -0.052384 1.402057 -1.076541 
sweet_potato 0.036543 0.521099 0.438353 1.140536 0.489585 
shiitake 0.184678 0.800518 2.034234 0.731533 0.406341 
radish 0.662913 1.046260 1.625803 0.509166 0.726029 
peach 0.832375 0.392639 -0.553846 1.449470 0.834406 
tarragon 1.045581 0.117355 0.801163 0.919462 -0.333357 
black_bean 0.560035 1.837985 0.220299 0.461886 -0.480196 
lamb 0.927519 0.533015 0.536313 0.800934 -0.262799 
maple_syrup -0.293425 0.539793 -0.000181 1.516817 0.518487 
pear 0.770337 0.062124 0.793207 1.089179 1.118039 
fruit 0.801306 0.077569 -0.403370 1.744005 1.034707 
blueberry 1.141062 -0.121162 -0.984174 2.086685 0.601621 
clam 1.116034 0.662787 1.936583 0.491947 -0.068823 
smoke 0.221713 0.807907 0.489195 1.018071 -0.846831 
tuna 0.830060 0.916501 0.553078 0.607413 -0.109627 
kidney_bean 0.052067 1.835062 0.579180 0.704449 -1.186452 
peanut -0.192785 1.520488 0.132058 0.939747 1.149224 
asparagus 0.968752 0.279830 0.618798 0.916904 -0.457154 
salmon 0.980641 0.558121 0.610208 0.701045 0.120757 
leek 0.476687 0.068524 1.352944 1.053986 -0.557029 
chickpea 0.927068 1.411724 0.323503 0.495616 -0.398333 
blue_cheese 0.846128 0.140166 0.161633 1.180194 -0.522757 
brandy 0.744524 -0.500891 0.334848 1.690972 0.692574 
artichoke 1.309793 0.365945 0.369129 0.961200 -1.017668 
horseradish 0.104854 0.900570 0.281198 0.999586 -0.346169 
mango 1.220875 1.164922 -0.211442 0.692263 0.849018 
date 0.136668 -0.011575 -0.130850 1.976218 1.167246 
cardamom 0.539701 0.578330 0.040896 1.102661 0.727130 
white_bread 0.178877 0.014403 0.413509 1.466092 -0.699430 
oyster 0.279983 0.779146 1.740560 0.673217 0.308376 
cottage_cheese 0.648238 0.461697 -0.557018 1.413071 -1.016005 
grape 1.203487 0.621428 -0.609024 1.169022 0.535321 
brown_rice 0.173850 1.026779 0.524568 0.811914 -0.319401 
cauliflower 0.531774 0.913442 0.301240 0.822023 -0.390082 
cured_pork 0.903008 0.185441 0.532381 1.304959 -1.569708 
egg_noodle 0.015923 0.866019 0.255529 1.111609 -0.820820 
beer -0.267442 1.033611 0.458076 1.026824 -0.454932 
hazelnut 0.404937 -0.568833 0.302991 1.857767 0.426091 
mandarin 1.181837 0.589988 -0.562100 1.218614 0.940517 
romano_cheese 1.156243 0.083943 0.574133 1.123402 -1.121988 
plum 0.545553 0.127156 0.273021 1.283385 0.581170 
pimento 0.656801 0.951934 0.041126 0.888933 -0.817488 
smoked_sausage -0.573787 1.306788 0.710919 1.169125 -1.271502 
scallop 1.503124 0.273043 1.397764 0.622218 -0.201074 
goat_cheese 1.187805 -0.119487 0.296197 1.217462 -0.591548 
lentil 0.349386 1.338575 0.489183 0.666428 -0.463474 
currant 0.667365 -0.213861 0.116388 1.622382 0.695028 
saffron 1.242345 0.297078 1.097453 0.698803 -0.122313 
barley -0.536653 0.895432 1.185069 1.012143 0.070801 
caraway -0.649686 1.279879 -0.487628 1.617934 -0.904538 
beet 0.810407 0.302938 0.571852 0.967297 -0.214384 
squid 0.987274 0.955287 2.151433 0.422040 0.354266 
corn_flake -0.331694 0.639669 -0.207993 1.503716 0.072377 
anise 0.308048 -0.188613 0.771760 1.364687 0.465620 
roasted_beef -0.192118 0.967651 0.638120 1.022095 -0.656138 
pistachio 0.767043 -0.128323 -0.070477 1.581159 0.638960 
peanut_oil 0.444040 1.424633 0.813655 0.484810 0.635078 
cereal -0.943141 0.925802 -0.106580 1.775713 0.845301 
cashew 0.513304 1.003283 0.085327 0.841255 0.574994 
veal 0.446179 -0.181160 1.266419 1.268753 -0.799103 
seaweed 0.599280 1.162932 1.780460 0.533165 1.075851 
turnip -0.288747 0.235537 1.419319 1.321111 -0.671229 
sauerkraut -0.996660 1.241414 -0.119118 1.744007 -1.327760 
berry 1.002995 -0.306587 -0.809628 2.114621 0.402353 
kelp 0.249202 1.136545 2.441320 0.699258 1.131103 
tomato_juice 0.046696 1.378109 0.731400 0.765759 -0.886439 
cod 0.811456 0.748297 1.209464 0.574530 -0.058025 
provolone_cheese 0.914250 0.292493 0.180523 1.359172 -1.627698 
mussel 1.544557 0.696939 1.839134 0.401495 -0.208310 
blackberry 1.069618 -0.356584 -0.827076 2.218438 0.557288 
roasted_peanut 0.179963 1.560673 0.139400 0.745848 1.055944 
rhubarb 0.417775 -0.333110 -0.420530 2.180567 0.732293 
chinese_cabbage 0.444891 1.373154 2.300653 0.510068 0.880717 
corn_grit 0.329921 1.112745 0.391238 0.841505 -0.840512 
chicory 1.455341 -0.073055 0.996675 0.870269 -0.082083 
bourbon_whiskey -0.646414 0.442361 0.086596 1.933317 0.997222 
citrus 1.008935 -0.336652 0.543536 1.647103 1.738150 
lima_bean -0.210477 1.459435 0.668481 0.892200 -0.973642 
lovage 0.046836 0.512074 1.203054 0.932044 -0.102829 
melon 1.807994 0.735435 -0.633658 1.077592 1.065539 
parsnip -0.159757 0.162655 1.391874 1.284539 -0.598946 
fig 0.929069 -0.628202 0.205676 1.722074 0.291539 
lemongrass 1.261868 1.610387 0.580154 0.288607 0.901188 
whiskey -0.227509 0.778396 -0.590326 1.804276 0.865720 
watercress 1.193295 0.395448 0.664092 0.740377 0.176556 
tequila 1.573042 0.825622 -0.063335 0.735958 1.124006 
rye_flour -0.674032 0.828145 -0.771067 2.049305 -0.768220 
peppermint -0.018125 0.178614 -0.385703 1.821363 0.706105 
savory 0.380458 0.154862 1.202887 1.153578 -0.934568 
lobster 1.328130 0.137389 1.290761 0.750588 -0.104686 
roasted_pork -0.396299 0.839275 0.392386 1.237234 -0.472136 
