224 5
</s> 0.080054 0.088388 -0.076605 -0.065561 0.027332 
egg 0.014935 0.052624 -0.545751 0.758899 1.000707 
butter 0.222334 0.099167 -0.412620 0.712469 1.035214 
wheat 0.014708 0.111622 -0.601373 0.731162 1.082673 
onion -0.078237 0.467386 0.782134 0.873220 0.581422 
garlic -0.140033 0.256556 0.869067 1.073220 0.332165 
milk 0.105548 0.277632 -0.664768 0.654626 1.183553 
vegetable_oil -0.321685 0.240249 0.035346 0.999847 0.375404 
cream 0.353902 0.244427 -0.374791 0.739692 0.868555 
tomato 0.217462 0.724869 0.966784 0.917142 0.518001 
olive_oil 0.810276 0.203293 0.776943 1.031100 0.414634 
black_pepper -0.078475 0.020530 0.669813 0.965995 0.525209 
pepper 0.138114 0.633237 0.643633 0.924122 0.438538 
vanilla -0.033917 0.104649 -1.660965 1.086971 1.381959 
cayenne -0.470396 0.521166 0.696853 1.248688 0.042704 
vinegar -0.334731 0.318322 0.538518 0.992640 0.429186 
cane_molasses -0.530239 0.475508 -0.589784 0.796333 0.904012 
bell_pepper 0.117167 0.542937 0.834410 1.019881 0.332672 
cinnamon -0.082434 -0.274760 -0.960671 1.068582 0.911994 
parsley 0.421712 -0.108059 0.707612 0.812844 0.804881 
chicken 0.063433 0.502683 0.489985 0.980005 0.327940 
lemon_juice 0.588047 0.141981 -0.086544 1.091832 0.189551 
beef -0.628165 0.246691 0.897895 0.870680 0.775446 
cocoa -0.348038 0.326443 -1.626079 0.986444 1.520429 
corn -0.352306 0.944444 0.141925 0.763436 0.649688 
bread 0.302751 0.257905 0.425771 0.656574 0.964953 
scallion -0.684998 -0.043035 0.594735 1.423100 0.008457 
mustard -0.153544 0.349183 0.263165 0.836218 0.651245 
ginger -0.582028 -0.275646 -0.116198 1.475704 -0.031324 
basil 0.787952 0.308479 1.130152 0.841117 0.842132 
celery 0.025237 0.129687 0.860746 0.793536 0.861994 
carrot -0.310256 -0.101356 0.898253 1.012798 0.595514 
potato -0.157033 0.222454 0.920710 0.761546 0.945084 
chicken_broth 0.381055 0.043356 0.727700 0.991019 0.491748 
yeast 0.060324 0.334514 -0.443881 0.545032 1.298133 
rice -0.608750 0.015236 0.374273 1.315927 0.066425 
mushroom -0.107594 0.037300 1.000742 0.794725 0.911501 
cheese 0.458252 0.559144 0.480159 0.655895 0.842535 
soy_sauce -1.200988 -0.174316 0.385298 1.628316 0.036659 
cumin 0.134490 1.204535 0.445496 1.260327 -0.154002 
oregano 0.540978 0.746239 1.100979 0.818106 0.721271 
parmesan_cheese 0.830194 0.237174 0.869198 0.633923 1.158572 
macaroni 0.695091 0.318575 1.175375 0.868559 0.784842 
thyme 0.401147 -0.183102 1.021425 0.778799 1.100616 
cheddar_cheese -0.036395 1.094872 0.550441 0.512884 1.106594 
lard -0.109621 0.113707 -0.868750 0.731291 1.298907 
lemon 0.768076 -0.190118 -0.149732 1.117695 0.275882 
cream_cheese 0.339308 0.333988 -0.632135 0.695837 1.016170 
walnut 0.083431 0.092944 -1.235636 0.988392 1.101914 
green_bell_pepper -0.202984 0.917681 0.942811 0.792530 0.725789 
starch -0.438991 -0.254473 -0.305461 1.095199 0.419806 
nutmeg 0.090923 -0.420609 -0.664420 0.828724 1.187452 
honey -0.149278 0.072544 -0.493680 1.127325 0.330331 
apple 0.129770 0.109976 -0.767724 0.934747 0.800706 
almond 0.366810 0.120680 -0.931323 1.072716 0.633040 
cilantro 0.029856 0.862096 0.477893 1.541524 -0.492378 
pecan -0.060935 0.124765 -1.275022 0.961039 1.167096 
white_wine 0.699715 -0.385494 0.818948 1.093270 0.493758 
bacon -0.069554 0.452293 0.753329 0.643092 1.040603 
pork -0.719546 0.211389 0.604427 0.928300 0.640069 
raisin -0.003012 0.129198 -0.985532 1.056494 0.757486 
bean -0.406209 0.716396 0.834031 0.934240 0.540692 
rosemary 0.607027 0.053022 1.013249 0.644851 1.278360 
fish -0.247550 -0.343470 0.643459 1.593473 -0.222876 
cucumber -0.188289 -0.049355 0.060541 1.184215 0.125645 
olive 0.766843 0.695201 0.856238 0.904012 0.531526 
coconut -0.284973 0.580368 -1.122452 1.402271 0.092202 
orange 0.668719 -0.254701 -0.915564 1.328313 0.314708 
tamarind -0.723268 0.786072 0.509318 0.733684 0.855288 
vegetable -0.735842 -0.436647 0.577794 1.251279 0.368357 
orange_juice 0.533784 -0.227533 -0.764054 1.394706 0.134904 
buttermilk 0.184464 0.386759 -0.715539 0.673114 1.151527 
pineapple 0.196623 0.392992 -1.017856 1.326857 0.194473 
shrimp -0.280986 -0.388590 0.993448 1.562981 -0.019844 
coriander 0.200066 1.046275 0.116508 1.449247 -0.382955 
bay -0.002343 -0.112958 1.028595 0.955121 0.746838 
lime_juice 0.090871 0.697301 0.023186 1.672528 -0.603446 
red_wine 0.381979 0.028688 0.598513 0.951846 0.523285 
gelatin 0.461609 0.428673 -1.523570 1.242164 0.799325 
pork_sausage 0.303928 0.536883 1.141677 0.584581 1.322196 
sesame_oil -1.461744 -0.338227 0.544896 1.847897 -0.053622 
chive 0.258631 -0.294472 0.003043 0.841979 0.759121 
seed 0.012991 0.886454 -0.090184 0.825959 0.611206 
mozzarella_cheese 0.901471 0.751104 0.998739 0.522457 1.347220 
ham 0.232242 0.368427 0.568779 0.566047 1.172642 
oat -0.745360 0.519958 -1.621989 1.023817 1.412876 
turmeric 0.070793 1.115073 0.233307 1.559906 -0.470099 
nut -0.110750 -0.302991 -0.163034 1.063161 0.457374 
shallot 0.637444 -0.475974 0.603625 1.237508 0.263467 
lettuce 0.214082 0.366473 0.314385 1.191007 0.000208 
cider -0.294276 0.579760 0.047128 0.844642 0.604551 
dill 0.320246 0.267494 0.478235 0.876382 0.571016 
pea -0.003647 0.300341 0.802302 1.055643 0.360187 
zucchini 0.557476 0.573160 0.655584 0.854469 0.550682 
cherry 0.324389 -0.054343 -1.473301 1.270743 0.836856 
lime 0.371356 0.414603 -0.326327 1.682542 -0.563424 
yogurt 0.712229 0.696559 -0.481046 1.256428 -0.028557 
strawberry 0.988981 0.521085 -1.614967 1.386826 0.679214 
soybean -1.299977 -0.339618 0.434584 1.737157 0.009116 
celery_oil -1.022849 1.027762 0.512434 0.738032 0.847659 
peanut_butter -1.305621 0.853554 -1.174221 1.164191 0.732431 
banana 0.173181 0.669441 -1.380092 1.237540 0.526755 
meat -0.146871 0.276542 0.668447 0.700179 0.975957 
tabasco_pepper -0.433788 0.758912 0.651198 0.847196 0.639372 
milk_fat 0.603759 -0.188756 -0.510105 0.717666 1.154506 
cabbage -0.681818 0.415556 0.630255 1.033934 0.438914 
mint 0.780833 0.192578 -0.061315 1.424407 -0.259705 
fennel 0.880351 0.026573 1.109086 0.896980 0.873191 
sage 0.325408 -0.263102 0.810695 0.507259 1.622806 
broccoli 0.017023 0.554501 0.626599 0.720039 0.780821 
turkey 0.233093 0.541729 0.603929 0.664990 0.926204 
fenugreek 0.114768 1.191011 0.182602 1.557863 -0.484082 
cranberry 0.617317 -0.073810 -0.915616 1.105211 0.732724 
wine 0.086374 -0.293795 0.282881 1.144223 0.252091 
beef_broth -0.708359 -0.108408 1.004857 0.933841 0.842987 
grape_juice 0.861955 0.007307 0.526477 1.019074 0.406556 
pumpkin -0.848200 -0.963562 -0.370879 1.076382 0.899837 
raspberry 1.098463 0.226427 -1.378586 1.239470 0.870202 
whole_grain_wheat_flour -0.119732 0.616688 -0.698197 0.742269 1.055310 
lemon_peel 0.918231 -0.395868 -0.393494 0.987105 0.708596 
coffee -0.265671 0.238529 -1.343475 0.878856 1.392784 
sesame_seed -0.813168 -0.095737 -0.018119 1.407162 0.030951 
avocado 0.199263 0.797177 0.366894 1.418344 -0.397553 
sherry 0.252938 -0.458566 0.319650 1.076507 0.429952 
sake -1.487005 -0.553727 0.583077 1.810505 0.181137 
feta_cheese 1.045194 0.426990 0.642814 1.042576 0.267644 
apricot 0.402708 -0.081346 -0.850313 1.136942 0.569718 
roasted_sesame_seed -1.561426 -0.359137 0.759393 2.026896 -0.098546 
rum 0.099291 0.110091 -1.643809 1.489418 0.543988 
orange_peel 0.741185 -0.544374 -0.894937 1.223910 0.661625 
squash 0.429132 0.465041 0.574263 0.806670 0.647736 
crab -0.211445 -0.307400 0.665145 1.061164 0.487197 
marjoram 0.273380 -0.126943 0.872966 0.525748 1.562596 
swiss_cheese 0.129199 0.674032 0.414264 0.382668 1.502129 
sweet_potato -0.023245 -0.216123 -0.348433 1.066499 0.433542 
shiitake -0.987405 -0.913577 0.914203 1.406307 0.619186 
radish -0.863899 -0.637222 0.624577 1.753968 -0.014400 
peach 0.428472 0.358890 -1.169510 1.298285 0.359450 
tarragon 0.752197 -0.376234 0.639777 1.104423 0.443001 
black_bean -0.244360 1.390641 0.946230 1.205448 0.037339 
lamb 0.887869 0.131674 0.423351 1.127793 0.206069 
maple_syrup -0.290742 0.270424 -0.707679 0.905451 0.775214 
pear -0.110388 -0.902237 -0.494443 1.518182 0.083330 
fruit 0.400737 0.006901 -1.297007 1.292847 0.649523 
blueberry 1.012995 0.330596 -1.600221 1.232022 1.017286 
clam -0.195274 -0.936251 1.408309 1.584211 0.293474 
smoke 0.146402 0.582807 0.793874 0.718530 0.886393 
tuna -0.197163 0.109807 0.638979 1.149139 0.193789 
kidney_bean -0.478652 1.446454 1.381726 0.922175 0.719186 
peanut -1.140665 0.688430 -0.694154 1.373837 0.087665 
asparagus 0.641139 -0.066647 0.540216 0.906985 0.573372 
salmon 0.365592 -0.193644 0.343756 1.261039 0.018607 
leek 0.429708 -0.539490 0.970477 0.996106 0.802867 
chickpea 0.331142 0.780363 0.821278 1.239209 -0.037309 
blue_cheese 0.814465 0.180291 0.117968 0.826755 0.673523 
brandy 0.684834 -0.702128 -0.916099 1.194166 0.799313 
artichoke 1.176384 0.195425 0.857473 0.865472 0.739300 
horseradish -0.298004 0.339118 0.389695 0.780049 0.799603 
mango 0.250525 0.683750 -0.507245 1.677515 -0.591840 
date 0.050836 -0.270802 -1.499200 1.327339 0.945103 
cardamom 0.341398 0.230683 -0.605687 1.240454 0.157533 
white_bread 0.417143 0.083701 0.367723 0.567410 1.267698 
oyster -0.803856 -0.581037 0.858887 1.379746 0.375977 
cottage_cheese 0.842058 0.935830 0.060446 0.400185 1.345414 
grape 0.867738 0.572877 -0.789834 1.311345 0.066227 
brown_rice -0.043930 0.475758 0.449242 0.887331 0.484893 
cauliflower 0.245233 0.470980 0.629442 0.943311 0.409327 
cured_pork 1.034286 0.328486 1.122149 0.644263 1.357868 
egg_noodle -0.336002 0.660988 0.680013 0.526693 1.257359 
beer -0.531791 0.699957 0.446334 0.780311 0.752969 
hazelnut 0.514615 -0.582800 -0.738227 0.902497 1.136606 
mandarin 0.593876 0.542724 -1.022224 1.395298 0.037630 
romano_cheese 0.935583 0.064367 1.004574 0.787239 0.950626 
plum 0.415522 -0.422941 -0.583182 1.200098 0.430773 
pimento 0.320926 0.760226 0.670601 0.790065 0.654541 
smoked_sausage -0.481254 0.829200 1.295261 0.640886 1.360326 
scallop 0.605820 -0.673366 1.004074 1.449211 0.102576 
goat_cheese 1.205022 -0.060001 0.299760 0.877311 0.756919 
lentil 0.174555 0.765939 0.804650 1.061978 0.262165 
currant 0.795310 -0.104851 -0.829967 1.077643 0.740930 
saffron 0.975590 -0.396842 0.640389 1.436784 -0.039791 
barley -0.855207 -0.055938 0.397397 0.989859 0.663714 
caraway -0.150131 1.502982 0.141589 0.529328 1.250600 
beet 0.480596 -0.125785 0.412000 1.086263 0.355371 
squid -0.680529 -0.984406 1.170246 1.876410 0.059681 
corn_flake -0.404219 0.654332 -0.415066 0.611131 1.074588 
anise 0.134527 -0.572723 -0.346067 1.010605 0.730931 
roasted_beef -0.340092 0.435003 0.720478 0.720367 0.941357 
pistachio 0.717912 -0.040470 -1.019025 1.139350 0.628298 
peanut_oil -0.773545 0.290317 0.261943 1.548383 -0.242654 
cereal -1.014699 0.615304 -1.196088 0.972156 1.210835 
cashew -0.187101 0.537424 -0.359196 1.245891 -0.009544 
veal 0.571643 -0.652232 0.963575 0.768773 1.240277 
seaweed -1.178083 -0.709293 0.495366 1.998011 -0.155876 
turnip 0.231971 -0.453192 0.961584 0.921444 0.994090 
sauerkraut -0.674445 1.298936 0.577880 0.300667 1.974520 
berry 1.089918 0.253096 -1.291860 1.149854 1.000241 
kelp -1.740362 -1.115631 0.889042 2.162802 0.361075 
tomato_juice -0.315905 0.697035 1.043174 0.795489 0.811252 
cod -0.012040 -0.158345 0.961339 1.359887 0.042039 
provolone_cheese 0.904226 0.486603 1.011596 0.550527 1.474692 
mussel 0.370769 -0.804426 1.429913 1.918667 -0.251044 
blackberry 1.140177 0.105602 -1.570687 1.228734 1.229443 
roasted_peanut -0.984755 0.791157 -0.584685 1.471938 -0.175258 
rhubarb 0.456236 -0.122964 -1.507924 1.097686 1.315916 
chinese_cabbage -1.647200 -0.959749 0.990254 2.166929 0.175090 
corn_grit 0.031729 0.735200 0.888988 0.925488 0.481226 
chicory 0.731752 -0.836342 0.573824 1.370457 0.158087 
bourbon_whiskey -0.586480 -0.295030 -1.179221 1.115537 1.101667 
citrus 0.343240 -1.084422 -1.234332 1.781146 0.230077 
lima_bean -0.322836 1.025797 1.246594 0.830844 0.872473 
lovage -0.398610 -0.527182 0.623096 0.917312 0.848182 
melon 0.988815 0.377609 -1.025176 1.868202 -0.413965 
parsnip 0.291427 -0.334644 0.978487 0.860869 1.032589 
fig 1.116443 -0.686810 -0.690204 1.059811 0.964302 
lemongrass -0.129090 0.291573 0.283787 2.002416 -0.886295 
whiskey -0.317660 0.277853 -1.259410 1.118056 1.004223 
watercress 0.547481 -0.237158 0.365340 1.345467 -0.020084 
tequila 0.440916 0.278600 -0.596558 1.829458 -0.644050 
rye_flour -0.093095 1.215006 -0.392164 0.339706 1.904683 
peppermint -0.097945 0.261641 -1.213684 0.894012 1.122765 
savory 0.516367 -0.367369 1.037404 0.877247 1.034360 
lobster 0.626983 -0.650982 0.851884 1.379738 0.185717 
roasted_pork -0.202467 0.366590 0.383282 0.705572 0.897337 
