224 5
</s> 0.080054 0.088388 -0.076605 -0.065561 0.027332 
egg 0.708118 0.160370 -0.677921 0.324757 0.839062 
butter 0.790734 0.201985 -0.615613 0.286476 0.783947 
wheat 0.625821 0.227704 -0.701152 0.324662 0.903952 
onion 0.459141 0.868366 -0.398234 0.762982 -0.149331 
garlic 0.544412 0.754652 -0.074404 1.005740 -0.326520 
milk 0.856831 0.267031 -0.761954 0.157350 0.995279 
vegetable_oil 0.230804 0.448997 -0.291734 0.835535 0.308286 
cream 0.874723 0.251224 -0.410706 0.280573 0.750389 
tomato 0.568895 1.169929 -0.252532 0.744174 -0.284272 
olive_oil 1.196545 0.694219 0.165615 0.681670 -0.305299 
black_pepper 0.618723 0.481019 -0.284633 0.956916 -0.325265 
pepper 0.457878 1.053945 -0.178575 0.747467 -0.050051 
vanilla 0.622740 -0.039505 -1.011571 0.408105 2.012366 
cayenne 0.022546 0.864777 0.128895 1.214188 0.066666 
vinegar 0.175752 0.409252 -0.531227 1.063186 -0.041045 
cane_molasses 0.042372 0.342164 -0.967807 0.613403 1.030589 
bell_pepper 0.548283 0.986416 -0.049099 0.853865 -0.224438 
cinnamon 0.456975 0.012928 -0.569937 0.582732 1.350431 
parsley 1.061992 0.487315 -0.207990 0.677195 -0.293413 
chicken 0.462695 0.859188 0.078825 0.819648 0.052278 
lemon_juice 0.872747 0.116763 0.106074 0.618354 0.445824 
beef 0.150517 0.707407 -0.828902 1.081846 -0.375056 
cocoa 0.492443 0.172561 -1.141653 0.368577 2.040052 
corn -0.022922 0.971184 -0.703787 0.716276 0.306772 
bread 0.833666 0.553341 -0.675405 0.500201 -0.079200 
scallion 0.095368 0.374409 0.134120 1.500902 -0.109015 
mustard 0.395291 0.343714 -0.796992 0.758742 0.088831 
ginger -0.089085 -0.035946 0.172082 1.455111 0.638059 
basil 1.300524 1.027646 -0.141580 0.579422 -0.551889 
celery 0.618232 0.687205 -0.637352 0.809375 -0.343557 
carrot 0.329101 0.658371 -0.332798 1.072545 -0.273067 
potato 0.564699 0.811612 -0.517554 0.750344 -0.272711 
chicken_broth 0.788883 0.754934 -0.040921 0.751166 -0.150164 
yeast 0.688520 0.420798 -1.047194 0.179219 0.719776 
rice -0.001925 0.407228 0.092676 1.429439 0.064794 
mushroom 0.774897 0.647795 -0.481891 0.810318 -0.468322 
cheese 0.934183 0.906940 -0.357006 0.299240 0.032288 
soy_sauce -0.362189 0.085688 -0.199177 1.912730 0.111698 
cumin 0.121144 1.521580 0.446313 0.911365 0.395702 
oregano 0.986642 1.151187 -0.222438 0.615429 -0.460212 
parmesan_cheese 1.386122 0.849093 -0.359746 0.327994 -0.362403 
macaroni 1.250545 0.973022 -0.039443 0.575904 -0.440367 
thyme 1.242678 0.498622 -0.619231 0.706527 -0.638523 
cheddar_cheese 0.499923 1.352360 -0.810448 0.314301 0.082997 
lard 0.477063 0.150795 -0.884176 0.367561 1.181750 
lemon 1.066993 -0.096201 0.198056 0.607053 0.534080 
cream_cheese 0.803154 0.146483 -0.589945 0.266582 0.915641 
walnut 0.723513 0.011884 -0.734392 0.321420 1.569010 
green_bell_pepper 0.327817 1.237558 -0.477872 0.841519 -0.295579 
starch 0.263834 -0.267502 -0.354003 1.004239 0.580493 
nutmeg 0.731613 -0.138779 -0.734249 0.450379 1.124005 
honey 0.275958 -0.081026 -0.154187 0.916493 0.884221 
apple 0.435172 0.087786 -0.568067 0.547974 1.149695 
almond 0.821285 0.109251 -0.142854 0.392463 1.280799 
cilantro 0.123861 1.142054 0.690878 1.215142 0.348349 
pecan 0.637172 0.074856 -0.862480 0.348319 1.657399 
white_wine 1.261305 0.262319 0.205776 0.848479 -0.340373 
bacon 0.642207 0.738141 -0.878968 0.621405 -0.262896 
pork 0.132352 0.347882 -0.667513 1.133806 -0.177268 
raisin 0.415156 0.441559 -0.465436 0.414645 1.475506 
bean 0.236563 1.190428 -0.438675 0.916311 -0.266410 
rosemary 1.365607 0.639570 -0.639445 0.557027 -0.623075 
fish 0.437168 0.147531 0.570613 1.640807 -0.168578 
cucumber 0.301038 -0.029505 -0.201536 1.062285 0.249482 
olive 1.085851 1.062967 -0.047395 0.521931 -0.283339 
coconut 0.043413 0.595098 0.261628 0.797290 1.694111 
orange 0.985184 -0.373269 0.135061 0.700374 1.156286 
tamarind -0.071324 0.693841 -1.140397 0.945684 -0.014568 
vegetable 0.234729 0.138870 -0.104884 1.387314 -0.142536 
orange_juice 0.801836 -0.332198 0.117350 0.759451 1.155686 
buttermilk 0.610028 0.424364 -0.814594 0.191064 1.001835 
pineapple 0.462548 -0.092710 0.073892 0.825574 1.471146 
shrimp 0.459201 0.242469 0.333435 1.596621 -0.374325 
coriander 0.194306 1.407786 0.722933 0.938800 0.687363 
bay 0.817105 0.582591 -0.444863 0.968284 -0.564694 
lime_juice 0.276754 0.735009 0.941389 1.217481 0.647345 
red_wine 0.905832 0.341419 -0.245549 0.734182 -0.198461 
gelatin 0.827167 -0.264138 -0.317390 0.618911 1.862026 
pork_sausage 0.988421 1.131577 -0.876527 0.500818 -0.498391 
sesame_oil -0.392626 -0.011609 0.037836 2.317999 0.091247 
chive 0.865966 -0.093025 -0.461837 0.665628 0.168063 
seed 0.180092 0.855256 -0.507064 0.567958 0.730912 
mozzarella_cheese 1.347220 1.070062 -0.624836 0.260208 -0.423003 
ham 0.849012 0.578343 -0.872641 0.511054 -0.197438 
oat 0.074546 0.356045 -1.320667 0.505570 2.061074 
turmeric 0.100930 1.441626 0.755126 0.986769 0.796419 
nut 0.549435 -0.041430 -0.051537 0.832461 0.533500 
shallot 1.169174 0.110251 0.243940 0.927543 -0.222395 
lettuce 0.461983 0.403420 0.095801 1.006781 0.075905 
cider -0.002584 0.345509 -0.828023 0.940788 0.296158 
dill 0.745260 0.499098 -0.360571 0.692603 -0.089804 
pea 0.421566 0.886717 0.063864 1.023905 -0.166909 
zucchini 0.870922 1.165480 -0.070484 0.323201 0.124024 
cherry 0.890816 -0.296342 -0.456493 0.518503 1.746270 
lime 0.381378 0.390016 0.901025 1.128337 0.927662 
yogurt 0.733626 0.595575 0.483592 0.490581 1.071641 
strawberry 1.240070 -0.435152 -0.035178 0.568029 1.934556 
soybean -0.321854 -0.027462 0.000702 2.078252 0.128477 
celery_oil -0.441140 0.946016 -1.352212 1.113750 -0.020833 
peanut_butter -0.548363 0.589998 -0.571134 0.964781 1.715255 
banana 0.546710 0.007527 -0.143889 0.599345 1.830573 
meat 0.531221 0.538211 -0.699321 0.800473 -0.253573 
tabasco_pepper 0.128389 0.788154 -0.748303 0.920704 -0.140575 
milk_fat 1.255611 0.112109 -0.482876 0.085414 0.829580 
cabbage -0.123257 0.710292 -0.529992 1.253863 -0.105368 
mint 0.987102 0.402009 0.852499 0.702564 0.624431 
fennel 1.443385 0.843740 -0.184142 0.513403 -0.448513 
sage 1.260648 0.301372 -1.208197 0.547007 -0.556419 
broccoli 0.546300 1.013084 -0.199220 0.651758 -0.034178 
turkey 0.686692 0.830189 -0.641244 0.563078 -0.154816 
fenugreek 0.067703 1.496825 0.735536 0.968668 0.824175 
cranberry 1.036034 -0.556052 -0.504440 0.624221 1.092813 
wine 0.606504 -0.025884 -0.038291 1.042902 -0.004345 
beef_broth 0.415290 0.313511 -0.686881 1.334481 -0.665713 
grape_juice 1.208281 0.257999 -0.003907 0.635840 -0.116735 
pumpkin 0.020286 -0.491443 -0.748560 1.138570 0.789583 
raspberry 1.299881 -0.590912 -0.332584 0.475413 1.456562 
whole_grain_wheat_flour 0.346788 0.593775 -0.891463 0.316019 1.103516 
lemon_peel 1.480891 -0.206691 0.002448 0.338765 0.620619 
coffee 0.669379 0.342917 -1.050061 0.161810 1.741667 
sesame_seed -0.223249 0.065605 -0.061753 1.468960 0.472456 
avocado 0.373502 0.824086 0.467396 1.009116 0.213037 
sherry 0.800905 0.002300 -0.136912 0.919879 -0.051733 
sake -0.207062 -0.337852 -0.262060 2.353957 -0.147639 
feta_cheese 1.294963 0.683093 0.295189 0.516823 -0.151555 
apricot 0.819455 -0.043311 -0.170347 0.505600 1.223236 
roasted_sesame_seed -0.316868 0.017148 0.124792 2.569731 -0.239323 
rum 0.720689 -0.117272 -0.079929 0.624289 1.968928 
orange_peel 1.196548 -0.336377 -0.140601 0.485613 1.127028 
squash 0.883957 1.043163 -0.106474 0.380637 0.086264 
crab 0.588505 0.008263 -0.332468 1.110131 -0.261728 
marjoram 1.199324 0.433002 -1.054353 0.546019 -0.556651 
swiss_cheese 0.692778 0.932984 -1.337419 0.318237 -0.026099 
sweet_potato 0.249303 0.340215 -0.206178 0.713171 0.807108 
shiitake 0.358608 -0.315486 -0.177671 2.000101 -0.565679 
radish 0.078594 -0.171013 0.108964 2.150101 -0.253092 
peach 0.724476 -0.056461 0.018975 0.563067 1.599239 
tarragon 1.232726 -0.039484 -0.062165 0.890468 -0.345227 
black_bean -0.072383 1.625655 0.080286 1.126229 -0.024019 
lamb 1.095358 0.797171 0.436464 0.569147 0.093829 
maple_syrup 0.159975 0.029671 -0.976376 0.705786 0.986200 
pear 0.558244 -0.855721 -0.045894 1.274903 0.776571 
fruit 0.884344 -0.247054 -0.098977 0.609940 1.663401 
blueberry 1.372150 -0.399092 -0.378386 0.410187 1.867478 
clam 0.877812 0.018461 0.255141 1.699070 -0.767794 
smoke 0.637177 0.852272 -0.752333 0.686748 -0.281199 
tuna 0.387421 0.413754 -0.022903 1.115559 -0.155244 
kidney_bean 0.035472 1.885597 -0.651887 0.937443 -0.355450 
peanut -0.538613 0.583920 -0.134555 1.177786 1.225020 
asparagus 1.063130 0.379777 -0.070652 0.684339 -0.190985 
salmon 0.716834 0.090796 0.175087 0.985741 0.030055 
leek 1.233984 0.440022 -0.135340 0.815464 -0.492891 
chickpea 0.541222 1.438854 0.452438 0.902911 -0.066241 
blue_cheese 1.088797 0.047233 -0.569991 0.538176 -0.054237 
brandy 1.347538 -0.438476 -0.251446 0.434545 1.055713 
artichoke 1.574583 0.709282 -0.031721 0.382991 -0.323835 
horseradish 0.197859 0.358801 -1.056633 0.940767 -0.081677 
mango 0.305565 0.568382 0.942931 1.014409 1.187262 
date 0.790837 0.026528 -0.382125 0.453009 1.948002 
cardamom 0.664349 0.640604 0.435396 0.476862 1.287082 
white_bread 1.177966 0.361018 -0.868156 0.335906 -0.121229 
oyster 0.216273 -0.044976 -0.101159 1.821332 -0.459871 
cottage_cheese 1.157874 0.897398 -0.612442 -0.025983 0.259904 
grape 0.787350 0.072029 0.493970 0.702162 1.183536 
brown_rice 0.344219 0.891628 -0.200822 0.744046 0.161906 
cauliflower 0.587099 1.144824 -0.000100 0.622247 0.107416 
cured_pork 1.644758 0.965936 -0.601016 0.371388 -0.630802 
egg_noodle 0.481700 0.958265 -0.691547 0.625402 -0.188001 
beer 0.062244 0.952533 -0.874938 0.864848 -0.062411 
hazelnut 1.298338 -0.501109 -0.627621 0.372287 0.995317 
mandarin 0.580302 -0.286172 0.181717 0.925039 1.304178 
romano_cheese 1.608219 0.735860 -0.190414 0.415118 -0.511654 
plum 0.831495 -0.061608 0.030879 0.615931 0.916225 
pimento 0.717169 1.071589 -0.292916 0.545245 -0.121914 
smoked_sausage 0.345362 1.327417 -1.220033 0.929325 -0.624737 
scallop 1.375063 0.073959 0.616712 1.224965 -0.494241 
goat_cheese 1.506577 0.242248 -0.163715 0.360395 -0.020311 
lentil 0.546302 1.444844 0.136351 0.771110 -0.095882 
currant 1.238160 0.012434 -0.050010 0.260575 1.274367 
saffron 1.299819 0.660497 0.809738 0.735961 0.085159 
barley 0.055689 0.375450 -0.500088 1.154588 0.042285 
caraway 0.124598 1.620732 -1.335323 0.330623 0.496629 
beet 0.768578 0.087715 -0.460318 0.870213 -0.123270 
squid 0.486054 -0.128386 0.493923 2.277869 -0.617317 
corn_flake 0.323289 0.839700 -0.675181 0.243813 0.928053 
anise 0.916717 -0.338000 -0.268713 0.678750 0.546152 
roasted_beef 0.259675 0.665547 -1.103398 0.946754 -0.350441 
pistachio 1.363028 0.078316 0.210302 0.235587 1.413760 
peanut_oil -0.279537 0.562846 0.341336 1.623671 0.380649 
cereal -0.198823 0.454289 -1.150997 0.700706 1.602383 
cashew 0.168477 0.602943 0.339155 0.904255 0.861587 
veal 1.572744 -0.016167 -0.648286 0.696968 -0.714349 
seaweed -0.103399 -0.422327 0.134048 2.479043 -0.042027 
turnip 0.828899 0.632994 -0.606974 0.853129 -0.459396 
sauerkraut 0.165312 1.272407 -2.149847 0.570469 -0.052669 
berry 1.374679 -0.855008 -0.687397 0.587094 1.575369 
kelp -0.042859 -0.482781 -0.035286 3.067329 -0.373568 
tomato_juice 0.202792 1.046367 -0.734183 1.038596 -0.462863 
cod 0.637767 0.390733 0.300151 1.205395 -0.238096 
provolone_cheese 1.546091 0.853374 -0.893318 0.390921 -0.598053 
mussel 1.313210 0.330038 0.980473 1.837098 -0.876444 
blackberry 1.500872 -0.606292 -0.590134 0.425228 1.837425 
roasted_peanut -0.454020 0.733100 0.237053 1.232111 1.138047 
rhubarb 1.144553 -0.545595 -0.947836 0.411515 1.732527 
chinese_cabbage -0.042015 -0.192884 0.213009 3.006135 -0.482824 
corn_grit 0.423229 1.212644 -0.294527 0.777453 -0.215793 
chicory 1.269231 -0.446710 0.035000 1.117546 -0.352779 
bourbon_whiskey 0.264756 -0.393110 -1.343345 0.854488 1.347571 
citrus 0.977818 -1.008471 0.193043 1.117185 1.445747 
lima_bean 0.164399 1.516336 -1.039149 0.949787 -0.488783 
lovage 0.523166 -0.077070 -0.706585 1.108257 -0.298815 
melon 0.909049 -0.190642 0.927261 1.027530 1.544298 
parsnip 0.964907 0.846485 -0.539776 0.700932 -0.415387 
fig 1.768508 -0.405989 -0.136186 0.280909 0.917525 
lemongrass 0.153665 0.781147 1.344019 1.709631 0.610071 
whiskey 0.291116 -0.332866 -1.269421 0.833615 1.323805 
watercress 0.866319 -0.098422 0.226626 1.055103 -0.003514 
tequila 0.540371 0.067216 0.940816 1.119275 1.128492 
rye_flour 0.404777 0.952562 -1.882897 0.169360 0.836281 
peppermint 0.810786 0.170176 -0.546970 0.154067 1.591428 
savory 1.246587 0.503155 -0.557502 0.711351 -0.620569 
lobster 1.338235 0.074133 0.465265 1.079150 -0.368491 
roasted_pork 0.322868 0.339273 -1.042776 0.818463 -0.047997 
