224 5
</s> 0.080054 0.088388 -0.076605 -0.065561 0.027332 
egg 0.629656 0.795169 -0.139261 0.405858 1.214982 
butter 0.770392 0.919320 -0.001747 0.416241 0.955861 
wheat 0.661801 0.795782 -0.184847 0.450451 1.165362 
onion 1.447542 0.021798 0.413896 0.060522 0.565043 
garlic 1.348222 -0.212413 0.651197 0.023976 0.790749 
milk 0.646409 1.176829 -0.220871 0.338605 1.202808 
vegetable_oil 1.030834 -0.106172 -0.089024 0.310097 0.967537 
cream 0.691738 0.784056 0.005281 0.565637 1.002766 
tomato 1.588172 0.112050 0.556915 -0.143717 0.529278 
olive_oil 1.272691 0.260862 0.904461 0.455829 0.451026 
black_pepper 1.218759 -0.043724 0.629077 0.343226 0.658764 
pepper 1.533163 -0.091855 0.050548 0.117403 0.503630 
vanilla 0.398369 1.234461 -0.995022 0.836158 1.802860 
cayenne 1.369865 -0.632596 0.153567 0.105850 0.933849 
vinegar 1.317450 -0.110505 0.184063 0.276894 0.633850 
cane_molasses 1.066942 0.501252 -0.785683 0.206389 0.973843 
bell_pepper 1.456029 -0.014778 0.567686 0.063519 0.571355 
cinnamon 0.694313 0.751189 -0.578826 0.959751 1.049860 
parsley 1.102087 0.484845 0.952026 0.302167 0.662685 
chicken 1.244076 -0.087566 0.092433 0.185377 0.768485 
lemon_juice 0.896244 0.208690 0.275460 0.886040 0.658084 
beef 1.437374 -0.125066 0.430494 -0.294654 0.865551 
cocoa 0.419765 1.227550 -1.053320 0.564001 1.948804 
corn 1.432468 0.181533 -0.318041 -0.132676 0.693270 
bread 1.149284 0.762254 0.511260 0.197508 0.590015 
scallion 1.027274 -0.626506 0.467705 0.097950 1.394001 
mustard 1.281889 0.237681 0.066041 0.348446 0.522592 
ginger 0.809073 -0.689757 -0.011600 0.676106 1.394629 
basil 1.387629 0.574998 1.130957 -0.092454 0.602647 
celery 1.459003 0.272686 0.552054 0.229388 0.381946 
carrot 1.332275 -0.171453 0.570392 0.133289 0.732007 
potato 1.473377 0.247935 0.471346 0.087984 0.456486 
chicken_broth 1.371480 0.141093 0.551398 0.372781 0.424011 
yeast 0.816948 1.270260 -0.249040 0.169768 1.054017 
rice 0.996974 -0.624053 0.284256 0.054081 1.488439 
mushroom 1.202357 0.351446 0.870016 -0.316346 1.007319 
cheese 1.088633 0.750299 0.524337 -0.127524 0.851029 
soy_sauce 0.940809 -0.942161 0.284527 0.136623 1.772161 
cumin 1.706866 -0.602083 -0.359695 0.334922 0.480602 
oregano 1.552102 0.377916 0.900897 -0.235875 0.556486 
parmesan_cheese 1.146957 0.874952 1.167997 -0.332536 0.953551 
macaroni 1.297236 0.584810 1.266578 -0.393381 0.924322 
thyme 1.478870 0.630608 1.024874 0.371545 0.211213 
cheddar_cheese 1.473205 0.761569 0.022145 -0.764181 0.895695 
lard 0.688042 0.994715 -0.528518 0.370191 1.265416 
lemon 0.800227 0.280277 0.351483 1.139519 0.625732 
cream_cheese 0.551154 0.951097 -0.231788 0.722296 1.168141 
walnut 0.576135 1.053574 -0.681747 0.876139 1.254480 
green_bell_pepper 1.677953 0.152246 0.343760 -0.328399 0.544160 
starch 0.628355 0.043201 0.033207 0.445587 1.348997 
nutmeg 0.634034 1.056970 -0.320205 0.692903 1.106749 
honey 0.803215 0.111445 -0.375191 0.819523 0.998715 
apple 1.021237 0.665090 -0.660705 0.865445 0.633894 
almond 0.553380 0.653051 -0.442912 1.061662 1.184872 
cilantro 1.536262 -0.903314 -0.012212 0.664253 0.586409 
pecan 0.638157 1.133658 -0.868211 0.801844 1.279743 
white_wine 1.117169 0.130261 1.150091 0.638718 0.582457 
bacon 1.537793 0.569259 0.405541 -0.193863 0.473748 
pork 1.272096 -0.131488 0.187459 0.142399 0.762639 
raisin 0.834065 0.789177 -0.833342 0.793539 1.027824 
bean 1.628697 -0.199446 0.360533 -0.285164 0.698008 
rosemary 1.461907 0.949596 1.070016 0.241587 0.247289 
fish 0.958142 -0.785834 0.763421 0.621954 1.244779 
cucumber 0.795504 -0.248336 0.283094 0.492828 1.198937 
olive 1.383536 0.319460 0.785912 0.058159 0.550371 
coconut 0.853984 -0.186063 -1.117615 0.777379 1.383483 
orange 0.686113 0.402093 -0.241270 1.586994 0.750978 
tamarind 1.632375 0.122549 -0.257991 -0.147865 0.507474 
vegetable 0.919451 -0.451691 0.519228 0.006893 1.485858 
orange_juice 0.732284 0.315681 -0.307207 1.541291 0.764276 
buttermilk 0.869755 1.016332 -0.528094 0.226484 1.058634 
pineapple 0.752353 0.155202 -0.854165 1.405915 1.032022 
shrimp 1.048434 -0.716973 0.991532 0.439117 1.222013 
coriander 1.670730 -0.744892 -0.544614 0.699821 0.455285 
bay 1.571230 0.137117 0.708980 0.485853 0.171026 
lime_juice 1.337312 -0.945867 -0.123364 1.160590 0.606265 
red_wine 1.310758 0.283122 0.633815 0.679761 0.263284 
gelatin 0.447790 0.815675 -0.770328 1.432727 1.373453 
pork_sausage 1.631733 0.780918 0.797432 -0.328800 0.446059 
sesame_oil 0.914029 -1.105064 0.411049 0.068946 2.096755 
chive 0.736158 0.601832 0.518777 0.522182 0.916960 
seed 1.541464 0.516459 -0.572861 0.537365 0.192285 
mozzarella_cheese 1.280038 1.280999 1.176747 -0.659562 0.970050 
ham 1.313960 0.835523 0.419918 -0.025911 0.558434 
oat 0.783347 1.102302 -1.488769 0.291944 1.678430 
turmeric 1.771341 -0.847239 -0.694984 0.474328 0.569289 
nut 0.585007 0.191899 0.163613 0.471853 1.335821 
shallot 1.013783 -0.018751 1.020967 1.088283 0.503820 
lettuce 1.154584 -0.280787 0.334055 0.531303 0.723017 
cider 1.527370 0.150851 -0.349225 0.477189 0.266462 
dill 1.266585 0.322689 0.387556 0.443682 0.424701 
pea 1.335758 -0.235886 0.414144 -0.044817 0.873109 
zucchini 1.378547 0.388309 0.502917 -0.016031 0.559126 
cherry 0.459677 0.808122 -0.639899 1.411575 1.274749 
lime 1.087694 -0.742366 -0.246834 1.323323 0.750504 
yogurt 1.107419 -0.011043 -0.378637 1.069300 0.525706 
strawberry 0.495716 0.764313 -0.728424 1.817544 1.186808 
soybean 0.875661 -0.895793 0.352372 0.031950 1.972297 
celery_oil 1.760095 0.026842 -0.399809 -0.277008 0.499346 
peanut_butter 0.712288 0.192152 -1.272128 -0.202901 2.181882 
banana 0.685206 0.456902 -1.143927 1.147814 1.328184 
meat 1.400669 0.395010 0.362551 0.199479 0.420298 
tabasco_pepper 1.564084 -0.018811 -0.033621 -0.042906 0.540879 
milk_fat 0.535873 1.244108 0.258356 0.669458 1.029533 
cabbage 1.489772 -0.354842 0.179762 0.143584 0.629006 
mint 0.998603 -0.274002 0.210153 1.228586 0.565216 
fennel 1.389931 0.734640 1.258528 0.334557 0.338321 
sage 1.512081 1.081269 0.836295 0.375414 0.082424 
broccoli 1.251071 0.259890 0.454678 -0.645577 1.201132 
turkey 1.518580 0.549904 0.340755 0.031289 0.350880 
fenugreek 1.743906 -0.890631 -0.772445 0.519722 0.608101 
cranberry 0.852548 0.994043 -0.462228 1.516432 0.551538 
wine 0.892069 -0.182709 0.526448 0.675593 0.911564 
beef_broth 1.403524 -0.136712 0.698558 -0.013832 0.738287 
grape_juice 1.195588 0.396317 0.764959 0.891960 0.253723 
pumpkin 0.293742 0.292206 0.163254 0.398541 1.799166 
raspberry 0.497446 1.070819 -0.465394 1.767582 1.041615 
whole_grain_wheat_flour 0.980214 1.016322 -0.746090 0.180948 1.023702 
lemon_peel 0.508019 0.808707 0.320514 1.206872 0.872895 
coffee 0.618406 1.215210 -0.782862 0.470383 1.415100 
sesame_seed 0.765135 -0.608483 -0.086929 0.207177 1.735903 
avocado 1.360851 -0.673216 0.190658 0.829891 0.515245 
sherry 0.949320 0.088693 0.599258 0.693585 0.717630 
sake 0.725256 -0.950996 0.698683 0.232638 2.162506 
feta_cheese 1.097741 0.270775 0.817817 0.489426 0.597186 
apricot 0.769183 0.675759 -0.518606 1.251529 0.782937 
roasted_sesame_seed 0.987296 -1.197608 0.548203 -0.024217 2.173198 
rum 0.609149 0.538883 -0.940861 1.550259 1.203474 
orange_peel 0.599276 0.917633 -0.056897 1.456582 0.812265 
squash 1.416100 0.387409 0.425009 0.139729 0.444118 
crab 0.908141 -0.175335 0.728239 0.570271 0.949010 
marjoram 1.587529 0.987779 0.781138 0.362106 0.014373 
swiss_cheese 1.395347 1.151597 0.168469 -0.453386 0.682415 
sweet_potato 1.015731 0.220324 -0.367780 0.727147 0.712801 
shiitake 0.781254 -0.607850 0.993930 0.073228 1.856382 
radish 0.883060 -1.007482 0.728105 0.447447 1.696708 
peach 0.811503 0.416419 -0.866621 1.435987 0.877942 
tarragon 0.995900 0.177013 1.030794 0.954365 0.522039 
black_bean 1.820164 -0.618219 0.018869 -0.199626 0.639628 
lamb 1.412561 0.011553 0.441193 1.044268 0.068019 
maple_syrup 0.983261 0.759946 -0.697979 0.541060 0.815345 
pear 0.304420 -0.045556 0.256213 1.164952 1.459413 
fruit 0.508239 0.580965 -0.756608 1.553222 1.280611 
blueberry 0.518664 1.199898 -0.727377 1.681663 1.172603 
clam 0.918936 -0.497311 1.674426 0.486625 1.380243 
smoke 1.610459 0.428133 0.409493 0.212272 0.200072 
tuna 1.016993 -0.234985 0.574246 0.041974 1.161594 
kidney_bean 2.221066 -0.123881 0.317055 -0.710187 0.398382 
peanut 0.860604 -0.436545 -0.870801 0.056339 1.820237 
asparagus 0.971342 0.375263 0.906671 0.228954 0.886880 
salmon 0.906323 -0.142089 0.544894 0.812554 0.790956 
leek 1.293141 0.236726 1.007101 0.611232 0.374908 
chickpea 1.680477 -0.413322 0.276636 0.321980 0.365101 
blue_cheese 1.011603 0.740959 0.572574 0.651703 0.477812 
brandy 0.566405 0.845657 0.109127 1.644820 0.736988 
artichoke 1.062541 0.751663 1.239396 0.196963 0.721631 
horseradish 1.437911 0.344049 0.026488 0.366390 0.316855 
mango 1.124177 -0.671954 -0.521051 1.406481 0.691172 
date 0.609190 0.982955 -0.835804 1.205472 1.212293 
cardamom 0.887376 0.186905 -0.483882 0.999253 0.815417 
white_bread 1.106497 0.984751 0.546387 0.343801 0.507890 
oyster 0.863568 -0.601586 0.929574 0.165296 1.580642 
cottage_cheese 1.057907 1.259797 0.354433 -0.535031 1.080332 
grape 1.010439 0.074895 -0.572853 1.478108 0.533881 
brown_rice 1.370142 0.003227 0.026577 -0.087336 0.767604 
cauliflower 1.355781 0.133904 0.239908 -0.231683 0.830917 
cured_pork 1.275002 1.220780 1.455119 -0.159105 0.715706 
egg_noodle 1.347192 0.529144 0.295476 -0.622538 0.974639 
beer 1.664404 0.145411 -0.157023 0.306365 0.186046 
hazelnut 0.360724 1.166835 0.268949 1.083057 1.128667 
mandarin 0.719117 0.090694 -0.744242 1.481024 1.031673 
romano_cheese 1.148155 0.814597 1.386129 -0.103979 0.826906 
plum 0.886336 0.522443 -0.178309 1.255495 0.549884 
pimento 1.408699 0.279974 0.403312 -0.120154 0.648508 
smoked_sausage 2.262285 0.457092 0.280943 -0.353068 -0.019983 
scallop 0.912929 -0.156983 1.433639 0.848866 0.869153 
goat_cheese 0.982054 0.954304 0.941270 0.878263 0.371567 
lentil 1.750154 -0.275387 0.167529 0.123180 0.351750 
currant 0.692561 0.927879 -0.190003 1.402583 0.702850 
saffron 1.069365 -0.092750 0.878029 0.974501 0.523782 
barley 1.119642 -0.161849 0.160962 -0.123031 1.169297 
caraway 2.150652 1.136542 -0.779372 0.207488 -0.290433 
beet 1.404936 0.164183 0.494944 1.242322 -0.038265 
squid 0.813671 -0.871689 1.384558 0.395061 1.834639 
corn_flake 0.944168 0.784218 -0.580509 -0.275145 1.318728 
anise 0.418399 0.580027 0.457848 0.966808 1.167184 
roasted_beef 1.591260 0.316205 0.311355 -0.046591 0.417749 
pistachio 0.495581 0.697263 -0.291252 1.385362 1.075525 
peanut_oil 1.190707 -0.903538 -0.011458 0.213649 1.303986 
cereal 0.873948 0.672505 -1.307919 -0.186301 1.781538 
cashew 1.098339 -0.342287 -0.620622 0.513870 1.028896 
veal 1.112873 0.728004 1.253301 0.654782 0.423154 
seaweed 0.733102 -1.186096 0.620783 0.427100 2.176673 
turnip 1.889110 0.231843 0.637787 0.799517 -0.281717 
sauerkraut 2.297107 1.281212 -0.446373 -0.316767 -0.188223 
berry 0.776922 1.437057 -0.637093 1.812118 0.654986 
kelp 0.623529 -1.023021 1.130289 0.187108 2.588295 
tomato_juice 1.799543 0.009649 0.443187 -0.243054 0.419563 
cod 1.117455 -0.335113 0.869457 0.485724 0.843918 
provolone_cheese 1.313581 1.319631 1.231612 -0.234047 0.668233 
mussel 1.102348 -0.644712 1.805803 0.812167 1.032860 
blackberry 0.468847 1.371016 -0.571783 1.762774 1.152872 
roasted_peanut 1.022953 -0.711903 -0.824109 0.231023 1.567932 
rhubarb 0.431044 1.368007 -0.653698 1.257056 1.378800 
chinese_cabbage 0.817439 -1.186121 0.957630 0.281029 2.272897 
corn_grit 1.734265 0.061386 0.399216 -0.237732 0.458758 
chicory 0.800146 0.034899 1.160658 1.205106 0.683673 
bourbon_whiskey 1.290695 1.338492 -1.019701 1.164596 0.290043 
citrus 0.111115 0.248343 0.051287 2.052284 1.444349 
lima_bean 2.165341 0.102383 0.165200 -0.189547 0.055928 
lovage 1.175297 -0.041252 0.610343 0.663388 0.521670 
melon 1.034673 -0.315668 -0.642187 2.118110 0.538669 
parsnip 1.812836 0.317279 0.633105 0.887359 -0.275061 
fig 0.564031 1.233372 0.395716 1.603287 0.603382 
lemongrass 1.313011 -1.310423 -0.208268 0.828596 1.094174 
whiskey 1.385859 1.111480 -1.318151 1.189258 0.331311 
watercress 0.965645 -0.230785 0.635206 1.320370 0.528700 
tequila 1.002065 -0.578157 -0.288166 2.027392 0.535218 
rye_flour 1.736788 1.778685 -0.927154 0.111428 0.181880 
peppermint 0.293266 1.044450 -0.535467 0.454087 1.864002 
savory 1.432269 0.596802 1.028303 0.571491 0.155441 
lobster 0.890452 -0.111449 1.365854 1.024050 0.764683 
roasted_pork 1.747247 0.460645 -0.135634 0.729743 -0.200415 
