224 5
</s> 0.080054 0.088388 -0.076605 -0.065561 0.027332 
egg -0.007320 0.175750 -0.003811 1.328715 0.945515 
butter 0.052426 0.222044 -0.169363 1.503138 0.602778 
wheat 0.006799 0.304465 -0.169330 1.408971 0.770280 
onion 0.513965 0.765164 0.822512 1.041854 0.222386 
garlic 0.640530 0.616055 1.086959 0.907099 0.410777 
milk -0.205510 0.054939 -0.161668 1.643288 0.801593 
vegetable_oil 0.395442 0.656807 0.450838 0.875985 0.767546 
cream 0.191739 0.043113 -0.094901 1.398439 0.744813 
tomato 0.658278 0.687770 0.961351 1.137920 -0.004036 
olive_oil 1.054882 0.099446 0.684535 1.271104 -0.035979 
black_pepper 0.684657 0.494925 0.788475 0.972759 0.381298 
pepper 0.639349 0.864942 0.573483 1.051254 0.102636 
vanilla -0.261364 0.215306 -0.891911 1.652655 1.748789 
cayenne 0.780037 0.989604 0.991237 0.583355 0.707684 
vinegar 0.405416 0.841628 0.754907 0.867575 0.578916 
cane_molasses -0.186073 1.082254 -0.243888 1.189076 0.825510 
bell_pepper 0.766617 0.639614 0.885478 1.011737 0.160128 
cinnamon 0.291172 0.601165 -0.684665 1.290025 0.944952 
parsley 0.612378 0.051468 0.705100 1.336575 0.167427 
chicken 0.724728 0.714100 0.472575 0.956600 0.299166 
lemon_juice 0.905978 0.039027 0.095578 1.067880 0.619117 
beef 0.123500 0.938200 1.147436 0.986843 0.463974 
cocoa -0.545228 0.318816 -0.696490 1.593036 1.983580 
corn -0.015115 1.078521 0.450349 1.046439 0.540655 
bread 0.229610 0.304923 0.566017 1.434510 0.159969 
scallion 0.649938 0.674724 1.272358 0.534146 1.194504 
mustard 0.238062 0.779491 0.410715 1.104964 0.420267 
ginger 0.777599 0.745670 0.498890 0.445394 1.357767 
basil 0.641647 0.048782 1.129081 1.556537 -0.216600 
celery 0.511190 0.817672 0.700571 1.221996 -0.065714 
carrot 0.648407 0.767829 0.861021 0.899476 0.366597 
potato 0.400123 0.753817 0.809338 1.193917 0.067770 
chicken_broth 0.841248 0.600451 0.555594 1.123547 0.020647 
yeast -0.297815 0.283453 -0.071363 1.680949 0.527842 
rice 0.640049 0.780187 1.011565 0.541638 1.088196 
mushroom 0.133599 0.389053 1.135627 1.321593 0.249468 
cheese 0.195295 0.007707 0.703466 1.526625 0.192971 
soy_sauce 0.560069 1.000321 1.246904 0.360923 1.564945 
cumin 1.237893 1.301010 0.320401 0.653710 0.221119 
oregano 0.583829 0.461391 1.067139 1.415706 -0.248395 
parmesan_cheese 0.178786 -0.278307 1.079759 1.759576 0.052453 
macaroni 0.413237 -0.120523 1.274287 1.569876 0.011429 
thyme 0.699917 0.335910 0.797763 1.510963 -0.309696 
cheddar_cheese -0.270681 0.742660 0.793439 1.435534 0.208128 
lard -0.224034 0.405584 -0.352961 1.440910 1.108421 
lemon 1.054642 -0.144547 -0.032370 1.108564 0.654257 
cream_cheese 0.024063 -0.200094 -0.207810 1.525036 1.063819 
walnut 0.078458 0.416527 -0.874435 1.515500 1.193166 
green_bell_pepper 0.351399 0.931996 0.951629 1.185483 -0.010862 
starch 0.313496 0.314338 0.281482 0.896408 1.178670 
nutmeg 0.032687 0.448425 -0.538900 1.477442 0.836840 
honey 0.611735 0.663063 -0.254030 0.902260 0.944695 
apple 0.402416 0.796975 -0.757784 1.336308 0.577458 
almond 0.620748 0.284522 -0.650564 1.237854 0.952105 
cilantro 1.461043 0.910284 0.593655 0.469267 0.608550 
pecan -0.084547 0.408761 -0.836170 1.557220 1.289719 
white_wine 1.055819 -0.085327 0.840266 1.169976 0.215448 
bacon 0.001045 0.691338 0.810469 1.435958 0.040546 
pork 0.247049 1.069434 0.825308 0.884467 0.512846 
raisin 0.418528 0.921888 -0.842076 1.210097 0.814580 
bean 0.542260 1.090149 0.966888 0.936191 0.179435 
rosemary 0.534085 0.307807 0.705808 1.785829 -0.539654 
fish 1.099573 0.334116 1.162533 0.509003 1.173413 
cucumber 0.534656 0.201729 0.577400 0.817309 1.090426 
olive 0.808328 0.190458 0.821332 1.319402 -0.042623 
coconut 0.825396 0.949150 -0.603449 0.648850 1.436905 
orange 1.016785 0.133359 -0.684373 1.193412 0.839056 
tamarind -0.147027 1.336247 0.720406 1.038453 0.444098 
vegetable 0.502071 0.632267 1.140082 0.657686 1.032798 
orange_juice 1.046623 0.240528 -0.718583 1.132133 0.878395 
buttermilk -0.202196 0.358877 -0.282179 1.562992 0.740267 
pineapple 0.826239 0.370023 -0.672952 0.937950 1.367610 
shrimp 0.977088 0.202318 1.441474 0.652098 1.055436 
coriander 1.508742 1.454178 0.006884 0.541784 0.381896 
bay 0.720917 0.669444 0.837811 1.193674 -0.073103 
lime_juice 1.654079 0.689772 0.246650 0.395076 0.961482 
red_wine 0.840769 0.333497 0.509435 1.231912 0.032779 
gelatin 0.546960 -0.017799 -0.892372 1.318033 1.651720 
pork_sausage 0.121777 0.473455 1.040889 1.767531 -0.373339 
sesame_oil 0.630918 0.854390 1.432979 0.340728 1.821625 
chive 0.323878 -0.217873 0.408996 1.284741 0.788508 
seed 0.497288 1.194194 -0.237660 1.209179 0.090804 
mozzarella_cheese -0.058739 -0.164900 1.202243 2.000109 -0.171652 
ham 0.097296 0.345264 0.633302 1.554558 0.060225 
oat -0.442658 1.093347 -1.006247 1.518325 1.487792 
turmeric 1.571121 1.566167 0.044197 0.459322 0.436103 
nut 0.454014 0.181003 0.237492 1.002342 0.973312 
shallot 1.321254 -0.072240 0.616401 0.995808 0.387932 
lettuce 0.942403 0.225348 0.621722 0.899919 0.543599 
cider 0.332583 1.250716 0.048577 0.977158 0.410594 
dill 0.631651 0.285205 0.574652 1.199506 0.241243 
pea 0.749752 0.675397 0.918840 0.915189 0.321746 
zucchini 0.758260 0.468598 0.556130 1.304426 -0.135302 
cherry 0.491653 0.159757 -1.052996 1.431402 1.522245 
lime 1.641821 0.418294 0.082774 0.453299 1.095113 
yogurt 1.266576 0.579604 -0.415339 0.918573 0.520599 
strawberry 0.985470 -0.329284 -1.056772 1.481250 1.392618 
soybean 0.516164 0.937933 1.316899 0.379876 1.690217 
celery_oil -0.312260 1.729101 0.748257 0.990862 0.478031 
peanut_butter -0.256982 1.191200 -0.236279 0.772206 1.981089 
banana 0.530585 0.411682 -0.951820 1.147427 1.579506 
meat 0.352576 0.748200 0.576838 1.320437 -0.024306 
tabasco_pepper 0.120004 1.102749 0.875909 0.989810 0.394344 
milk_fat 0.052224 -0.243949 -0.193701 1.711628 0.662692 
cabbage 0.482463 1.133352 0.764576 0.806162 0.461463 
mint 1.642700 0.045883 -0.017233 0.836841 0.610037 
fennel 0.901299 0.011937 0.754927 1.663818 -0.403406 
sage 0.369456 0.560507 0.294169 1.874087 -0.620179 
broccoli 0.253904 0.469928 0.912466 1.178275 0.354494 
turkey 0.334688 0.713271 0.458180 1.452553 -0.180038 
fenugreek 1.563277 1.588962 -0.006219 0.480462 0.430528 
cranberry 0.718884 0.387569 -1.105585 1.579821 0.535487 
wine 0.741440 0.175085 0.627761 0.912633 0.730867 
beef_broth 0.261676 0.883984 1.301214 0.956764 0.439767 
grape_juice 1.090135 0.004904 0.359738 1.300912 0.031375 
pumpkin -0.163415 0.451227 0.301369 0.923697 1.602579 
raspberry 0.691496 -0.583826 -0.883145 1.694284 1.312090 
whole_grain_wheat_flour -0.205065 0.904798 -0.506674 1.498321 0.646378 
lemon_peel 0.776796 -0.509148 -0.292285 1.535507 0.644033 
coffee -0.503325 0.355652 -0.575318 1.629075 1.450328 
sesame_seed 0.511568 0.721274 0.653179 0.496618 1.485675 
avocado 1.261471 0.516009 0.566210 0.626453 0.641327 
sherry 0.821584 0.122591 0.506475 1.062093 0.464671 
sake 0.373040 0.623113 1.487977 0.470506 1.889873 
feta_cheese 1.208348 -0.186432 0.652286 1.296580 0.002543 
apricot 0.761944 0.493654 -0.881143 1.317546 0.666294 
roasted_sesame_seed 0.668292 0.935432 1.670839 0.336131 1.793002 
rum 0.633186 0.242815 -1.007352 1.214361 1.638833 
orange_peel 0.810095 -0.030109 -0.856555 1.495622 0.799167 
squash 0.783591 0.709783 0.252129 1.312078 -0.226881 
crab 0.344017 0.043875 1.188421 0.992162 0.920731 
marjoram 0.494697 0.643361 0.327399 1.807503 -0.700298 
swiss_cheese -0.451358 0.540851 0.581169 1.822357 0.011077 
sweet_potato 0.616292 0.867961 -0.264712 0.978364 0.587944 
shiitake 0.283642 0.365664 1.797206 0.703737 1.505756 
radish 0.737894 0.358783 1.483069 0.516550 1.571723 
peach 0.917385 0.244898 -0.864510 1.190480 1.056208 
tarragon 1.017861 -0.194325 0.610284 1.241549 0.252574 
black_bean 0.975815 1.238429 0.908345 0.671440 0.246491 
lamb 1.450319 0.435919 0.037087 1.189572 -0.210029 
maple_syrup 0.042718 1.056187 -0.496581 1.191754 0.803604 
pear 0.831248 -0.034062 0.129797 0.755584 1.471189 
fruit 0.752706 0.060707 -0.937964 1.334743 1.295149 
blueberry 0.687444 -0.528002 -1.091538 1.786599 1.386104 
clam 0.980548 -0.248616 1.820472 0.897338 0.965666 
smoke 0.401763 0.754782 0.643003 1.372408 -0.143105 
tuna 0.669409 0.262028 0.991899 0.862041 0.705255 
kidney_bean 0.488891 1.626673 1.221756 1.082270 -0.279310 
peanut 0.285532 1.286451 0.107739 0.430834 1.705615 
asparagus 0.685633 -0.058375 0.745988 1.274985 0.276551 
salmon 1.016177 0.068096 0.629527 0.844014 0.725157 
leek 0.948940 0.198707 0.783520 1.346833 -0.143452 
chickpea 1.388642 1.033661 0.540920 0.808755 -0.046718 
blue_cheese 0.587247 -0.090742 0.270043 1.447813 0.242025 
brandy 0.763470 -0.105114 -0.747372 1.493772 0.799614 
artichoke 0.737667 -0.435715 0.925840 1.629409 -0.008156 
horseradish 0.146013 0.758757 0.541286 1.145793 0.421286 
mango 1.630196 0.579103 -0.266559 0.500187 1.089723 
date 0.395039 0.592039 -1.168684 1.406477 1.326854 
cardamom 1.095408 0.808011 -0.688875 0.983678 0.568379 
white_bread 0.117782 0.185456 0.276868 1.749666 -0.037154 
oyster 0.471436 0.462556 1.554401 0.688181 1.162466 
cottage_cheese -0.168610 -0.102332 0.484273 1.754891 0.298449 
grape 1.389787 0.313280 -0.747954 1.053076 0.685702 
brown_rice 0.613120 1.023544 0.376238 0.981274 0.182042 
cauliflower 0.688232 0.748640 0.591540 1.046807 0.131444 
cured_pork 0.333619 -0.174889 1.093181 2.038136 -0.424843 
egg_noodle -0.194631 0.719821 0.931500 1.417764 0.194919 
beer 0.222437 1.257102 0.541622 1.121184 0.100537 
hazelnut 0.243891 -0.230748 -0.490942 1.604544 0.994288 
mandarin 1.041312 0.098510 -0.680270 0.984101 1.299919 
romano_cheese 0.443318 -0.330246 1.038923 1.764608 -0.102465 
plum 0.875260 0.496469 -0.675228 1.206259 0.551386 
pimento 0.527426 0.479141 0.739404 1.249223 0.068445 
smoked_sausage 0.109112 1.450281 0.965748 1.432169 -0.379525 
scallop 1.373769 -0.400060 1.225148 0.966697 0.615405 
goat_cheese 0.901092 -0.353411 0.231265 1.670765 -0.089395 
lentil 1.149020 1.267437 0.521534 0.905238 -0.174164 
currant 0.798892 0.383782 -0.948275 1.456348 0.555641 
saffron 1.590392 0.129334 0.506768 0.976722 0.150935 
barley 0.333422 1.144144 0.695970 0.748584 0.711471 
caraway 0.224367 1.810459 -0.506703 1.716864 -0.589682 
beet 1.051447 0.426026 0.173738 1.180328 0.023417 
squid 0.982526 -0.008591 1.867280 0.585685 1.560372 
corn_flake -0.274771 0.826634 -0.033734 1.222755 0.884329 
anise 0.502140 -0.090794 0.030014 1.230536 0.846024 
roasted_beef 0.064763 0.926172 0.804138 1.259462 0.142753 
pistachio 0.751058 -0.045954 -0.730329 1.373977 0.957227 
peanut_oil 0.881870 1.056346 0.788391 0.339440 1.231234 
cereal -0.538944 1.295327 -0.438605 1.151471 1.552055 
cashew 0.865280 0.996072 -0.092976 0.648539 0.870204 
veal 0.593717 -0.132791 0.728102 1.637608 -0.122215 
seaweed 0.742759 0.419001 1.497015 0.374119 2.028262 
turnip 1.050300 0.975305 0.222899 1.439197 -0.615213 
sauerkraut -0.552118 1.776137 0.189900 1.976884 -0.528150 
berry 0.698312 -0.149885 -1.321370 2.006245 0.608334 
kelp 0.293433 0.305246 1.993329 0.607746 2.197052 
tomato_juice 0.292643 1.160450 1.131539 1.133947 -0.016521 
cod 0.979104 0.387162 1.093891 0.750199 0.621199 
provolone_cheese 0.062579 -0.313620 1.121381 2.092346 -0.234153 
mussel 1.602467 -0.248798 1.769725 0.802503 0.711015 
blackberry 0.580775 -0.680794 -1.109404 2.050935 1.174466 
roasted_peanut 0.643638 1.206093 0.119192 0.367610 1.527672 
rhubarb 0.033758 -0.247752 -0.881648 1.863294 1.381464 
chinese_cabbage 0.626774 0.461918 1.932779 0.456896 2.021098 
corn_grit 0.528871 0.845824 0.961820 1.133528 -0.002344 
chicory 1.189984 -0.499702 0.650862 1.162270 0.541309 
bourbon_whiskey -0.176580 1.211200 -1.094261 1.666595 0.778808 
citrus 1.018121 -0.334501 -0.646607 1.086050 1.737142 
lima_bean 0.527412 1.612527 0.888096 1.209854 -0.425223 
lovage 0.333111 0.445900 0.869553 0.984594 0.651380 
melon 1.905936 0.181920 -0.855688 0.857533 1.117224 
parsnip 1.065665 0.917833 0.285088 1.450873 -0.639497 
fig 0.838330 -0.271963 -0.778330 1.785883 0.349900 
lemongrass 1.787890 0.878268 0.549761 0.186174 1.201587 
whiskey 0.174525 1.292827 -1.232721 1.470166 0.828916 
watercress 1.299473 -0.091866 0.467523 0.907298 0.625926 
tequila 1.757047 0.201287 -0.275673 0.551704 1.334392 
rye_flour -0.474343 1.399490 -0.694897 2.068961 -0.147164 
peppermint -0.387815 -0.175073 -0.238476 1.519051 1.777754 
savory 0.896699 0.435803 0.662076 1.517381 -0.472189 
lobster 1.351305 -0.390044 1.074545 1.022748 0.515824 
roasted_pork 0.477153 1.248655 -0.098341 1.337171 -0.211148 
