224 5
</s> 0.080054 0.088388 -0.076605 -0.065561 0.027332 
egg 0.788139 -0.159421 -0.469679 1.028125 0.120751 
butter 0.986929 -0.113197 -0.388049 0.915148 0.041659 
wheat 0.794977 -0.148050 -0.577905 1.059909 0.155749 
onion 0.620984 0.790404 0.403193 0.920016 0.090712 
garlic 0.672797 0.729795 0.689385 0.795004 0.287491 
milk 1.025786 -0.060174 -0.793802 0.980545 0.165277 
vegetable_oil 0.377421 0.277299 0.070389 0.975754 0.425263 
cream 0.987860 -0.219946 -0.269283 0.792044 0.262247 
tomato 0.700254 1.028012 0.566770 0.833038 0.183950 
olive_oil 1.157940 0.431670 0.843393 0.518414 0.297050 
black_pepper 0.679830 0.427678 0.694542 0.862770 0.099153 
pepper 0.730205 0.832575 0.292172 0.724644 0.448140 
vanilla 1.066873 -0.572862 -1.505785 1.419809 0.576375 
cayenne 0.224677 0.939807 0.423423 0.951317 0.724715 
vinegar 0.176015 0.318070 0.462177 1.245577 0.055188 
cane_molasses 0.149074 -0.033990 -0.607156 1.503967 0.094363 
bell_pepper 0.741106 0.882084 0.544625 0.736514 0.347107 
cinnamon 0.798773 -0.403217 -0.708327 1.116197 0.459860 
parsley 1.177629 0.331918 0.706699 0.620686 -0.013265 
chicken 0.734357 0.694927 0.268677 0.662205 0.569029 
lemon_juice 0.881648 -0.251314 0.360004 0.627011 0.525149 
beef 0.214700 0.790529 0.609846 1.229290 -0.027808 
cocoa 0.962496 -0.296075 -1.703824 1.519874 0.512036 
corn 0.251197 0.770879 -0.212168 1.206750 0.124737 
bread 0.954636 0.423220 0.357156 0.882118 -0.267804 
scallion 0.079880 0.473100 0.704047 1.002021 0.816943 
mustard 0.292948 0.065563 0.345526 1.302112 -0.179817 
ginger 0.029610 -0.205501 0.247003 1.063086 1.126897 
basil 1.396101 0.689449 0.807870 0.481124 0.082964 
celery 0.742831 0.569693 0.626067 0.944352 -0.134672 
carrot 0.526335 0.664920 0.692323 0.881947 0.350940 
potato 0.725059 0.737929 0.454884 0.923225 -0.061086 
chicken_broth 0.992961 0.597007 0.615401 0.628946 0.232915 
yeast 0.963844 0.177072 -0.642667 1.035332 -0.146364 
rice 0.111658 0.474937 0.467738 0.972830 0.914687 
mushroom 0.752932 0.783451 0.672434 0.867190 -0.024221 
cheese 1.168209 0.624850 0.113089 0.654535 -0.027231 
soy_sauce -0.439761 0.247056 0.696006 1.426691 1.050873 
cumin 0.676133 1.149960 0.036823 0.612731 1.172974 
oregano 1.067782 1.069623 0.648358 0.666115 0.091435 
parmesan_cheese 1.603972 0.691233 0.479102 0.471414 -0.129658 
macaroni 1.405488 0.934275 0.741025 0.502132 0.056301 
thyme 1.153944 0.322009 0.941036 0.817789 -0.362632 
cheddar_cheese 0.829893 1.206420 -0.224306 0.973810 -0.158495 
lard 0.868568 -0.159810 -0.826166 1.142952 0.091229 
lemon 1.013896 -0.554930 0.418045 0.600141 0.516938 
cream_cheese 0.904602 -0.330793 -0.567323 1.034462 0.095580 
walnut 1.004988 -0.546900 -0.931609 1.216553 0.269593 
green_bell_pepper 0.537834 1.229926 0.296584 1.015447 0.066753 
starch 0.155993 -0.264982 -0.070953 1.174670 0.500227 
nutmeg 0.941425 -0.455844 -0.538228 1.047129 0.124880 
honey 0.279448 -0.397537 -0.164497 1.185336 0.593442 
apple 0.708205 -0.440129 -0.480208 1.129563 0.306638 
almond 0.957320 -0.499427 -0.585769 0.913688 0.608102 
cilantro 0.466130 0.818309 0.322609 0.646029 1.357628 
pecan 0.830211 -0.659734 -1.065522 1.387104 0.333182 
white_wine 1.097332 0.119244 1.150504 0.537320 0.332380 
bacon 0.670497 0.704556 0.328588 1.126021 -0.371758 
pork 0.127491 0.417150 0.497497 1.252807 0.020404 
raisin 0.849588 -0.237933 -0.828417 1.039631 0.620154 
bean 0.362703 1.122079 0.404549 1.063009 0.212907 
rosemary 1.429094 0.542980 0.688895 0.764988 -0.536636 
fish 0.333894 0.187204 1.096705 0.770342 1.081393 
cucumber 0.278682 -0.110604 0.396061 0.978682 0.525733 
olive 1.167685 0.756967 0.663753 0.548010 0.182212 
coconut 0.544084 0.051291 -0.923173 0.941714 1.512211 
orange 0.847339 -0.994302 -0.104033 0.978680 0.684924 
tamarind -0.090678 0.602161 0.230557 1.630928 -0.313137 
vegetable 0.100051 0.450221 0.800229 1.028437 0.703661 
orange_juice 0.622251 -0.973419 0.047991 0.992212 0.795781 
buttermilk 0.871655 -0.049588 -0.673444 1.062758 0.054258 
pineapple 0.390570 -0.802217 -0.477533 1.280856 0.836202 
shrimp 0.367300 0.246631 1.291874 0.881630 0.767316 
coriander 0.883345 0.878181 -0.002516 0.378744 1.605957 
bay 0.698454 0.524819 0.994199 0.976008 -0.115756 
lime_juice 0.419212 0.283997 0.329240 0.621775 1.577126 
red_wine 0.774861 0.043380 0.769800 0.901911 -0.114896 
gelatin 0.957035 -0.986659 -0.981084 1.280819 0.834369 
pork_sausage 1.132805 1.019231 0.474942 0.921965 -0.472589 
sesame_oil -0.651377 0.249249 1.018611 1.629896 1.344127 
chive 0.872638 -0.285267 0.310742 0.857178 -0.024073 
seed 0.366913 0.434271 -0.256872 1.203312 0.163013 
mozzarella_cheese 1.658989 1.039574 0.325006 0.576592 -0.326679 
ham 0.942491 0.583578 0.331194 0.997305 -0.468406 
oat 0.547640 -0.048497 -1.690766 1.726970 0.444621 
turmeric 0.743265 0.996107 0.002008 0.457802 1.687426 
nut 0.571455 -0.145607 0.150044 0.842042 0.531280 
shallot 1.017247 -0.271847 1.142151 0.587228 0.412650 
lettuce 0.407039 0.107276 0.579871 0.895171 0.449184 
cider 0.063179 0.013589 0.131465 1.473233 -0.143089 
dill 0.695678 0.085700 0.579173 0.901624 -0.017720 
pea 0.617558 0.795031 0.667061 0.718759 0.609693 
zucchini 1.252670 0.881778 0.145064 0.450099 0.379357 
cherry 0.931374 -1.124202 -0.771928 1.293133 0.628282 
lime 0.515211 -0.119363 0.161324 0.634635 1.584130 
yogurt 0.976976 -0.118573 -0.093405 0.455474 1.229640 
strawberry 1.249757 -1.301831 -0.786493 1.070589 1.070385 
soybean -0.439452 0.244371 0.840537 1.392411 1.265617 
celery_oil -0.287844 0.832264 0.105333 1.805824 -0.305206 
peanut_butter 0.097427 0.484108 -1.429090 1.516079 1.072632 
banana 0.770730 -0.603507 -1.061811 1.176602 0.985304 
meat 0.601462 0.519241 0.519884 1.088018 -0.241056 
tabasco_pepper 0.095918 0.630868 0.356823 1.371035 -0.131739 
milk_fat 1.353844 -0.453504 -0.308146 0.756735 0.012637 
cabbage 0.006802 0.624014 0.448479 1.318265 0.199078 
mint 1.084031 -0.139051 0.372352 0.309359 1.188128 
fennel 1.496647 0.624565 0.878548 0.533542 -0.060333 
sage 1.215207 0.342597 0.472602 1.069835 -0.844199 
broccoli 0.868878 0.894422 0.213114 0.659783 0.321982 
turkey 0.821891 0.665513 0.226886 0.920779 -0.150837 
fenugreek 0.844692 0.969599 -0.095433 0.407778 1.685713 
cranberry 0.810699 -1.034818 -0.202697 1.295896 -0.043228 
wine 0.490858 -0.123058 0.658105 0.836891 0.477186 
beef_broth 0.201990 0.675271 0.960096 1.258708 0.002857 
grape_juice 1.046307 -0.189603 0.836959 0.674812 0.060276 
pumpkin 0.075969 -0.394150 -0.169857 1.225244 0.642597 
raspberry 1.356094 -1.311564 -0.504005 1.076534 0.423131 
whole_grain_wheat_flour 0.655535 0.154111 -0.956266 1.204112 0.279131 
lemon_peel 1.366078 -0.736492 0.169968 0.613277 0.255612 
coffee 0.842145 -0.312244 -1.277461 1.442986 0.147206 
sesame_seed -0.194571 0.116599 0.248028 1.209165 0.993954 
avocado 0.370209 0.415144 0.442904 0.749750 0.982455 
sherry 0.699287 -0.169663 0.700235 0.802278 0.281102 
sake -0.622681 -0.032021 1.068321 1.747694 1.012338 
feta_cheese 1.302982 0.292121 0.764539 0.366114 0.391479 
apricot 0.925756 -0.652246 -0.489478 0.947499 0.661450 
roasted_sesame_seed -0.652143 0.541687 1.187404 1.695269 1.397339 
rum 0.822383 -0.932763 -0.939332 1.250664 0.946112 
orange_peel 1.165693 -1.124089 -0.041850 0.898132 0.322713 
squash 1.169487 0.714629 0.126062 0.546441 0.272835 
crab 0.381430 0.080358 0.927796 1.023958 0.154643 
marjoram 1.202076 0.453720 0.663302 1.023866 -0.804004 
swiss_cheese 1.006015 0.749420 -0.145495 1.154034 -0.707381 
sweet_potato 0.568978 -0.109576 -0.158591 0.935280 0.510981 
shiitake -0.046159 0.114494 1.452107 1.241301 0.699845 
radish -0.271028 0.027478 1.263181 1.347304 1.024066 
peach 0.785650 -0.880035 -0.473720 1.000936 0.988562 
tarragon 0.971981 -0.325303 1.071539 0.726750 0.110891 
black_bean 0.317776 1.696095 0.196253 0.920164 0.882622 
lamb 1.224221 0.352987 0.551739 0.367000 0.634266 
maple_syrup 0.287871 -0.125575 -0.636400 1.454541 0.120715 
pear 0.341274 -0.950879 0.371996 1.055310 0.806239 
fruit 0.959141 -0.988575 -0.783878 1.153464 0.862276 
blueberry 1.616525 -1.249107 -0.797073 0.910227 0.844034 
clam 0.533105 0.184356 1.825508 0.821038 0.764651 
smoke 0.635751 0.677765 0.494787 1.170720 -0.445777 
tuna 0.379877 0.342192 0.769169 0.835098 0.591355 
kidney_bean 0.396518 1.959817 0.296889 1.219570 0.127396 
peanut -0.201864 0.420371 -0.736623 1.349604 1.291319 
asparagus 1.002624 0.194018 0.696629 0.593996 0.263213 
salmon 0.545577 -0.251808 0.828533 0.753300 0.632339 
leek 1.210118 0.271822 1.042333 0.604316 0.103108 
chickpea 0.936948 1.106304 0.544856 0.443877 0.912314 
blue_cheese 0.973844 -0.349324 0.452495 0.914328 -0.285437 
brandy 1.182718 -1.225686 -0.099548 1.021719 0.221974 
artichoke 1.461056 0.344230 0.796435 0.461097 0.015320 
horseradish 0.154206 -0.053096 0.483133 1.530267 -0.496638 
mango 0.560190 -0.177388 -0.050634 0.618940 1.669343 
date 1.015733 -0.838178 -1.028732 1.312307 0.537551 
cardamom 0.956383 -0.034688 -0.474289 0.597513 1.127115 
white_bread 1.232885 0.203925 0.175409 0.874071 -0.494738 
oyster -0.028330 0.204279 1.235039 1.169852 0.708975 
cottage_cheese 1.480918 0.606745 -0.244195 0.618368 -0.249243 
grape 0.790875 -0.736925 -0.055847 0.800928 0.969595 
brown_rice 0.665416 0.789964 0.117025 0.756033 0.471572 
cauliflower 0.935556 0.822473 0.332545 0.573314 0.480623 
cured_pork 1.785464 0.756563 0.816859 0.613460 -0.499049 
egg_noodle 0.873214 1.056497 0.078469 0.896827 -0.137480 
beer 0.201938 0.606691 0.225384 1.320287 -0.099122 
hazelnut 1.266262 -0.812363 -0.290590 0.973327 -0.024610 
mandarin 0.375086 -1.036857 -0.215042 1.273617 0.930112 
romano_cheese 1.687558 0.637156 0.757793 0.399316 -0.097650 
plum 0.857665 -0.764588 -0.055302 0.909206 0.458547 
pimento 0.956034 0.883701 0.409760 0.687971 0.159570 
smoked_sausage 0.485494 1.278816 0.494426 1.504387 -0.673696 
scallop 1.083739 -0.021153 1.479530 0.458773 0.762197 
goat_cheese 1.438993 -0.276718 0.610415 0.654556 -0.243733 
lentil 0.869146 1.204159 0.274482 0.537640 0.803385 
currant 1.194274 -0.855660 -0.345291 0.895818 0.381986 
saffron 1.454085 0.191009 0.932352 0.152555 0.960988 
barley 0.143223 0.415924 0.315670 1.080078 0.523530 
caraway 0.573669 1.117135 -0.615544 1.519099 -0.474076 
beet 0.512602 -0.383077 0.897270 1.181158 -0.219918 
squid 0.067420 0.193548 1.805916 1.116117 1.198890 
corn_flake 0.813851 0.523261 -0.942986 1.063414 0.128582 
anise 0.820960 -0.503805 0.119956 0.810662 0.418294 
roasted_beef 0.275567 0.505455 0.602174 1.427085 -0.493140 
pistachio 1.462909 -0.696226 -0.476938 0.615620 0.729715 
peanut_oil -0.143690 0.478363 0.428029 1.085472 1.300204 
cereal 0.374879 0.354123 -1.526167 1.555791 0.724547 
cashew 0.404742 0.209125 -0.196723 0.802634 1.182172 
veal 1.298651 0.030209 1.106214 0.774216 -0.476266 
seaweed -0.409239 -0.171280 1.272467 1.534010 1.384313 
turnip 1.073402 0.422044 0.863860 0.846778 -0.256934 
sauerkraut 0.504566 1.117559 -0.326065 1.953672 -1.199190 
berry 1.340507 -1.427130 -0.494512 1.305003 0.105912 
kelp -0.641040 0.040471 1.792659 1.930767 1.473188 
tomato_juice 0.296233 1.096199 0.681456 1.222372 -0.110383 
cod 0.645875 0.413616 1.001870 0.631709 0.769932 
provolone_cheese 1.625250 0.661589 0.595710 0.830088 -0.795754 
mussel 0.997533 0.413821 1.981780 0.441703 1.279555 
blackberry 1.651570 -1.385616 -0.750017 1.073532 0.492454 
roasted_peanut -0.098674 0.500988 -0.421919 1.144407 1.408203 
rhubarb 1.286817 -1.049879 -1.001947 1.243578 0.350935 
chinese_cabbage -0.465995 0.243757 1.837470 1.699482 1.444898 
corn_grit 0.637220 1.199302 0.420995 0.923968 0.145091 
chicory 0.832950 -0.735367 1.351580 0.908723 0.056638 
bourbon_whiskey 0.144998 -0.912030 -0.537175 2.109311 -0.374940 
citrus 0.654122 -1.523589 -0.009931 1.219229 0.992415 
lima_bean 0.431767 1.434155 0.345490 1.282478 -0.165057 
lovage 0.142998 -0.188250 1.064687 1.430595 -0.373103 
melon 0.811273 -1.139457 0.117788 0.776209 1.674869 
parsnip 1.075104 0.380604 0.788890 0.834643 -0.208101 
fig 1.616718 -1.046833 -0.002840 0.740029 0.098658 
lemongrass 0.396251 0.503472 0.547686 0.577037 2.068713 
whiskey -0.044945 -0.923025 -0.623190 2.155177 -0.044443 
watercress 0.562421 -0.425465 0.955371 0.895387 0.400719 
tequila 0.360420 -0.655284 0.140192 0.880893 1.516390 
rye_flour 0.663120 0.668835 -1.046510 1.776543 -0.721647 
peppermint 1.213537 -0.367008 -1.129541 0.989152 0.400598 
savory 1.245316 0.389537 0.981768 0.753005 -0.277900 
lobster 1.136163 -0.113548 1.371074 0.487590 0.546830 
roasted_pork 0.321023 0.273718 0.305690 1.413588 -0.487668 
