224 5
</s> 0.080054 0.088388 -0.076605 -0.065561 0.027332 
egg 0.637360 0.274709 -1.202028 0.479504 0.659785 
butter 0.631148 0.248414 -1.200233 0.632436 0.471281 
wheat 0.584129 0.245615 -1.220103 0.568647 0.687865 
onion 0.972297 1.033421 -0.237851 0.638422 0.122700 
garlic 1.119974 0.925644 0.019602 0.678734 0.191005 
milk 0.640527 0.257670 -1.521510 0.420679 0.494815 
vegetable_oil 0.888935 0.662906 -0.314001 0.442899 0.697682 
cream 0.947869 0.204317 -1.147430 0.245418 0.416965 
tomato 1.179041 1.220360 -0.280853 0.470483 -0.171801 
olive_oil 1.498937 0.410086 -0.307047 0.608135 -0.381080 
black_pepper 1.036269 0.703460 -0.063998 0.884944 0.131304 
pepper 1.107929 0.944826 -0.402248 0.314309 0.153454 
vanilla 0.553313 -0.056597 -1.957648 0.398795 1.429499 
cayenne 1.211122 1.116181 0.211994 0.390707 0.565958 
vinegar 0.752300 0.930700 -0.237323 0.739611 0.487062 
cane_molasses 0.268453 0.691464 -1.018315 0.668673 1.091753 
bell_pepper 1.200730 0.957707 -0.199054 0.475260 0.005671 
cinnamon 0.566726 -0.048665 -1.126542 0.773920 1.093846 
parsley 1.118935 0.422049 -0.412422 0.968359 -0.299468 
chicken 1.211653 0.756419 -0.301306 0.287832 0.221957 
lemon_juice 1.304790 -0.008254 -0.544791 0.383766 0.294100 
beef 0.697490 1.227512 -0.074044 1.014845 0.275794 
cocoa 0.451144 0.256671 -2.064141 0.226773 1.410110 
corn 0.637526 1.253827 -0.696009 0.300405 0.521168 
bread 0.904075 0.630419 -0.743687 0.737454 -0.168153 
scallion 1.124051 0.813544 0.461785 0.783155 0.877549 
mustard 0.679050 0.798666 -0.546144 0.769650 0.314995 
ginger 0.979144 0.301437 0.189263 0.741539 1.363688 
basil 1.456404 0.708996 -0.574862 0.697132 -0.824291 
celery 0.809920 0.827977 -0.436619 1.028729 -0.115822 
carrot 0.890083 0.978204 -0.005898 1.019281 0.172416 
potato 0.734283 1.088257 -0.466929 0.876337 -0.030056 
chicken_broth 1.130180 0.584549 -0.201680 0.820352 -0.031606 
yeast 0.512972 0.527351 -1.473466 0.493134 0.374770 
rice 1.035858 0.847422 0.289950 0.690732 0.846016 
mushroom 0.931677 0.888929 -0.262065 0.961207 -0.123635 
cheese 1.138309 0.738206 -0.915711 0.319323 -0.331699 
soy_sauce 0.954393 0.875081 0.627053 1.042905 1.335933 
cumin 1.530687 1.147285 -0.222545 -0.331161 0.421223 
oregano 1.295035 1.148530 -0.412012 0.567900 -0.563667 
parmesan_cheese 1.334581 0.671338 -0.831921 0.661352 -0.810218 
macaroni 1.455764 0.865248 -0.535113 0.641019 -0.811411 
thyme 0.901313 0.677082 -0.473010 1.417392 -0.554342 
cheddar_cheese 0.876529 1.374740 -0.956983 0.160227 -0.085638 
lard 0.450551 0.348252 -1.409373 0.524988 0.885528 
lemon 1.289601 -0.317011 -0.544935 0.572981 0.375303 
cream_cheese 0.872960 0.200063 -1.452296 0.103052 0.558806 
walnut 0.628262 -0.129923 -1.459741 0.586025 1.079899 
green_bell_pepper 1.034155 1.458136 -0.376292 0.448577 -0.133740 
starch 0.707064 0.237963 -0.303655 0.843227 1.014197 
nutmeg 0.442183 -0.094395 -1.223274 0.968877 0.959179 
honey 0.864426 0.056668 -0.487033 0.591680 1.047989 
apple 0.712553 0.031757 -1.086890 0.567345 0.898675 
almond 0.947499 -0.287273 -1.119783 0.490916 0.875492 
cilantro 1.676995 0.872171 0.120683 -0.147144 0.552288 
pecan 0.563011 -0.061842 -1.596337 0.540759 1.291262 
white_wine 1.435947 0.153869 -0.093453 1.014242 -0.294558 
bacon 0.709804 1.034143 -0.660123 0.855294 -0.121216 
pork 0.583579 0.933853 -0.145957 1.043285 0.549540 
raisin 0.598245 -0.071991 -1.185189 0.678056 1.141339 
bean 1.019569 1.333050 -0.156207 0.555052 0.065707 
rosemary 0.950485 0.681584 -0.753723 1.296229 -0.762896 
fish 1.509228 0.503040 0.671075 0.842092 0.645542 
cucumber 1.126115 0.388934 -0.124344 0.459379 0.665177 
olive 1.429940 0.750971 -0.459567 0.450385 -0.474107 
coconut 1.158586 0.298150 -0.869303 -0.349029 1.608096 
orange 1.199209 -0.639399 -0.760921 0.654485 0.874810 
tamarind 0.396997 1.370702 -0.452779 0.880356 0.486609 
vegetable 0.850863 0.699837 0.346799 1.170727 0.790279 
orange_juice 1.201048 -0.619642 -0.646049 0.667888 0.942567 
buttermilk 0.599602 0.407662 -1.478813 0.359471 0.540143 
pineapple 1.175688 -0.255405 -0.923932 0.087611 1.324663 
shrimp 1.536184 0.526198 0.695652 0.959356 0.448531 
coriander 1.730870 0.889390 -0.135289 -0.433015 0.625729 
bay 0.830393 0.785916 -0.181661 1.374117 -0.161228 
lime_juice 1.840659 0.328583 0.160232 -0.176145 0.879561 
red_wine 1.006466 0.420922 -0.309897 1.122627 -0.130679 
gelatin 1.154716 -0.317388 -1.580258 -0.066814 1.361575 
pork_sausage 0.901782 1.148782 -0.648008 1.034230 -0.615863 
sesame_oil 1.113048 0.958583 0.856745 1.110981 1.501647 
chive 0.999222 0.162235 -0.715611 0.676935 0.127181 
seed 0.629727 0.910617 -0.898082 0.345941 0.579451 
mozzarella_cheese 1.320558 0.925538 -1.103301 0.562690 -1.029896 
ham 0.811705 0.828865 -0.775531 0.771989 -0.176035 
oat 0.248855 0.432864 -1.818799 0.436640 1.684957 
turmeric 1.727880 0.956093 -0.105936 -0.490716 0.728967 
nut 0.798696 0.072769 -0.399838 0.845252 0.852470 
shallot 1.396261 -0.112892 -0.073150 1.070609 -0.046923 
lettuce 1.418168 0.541749 -0.008260 0.311413 0.352602 
cider 0.580714 0.797668 -0.574005 0.676870 0.640773 
dill 1.087672 0.661997 -0.484290 0.521842 0.024866 
pea 1.239936 0.896789 0.009565 0.516895 0.178654 
zucchini 1.226000 0.758051 -0.674843 0.347156 -0.260476 
cherry 0.843277 -0.564040 -1.351590 0.692259 1.364387 
lime 1.739301 0.009393 -0.055515 -0.146295 1.033403 
yogurt 1.572141 0.079629 -0.782020 -0.260092 0.512271 
strawberry 1.596949 -0.670916 -1.728976 -0.225580 1.038630 
soybean 0.969512 0.891964 0.648476 1.060449 1.408650 
celery_oil 0.318389 1.728990 -0.407362 0.781266 0.658407 
peanut_butter 0.587120 1.020627 -1.042813 -0.256897 1.931759 
banana 1.097476 -0.073238 -1.511896 -0.229676 1.482996 
meat 0.662270 0.845927 -0.422219 1.091460 0.078707 
tabasco_pepper 0.674911 1.344755 -0.347248 0.596532 0.416665 
milk_fat 0.836320 -0.093180 -1.296242 0.690710 0.193830 
cabbage 0.728767 1.185083 -0.046903 0.788733 0.583772 
mint 1.762318 -0.145554 -0.223300 0.082944 0.440304 
fennel 1.347462 0.472918 -0.508724 1.059576 -0.776903 
sage 0.525694 0.554929 -0.875403 1.609919 -0.419997 
broccoli 1.135226 0.985433 -0.535484 0.279557 -0.047178 
turkey 0.804341 0.896540 -0.619691 0.814123 -0.119219 
fenugreek 1.761415 0.938776 -0.129866 -0.572813 0.757783 
cranberry 0.887889 -0.597327 -1.249219 0.871090 0.839783 
wine 1.122380 0.159028 -0.029074 0.903782 0.411553 
beef_broth 0.540539 1.128135 0.088431 1.565748 0.300316 
grape_juice 1.332817 0.007235 -0.472847 0.833005 -0.242649 
pumpkin 0.346629 0.175810 -0.342852 1.260276 1.379997 
raspberry 1.437915 -0.714677 -1.697485 0.106231 0.715750 
whole_grain_wheat_flour 0.470113 0.698511 -1.410296 0.284725 0.778931 
lemon_peel 1.248594 -0.550148 -1.001400 0.694297 0.175340 
coffee 0.317308 0.186422 -1.822893 0.592678 1.268842 
sesame_seed 0.920123 0.524061 0.221339 0.714755 1.342258 
avocado 1.657261 0.616479 0.027477 -0.053383 0.449056 
sherry 1.027072 0.151705 -0.227133 1.075335 0.178912 
sake 0.990931 0.721367 0.861851 1.530055 1.476241 
feta_cheese 1.724613 0.335687 -0.513098 0.216580 -0.470246 
apricot 0.893693 -0.474645 -1.015758 0.806294 0.896086 
roasted_sesame_seed 1.160982 1.011138 1.001581 1.230032 1.472619 
rum 1.004284 -0.461046 -1.300596 0.314448 1.657904 
orange_peel 1.050705 -0.758641 -1.010091 0.943221 0.680861 
squash 1.061274 0.673806 -0.751624 0.573739 -0.261072 
crab 1.089213 0.507540 0.044894 0.897510 0.291031 
marjoram 0.552756 0.738715 -0.847567 1.625381 -0.534047 
swiss_cheese 0.631622 1.087038 -1.273171 0.624782 -0.281707 
sweet_potato 0.699171 0.298853 -0.579611 0.657355 0.882240 
shiitake 0.973116 0.647388 0.745885 1.691368 0.893753 
radish 1.359920 0.558381 0.875684 1.159648 1.104041 
peach 1.216625 -0.394080 -1.091862 0.171996 1.097474 
tarragon 1.383171 -0.010395 -0.177823 0.986316 -0.157338 
black_bean 1.453364 1.604109 0.010246 -0.118578 0.246439 
lamb 1.435046 0.152490 -0.298558 0.588421 -0.058166 
maple_syrup 0.409552 0.418900 -1.005554 0.685597 1.032306 
pear 1.074908 -0.490649 -0.078248 1.050090 1.162742 
fruit 1.179945 -0.650195 -1.266004 0.368482 1.313670 
blueberry 1.539577 -0.633125 -2.084356 -0.210647 0.835579 
clam 1.546573 0.369926 0.838288 1.545540 0.179454 
smoke 0.838335 0.975159 -0.526367 0.915062 -0.207365 
tuna 1.289148 0.679172 0.232382 0.630979 0.401005 
kidney_bean 1.007706 2.205965 -0.234757 0.429693 -0.152650 
peanut 0.896043 0.955543 -0.306463 -0.119660 1.720259 
asparagus 1.336581 0.292987 -0.363181 0.723649 -0.237562 
salmon 1.453149 0.147075 0.026422 0.575895 0.305308 
leek 1.133424 0.270008 -0.181079 1.360417 -0.296522 
chickpea 1.537069 0.964112 -0.176641 0.072300 0.000153 
blue_cheese 1.131351 0.178306 -0.749662 0.701474 -0.163275 
brandy 0.918303 -0.878519 -1.091229 1.203870 0.679663 
artichoke 1.582442 0.303319 -0.646293 0.612969 -0.745017 
horseradish 0.545876 0.966726 -0.543068 0.868590 0.367285 
mango 1.785892 0.045379 -0.223609 -0.328620 1.051869 
date 0.565578 -0.458523 -1.344079 0.977215 1.480800 
cardamom 1.135067 -0.061774 -0.770256 0.197271 0.929863 
white_bread 0.693718 0.451059 -1.002593 1.111430 -0.281998 
oyster 0.986106 0.629501 0.590070 1.468122 0.706525 
cottage_cheese 1.092228 0.748717 -1.586566 -0.001429 -0.411282 
grape 1.603978 -0.377153 -0.724214 -0.064062 0.817330 
brown_rice 0.919290 0.958725 -0.356549 0.532840 0.243054 
cauliflower 1.225459 0.891346 -0.391444 0.329042 -0.025735 
cured_pork 1.343889 0.752062 -0.890090 1.009216 -1.143664 
egg_noodle 0.707281 1.248488 -0.904021 0.581962 -0.142208 
beer 0.479266 1.228834 -0.428320 0.980266 0.335408 
hazelnut 0.709664 -0.507221 -1.283167 1.135709 0.546326 
mandarin 1.458444 -0.380645 -0.860631 -0.067699 1.241171 
romano_cheese 1.465140 0.432919 -0.763919 0.794275 -0.909533 
plum 0.896435 -0.440981 -0.676958 1.007654 0.760604 
pimento 1.231362 0.975064 -0.532801 0.293632 -0.230445 
smoked_sausage 0.504187 1.773018 -0.578573 1.140851 -0.236199 
scallop 1.780397 -0.060740 0.277964 1.116722 -0.275811 
goat_cheese 1.284218 -0.172797 -0.856310 0.894988 -0.413182 
lentil 1.328479 1.220381 -0.086970 0.311866 0.005539 
currant 0.801449 -0.553169 -1.160300 0.998934 0.745599 
saffron 1.782357 -0.072194 -0.004506 0.727152 -0.228322 
barley 0.540921 0.997248 -0.008361 1.057311 0.830173 
caraway 0.291477 1.762887 -1.460310 0.418506 0.223742 
beet 0.945309 0.206776 -0.451065 1.074830 0.068680 
squid 1.651008 0.558547 1.169156 1.469146 0.679487 
corn_flake 0.504061 0.762340 -1.325088 0.240294 0.732110 
anise 0.764962 -0.147617 -0.635673 1.016148 0.661982 
roasted_beef 0.504421 1.227903 -0.436308 1.129126 0.087457 
pistachio 1.206636 -0.614860 -1.118913 0.509133 0.748245 
peanut_oil 1.156360 0.899944 0.379890 0.430645 1.133207 
cereal 0.214785 0.986255 -1.359180 0.232049 1.793039 
cashew 1.173479 0.375348 -0.300634 0.108020 1.019607 
veal 0.876427 0.215023 -0.444443 1.725614 -0.472867 
seaweed 1.333286 0.612919 0.975110 1.201893 1.473630 
turnip 0.587535 0.662570 -0.352560 1.784896 -0.169954 
sauerkraut -0.051912 2.061790 -1.504799 1.031318 -0.014738 
berry 1.254153 -0.774741 -1.833193 0.422472 0.682212 
kelp 1.238886 0.800461 1.211779 1.852423 1.532956 
tomato_juice 0.801414 1.648323 -0.217590 0.844483 -0.068870 
cod 1.358176 0.538265 0.329604 0.891041 0.208089 
provolone_cheese 1.210920 0.813193 -1.113258 0.851304 -1.033973 
mussel 2.130805 0.285467 0.983313 1.282565 -0.186092 
blackberry 1.419451 -0.734222 -2.113363 0.044158 0.805929 
roasted_peanut 1.088466 0.858357 -0.190745 -0.227777 1.700102 
rhubarb 0.765385 -0.418955 -2.014118 0.506459 1.017498 
chinese_cabbage 1.312341 0.743062 1.173907 1.606756 1.334305 
corn_grit 1.093186 1.218130 -0.434804 0.420698 -0.148172 
chicory 1.453278 -0.288967 0.028341 1.210260 0.003464 
bourbon_whiskey -0.081194 0.063486 -1.214917 1.686549 1.425397 
citrus 1.146733 -1.143985 -0.543867 1.186350 1.574684 
lima_bean 0.777770 1.732754 -0.360452 0.818976 -0.128852 
lovage 0.651035 0.580233 -0.122760 1.390552 0.304660 
melon 2.091967 -0.781664 -0.538684 -0.188847 1.043975 
parsnip 0.584646 0.600540 -0.414934 1.819013 -0.235963 
fig 0.969323 -0.870978 -1.199636 1.291003 0.316456 
lemongrass 1.937305 0.502774 0.468289 -0.159309 1.118378 
whiskey 0.067901 -0.064979 -1.144225 1.568357 1.535641 
watercress 1.461412 -0.135949 0.020631 0.830465 0.268525 
tequila 1.812839 -0.500272 -0.056217 0.126180 1.145217 
rye_flour -0.005144 1.344154 -2.003633 0.634060 0.484623 
peppermint 0.834626 0.293329 -1.877442 -0.193836 1.027176 
savory 0.929625 0.509160 -0.477762 1.487535 -0.565229 
lobster 1.712798 -0.118095 0.161258 1.060528 -0.241907 
roasted_pork 0.374939 0.963626 -0.580230 1.168277 0.318976 
