224 5
</s> 0.080054 0.088388 -0.076605 -0.065561 0.027332 
egg 0.835586 -0.148826 -0.064132 0.543816 0.819109 
butter 0.862593 -0.372444 0.013695 0.628300 0.446292 
wheat 0.740347 -0.304406 -0.086771 0.632564 0.770920 
onion 0.343033 0.477435 0.878619 0.598276 0.024006 
garlic 0.153790 0.422114 1.074136 0.641419 0.129258 
milk 1.086485 -0.245823 -0.121835 0.519570 0.802694 
vegetable_oil 0.172169 0.306137 0.401763 0.646830 0.497013 
cream 0.831576 0.083910 -0.084992 0.555600 0.620375 
tomato 0.544707 0.764908 1.210492 0.419941 0.063990 
olive_oil 0.479077 0.203972 1.032700 0.663409 -0.237441 
black_pepper 0.129905 0.171768 0.910961 0.741768 0.003368 
pepper 0.403691 0.583359 0.751543 0.681979 -0.169391 
vanilla 1.230415 -0.527872 -0.748423 1.011447 1.745064 
cayenne -0.222296 0.720151 0.949431 0.752780 0.433044 
vinegar 0.169917 0.573458 0.696501 0.657346 0.217246 
cane_molasses 0.580020 0.298886 -0.220917 0.719132 0.628501 
bell_pepper 0.284235 0.573043 1.025410 0.587492 0.068400 
cinnamon 0.570567 -0.513821 -0.500103 1.227682 0.489600 
parsley 0.614704 -0.231453 0.979068 0.513411 -0.004409 
chicken 0.202243 0.422552 0.632494 0.742967 -0.024900 
lemon_juice 0.351041 0.182496 0.233762 0.802997 0.105696 
beef 0.146541 0.412321 1.105848 0.585226 0.221767 
cocoa 1.151081 -0.326955 -0.682266 0.879434 1.947180 
corn 0.570632 0.924866 0.477651 0.392773 0.464342 
bread 0.866311 0.181212 0.713589 0.409104 0.055026 
scallion -0.391441 0.288645 1.047233 0.793878 0.801191 
mustard 0.497122 0.384170 0.444765 0.598833 0.212351 
ginger -0.604707 -0.039564 0.218302 1.368592 0.515109 
basil 0.894163 0.077790 1.423160 0.290764 0.120500 
celery 0.478938 0.088573 0.920777 0.770367 -0.361589 
carrot -0.083246 -0.151378 0.955933 0.981182 -0.158308 
potato 0.490111 0.055173 0.929213 0.657535 -0.232947 
chicken_broth 0.285260 -0.016012 0.871456 0.939441 -0.486318 
yeast 1.212373 -0.155053 0.121714 0.324268 0.719017 
rice -0.444722 0.114228 0.809403 0.980024 0.533007 
mushroom 0.453547 -0.112273 1.304752 0.421153 0.273454 
cheese 1.066071 0.333617 0.808789 0.116702 0.481055 
soy_sauce -0.787125 0.243699 0.897324 1.209399 0.819309 
cumin 0.052219 1.243201 0.512840 1.062761 -0.267936 
oregano 0.771609 0.469586 1.387616 0.359425 -0.131795 
parmesan_cheese 1.187105 -0.210560 1.442499 0.070429 0.383482 
macaroni 0.876537 0.003073 1.622302 0.168529 0.344093 
thyme 0.850987 -0.347391 1.177548 0.717102 -0.567971 
cheddar_cheese 1.063183 0.632156 0.879596 0.023142 0.561434 
lard 1.043000 -0.338802 -0.306002 0.661699 0.839293 
lemon 0.401528 0.078891 0.063999 0.896806 0.079950 
cream_cheese 1.040706 0.138872 -0.125525 0.405047 0.922963 
walnut 0.979025 -0.429431 -0.621744 1.013797 0.835796 
green_bell_pepper 0.539078 0.787604 1.184272 0.406365 0.098569 
starch -0.074114 -0.155594 0.079086 0.943358 0.589994 
nutmeg 0.821385 -0.780151 -0.398801 1.078220 0.407805 
honey 0.126486 0.105747 -0.265562 1.125157 0.373847 
apple 0.648220 -0.146701 -0.492181 1.216842 -0.020052 
almond 0.769717 -0.011605 -0.591178 1.047693 0.493149 
cilantro -0.244590 1.295117 0.638656 1.010454 0.176119 
pecan 1.107432 -0.244947 -0.659445 0.921886 1.061824 
white_wine 0.304324 -0.328712 1.023060 0.812696 -0.231522 
bacon 0.831807 0.365705 0.912671 0.396935 -0.025667 
pork -0.070880 0.201157 0.756879 0.876553 0.027182 
raisin 0.654114 -0.368270 -0.634337 1.273722 0.356608 
bean 0.226310 0.710203 1.023404 0.599895 0.077973 
rosemary 1.079388 -0.180563 1.240297 0.532686 -0.471769 
fish -0.539137 0.179027 1.115638 1.018715 0.590316 
cucumber 0.001015 0.279747 0.457351 0.616094 0.912101 
olive 0.770679 0.623053 1.084189 0.354933 0.039312 
coconut 0.008112 0.579792 -0.634489 1.263873 0.946505 
orange 0.457479 -0.027577 -0.673519 1.383163 0.118031 
tamarind 0.445106 0.883804 0.677566 0.463656 0.275925 
vegetable -0.403317 -0.208712 1.054066 0.971657 0.442190 
orange_juice 0.233679 0.128667 -0.635704 1.491773 0.130354 
buttermilk 1.106459 0.124554 -0.152274 0.458954 0.729299 
pineapple 0.550445 0.625406 -0.710092 1.129166 0.670226 
shrimp -0.401491 0.105184 1.365008 0.818700 0.773678 
coriander -0.317685 0.941923 0.262147 1.491561 -0.383073 
bay 0.268358 -0.161936 1.161387 1.040155 -0.667536 
lime_juice -0.281036 1.320179 0.232315 1.104056 0.495847 
red_wine 0.467731 0.122638 0.682500 0.824001 -0.430427 
gelatin 1.015063 0.273911 -0.909574 1.148329 1.224383 
pork_sausage 1.183141 0.270452 1.376598 0.271255 -0.169479 
sesame_oil -1.031913 0.055468 1.137047 1.344889 1.350334 
chive 0.566085 -0.247058 0.384237 0.517773 0.529806 
seed 0.734258 0.681707 -0.067905 0.868872 -0.197586 
mozzarella_cheese 1.418626 0.042379 1.626341 -0.142069 0.582910 
ham 1.009559 0.044024 0.909276 0.308175 0.096618 
oat 0.941885 -0.312997 -0.663742 1.015929 1.496021 
turmeric -0.390805 1.023160 0.281179 1.524927 -0.291620 
nut 0.150978 -0.422959 0.206429 0.910431 0.472502 
shallot 0.056612 -0.279518 0.739479 1.104207 -0.289220 
lettuce 0.226334 0.775099 0.616495 0.585374 0.401814 
cider 0.441090 0.613700 0.098823 0.916365 -0.268942 
dill 0.589560 0.291368 0.669502 0.548877 0.002222 
pea 0.089605 0.310842 1.066545 0.783576 -0.039117 
zucchini 0.732008 0.149281 0.874972 0.516787 -0.173766 
cherry 1.051751 -0.077376 -0.982477 1.305180 0.971656 
lime -0.143539 1.158950 -0.168885 1.159715 0.557769 
yogurt 0.367804 0.702532 -0.319293 1.127630 -0.052524 
strawberry 1.235786 0.437190 -1.065281 1.208675 0.970736 
soybean -0.843142 0.021984 1.063566 1.212715 1.089984 
celery_oil 0.360225 1.279701 0.637435 0.457397 0.425324 
peanut_butter 0.171057 0.484713 -0.295383 0.730044 2.083934 
banana 0.866217 0.460098 -0.876857 1.073704 1.047304 
meat 0.465974 0.110452 0.812315 0.752164 -0.356624 
tabasco_pepper 0.438524 0.823017 0.809808 0.425006 0.347314 
milk_fat 1.097363 -0.486645 -0.046447 0.632156 0.392718 
cabbage -0.101641 0.343074 0.823036 0.887106 0.006850 
mint 0.137106 0.595148 0.022462 1.052063 -0.016993 
fennel 0.951317 -0.145262 1.257694 0.637741 -0.564372 
sage 1.186288 -0.525038 0.874251 0.723500 -0.718778 
broccoli 0.467797 0.284957 1.106252 0.293798 0.473066 
turkey 0.840503 0.370007 0.715965 0.600949 -0.398139 
fenugreek -0.320199 0.977767 0.248054 1.490692 -0.322866 
cranberry 1.003399 -0.140672 -0.732553 1.325561 -0.048448 
wine -0.020890 -0.061615 0.508370 0.929126 0.097658 
beef_broth 0.016850 -0.165280 1.127432 0.909399 -0.159882 
grape_juice 0.563368 0.087060 0.574691 0.819859 -0.416410 
pumpkin -0.193478 -1.075331 0.092175 1.165808 0.969687 
raspberry 1.448543 0.194760 -0.843486 1.108613 0.639656 
whole_grain_wheat_flour 0.954292 0.153926 -0.203025 0.616152 0.606077 
lemon_peel 0.802269 -0.387625 -0.217955 0.904522 0.152763 
coffee 1.086322 -0.076687 -0.510699 0.703977 1.375999 
sesame_seed -0.490695 0.108963 0.487286 0.982569 0.958040 
avocado 0.148089 1.443591 0.613213 0.530548 0.698729 
sherry 0.105901 -0.249415 0.659108 0.892801 -0.017669 
sake -0.906442 -0.129484 1.134233 1.353494 1.085056 
feta_cheese 0.723331 0.563919 0.833486 0.472029 -0.070275 
apricot 0.657533 -0.130865 -0.698147 1.392858 0.048594 
roasted_sesame_seed -1.018783 0.142362 1.472899 1.383887 1.224432 
rum 0.787911 0.283186 -1.047574 1.357162 1.124544 
orange_peel 0.742901 -0.539717 -0.635342 1.411459 0.067660 
squash 0.735945 0.156375 0.636504 0.685132 -0.416091 
crab 0.157418 -0.008361 0.997432 0.470496 0.703814 
marjoram 1.148507 -0.260761 0.955834 0.688022 -0.730917 
swiss_cheese 1.287599 0.154159 0.798917 0.149550 0.276881 
sweet_potato 0.129834 -0.222104 -0.118717 1.174187 -0.045609 
shiitake -0.583917 -0.736932 1.554054 1.090940 0.760577 
radish -0.789949 0.018073 1.355385 1.117071 1.104697 
peach 0.627378 0.359345 -0.864187 1.321669 0.507850 
tarragon 0.433479 -0.436173 0.861064 0.804698 -0.209763 
black_bean 0.122810 1.468533 1.145397 0.547629 0.373303 
lamb 0.408711 0.262616 0.403005 1.288014 -1.011708 
maple_syrup 0.546966 -0.080482 -0.382344 0.990059 0.349845 
pear -0.289724 -0.448235 -0.127495 1.383925 0.515791 
fruit 0.855904 0.017082 -0.964634 1.410996 0.683630 
blueberry 1.507892 0.130816 -1.075299 1.249721 1.045020 
clam -0.321559 -0.662344 1.801591 0.941503 0.557926 
smoke 0.794112 0.396967 0.863147 0.583040 -0.352069 
tuna 0.106572 0.376639 0.997866 0.444910 0.662190 
kidney_bean 0.573184 1.261974 1.378451 0.570778 -0.225545 
peanut -0.343664 0.545600 -0.057162 0.943511 1.516939 
asparagus 0.484851 -0.328496 0.983969 0.562120 0.157093 
salmon -0.062888 0.151944 0.542671 0.868216 0.182379 
leek 0.401207 -0.618470 1.132267 1.054580 -0.600594 
chickpea 0.088843 0.849901 0.828859 0.977794 -0.438449 
blue_cheese 0.942898 0.073654 0.413680 0.534788 -0.064982 
brandy 0.840199 -0.509936 -0.563225 1.298316 0.111909 
artichoke 1.012610 0.099946 1.212924 0.254385 0.062105 
horseradish 0.498356 0.516946 0.548179 0.606411 0.063155 
mango -0.120959 1.163905 -0.350260 1.281781 0.407335 
date 0.861879 -0.430553 -0.980115 1.498446 0.777872 
cardamom 0.231675 0.067078 -0.493028 1.452164 -0.158424 
white_bread 1.151699 -0.319074 0.563915 0.483902 -0.064634 
oyster -0.529473 -0.397241 1.359353 1.036543 0.587860 
cottage_cheese 1.596936 0.481531 0.616338 -0.129194 0.711388 
grape 0.642199 0.670269 -0.631871 1.264152 -0.028087 
brown_rice 0.277047 0.297155 0.667135 0.808801 -0.197347 
cauliflower 0.435369 0.390483 0.937452 0.589915 -0.057806 
cured_pork 1.428356 -0.104894 1.733814 0.198993 -0.057902 
egg_noodle 0.776646 0.314002 1.166693 0.183033 0.341608 
beer 0.413026 0.583069 0.569724 0.705289 -0.128813 
hazelnut 0.975341 -0.729639 -0.291503 0.965013 0.486568 
mandarin 0.500170 0.766345 -0.782612 1.209181 0.608229 
romano_cheese 1.149220 -0.232524 1.422572 0.196414 0.124408 
plum 0.452893 -0.224611 -0.438499 1.443736 -0.316706 
pimento 0.753408 0.574612 0.977494 0.306021 0.189198 
smoked_sausage 0.844062 0.602790 1.111213 0.720855 -0.655202 
scallop -0.091295 -0.390385 1.390313 0.898214 0.140428 
goat_cheese 1.075614 -0.074217 0.536130 0.586111 -0.348447 
lentil 0.093866 0.572984 0.831319 1.164634 -0.757239 
currant 1.020989 -0.275314 -0.699184 1.349698 -0.078067 
saffron 0.019132 -0.278605 0.721564 1.314810 -0.687753 
barley -0.152687 -0.383526 0.594888 1.102124 -0.003049 
caraway 1.544489 0.938442 -0.004097 0.932980 -0.948259 
beet 0.390492 0.022461 0.359725 1.237520 -0.731038 
squid -0.728426 -0.379721 1.862257 1.102074 1.147337 
corn_flake 0.769015 0.134527 0.028684 0.415615 0.873701 
anise 0.363167 -0.861152 0.021325 1.111850 0.191434 
roasted_beef 0.432234 0.462488 0.934086 0.693326 -0.274641 
pistachio 0.797060 -0.264620 -0.669033 1.255486 0.353827 
peanut_oil -0.771847 0.517214 0.725057 1.255388 0.496509 
cereal 0.535107 -0.126694 -0.359454 0.886832 1.427279 
cashew -0.047613 0.484872 0.002815 1.098330 0.252152 
veal 0.857308 -0.914589 1.111716 0.785354 -0.530577 
seaweed -0.867225 0.040606 1.379937 1.098241 1.828872 
turnip 0.380262 -0.436527 0.804415 1.496587 -1.180838 
sauerkraut 1.441532 0.772035 0.499926 0.610447 -0.636736 
berry 1.711865 -0.029298 -1.032174 1.362302 0.258648 
kelp -0.986378 -0.502853 1.833785 1.449307 1.783129 
tomato_juice 0.469999 0.689080 1.231246 0.535334 -0.128474 
cod -0.080895 -0.129373 1.116749 0.852564 0.032090 
provolone_cheese 1.550271 0.012863 1.535742 0.031890 0.271821 
mussel -0.400622 -0.369857 1.822921 1.188690 0.116800 
blackberry 1.525519 -0.105599 -1.064671 1.316192 0.962999 
roasted_peanut -0.448983 0.803538 -0.023233 1.041419 1.219579 
rhubarb 1.250978 -0.650473 -0.898472 1.276801 1.107751 
chinese_cabbage -1.109671 -0.206421 1.842667 1.434010 1.647633 
corn_grit 0.651882 0.644596 1.027147 0.383345 0.065784 
chicory 0.132474 -0.441395 0.814217 0.945869 -0.082327 
bourbon_whiskey 0.684268 0.107353 -0.789351 1.248538 0.704966 
citrus 0.153961 -0.364233 -0.909380 1.806065 0.859640 
lima_bean 0.697277 0.934947 1.117266 0.798312 -0.712530 
lovage 0.000714 -0.485693 0.868724 0.869704 0.088997 
melon 0.351907 1.065406 -0.992187 1.709365 0.276878 
parsnip 0.333630 -0.524098 0.809212 1.527412 -1.182489 
fig 1.289641 -0.665339 -0.498861 1.314765 -0.343289 
lemongrass -0.977324 0.954925 0.580212 1.584873 0.586323 
whiskey 0.740522 0.440576 -0.774366 1.197799 0.762442 
watercress -0.089483 0.134558 0.462206 1.108433 -0.078573 
tequila -0.161114 1.215151 -0.482450 1.381734 0.616347 
rye_flour 1.799511 0.506019 -0.168709 0.553775 0.050028 
peppermint 0.872955 -0.271068 -0.454277 0.732816 1.528723 
savory 0.744516 -0.366848 1.147321 0.918588 -0.766074 
lobster 0.126793 -0.508900 1.149247 0.889524 -0.064833 
roasted_pork 0.540570 0.347009 0.237937 1.113602 -0.835932 
