224 5
</s> 0.080054 0.088388 -0.076605 -0.065561 0.027332 
egg -0.220639 -0.344226 -0.601997 1.407426 -0.219949 
butter -0.314635 -0.332172 -0.710127 1.332483 -0.394496 
wheat -0.288407 -0.247652 -0.617070 1.417666 -0.182187 
onion -0.660717 0.013847 0.405033 1.045691 -0.916464 
garlic -0.471067 -0.217323 0.706814 1.104759 -0.814704 
milk -0.264106 -0.371120 -0.878055 1.423141 -0.282657 
vegetable_oil -0.363979 0.042924 0.334874 1.311368 -0.240883 
cream 0.099129 -0.354964 -0.499723 1.363581 -0.423877 
tomato -0.425658 0.028138 0.562405 0.979207 -1.281201 
olive_oil 0.054891 -0.300034 0.444682 1.033585 -1.313530 
black_pepper -0.572286 -0.315405 0.571330 1.096952 -0.770097 
pepper -0.483792 0.250920 0.373332 1.068770 -0.945240 
vanilla 0.037269 -0.169264 -1.290527 2.148309 0.505396 
cayenne -0.376948 0.077367 0.990947 1.233651 -0.561406 
vinegar -0.387279 0.073952 0.504561 1.192796 -0.573993 
cane_molasses -0.583603 0.474849 -0.421781 1.477417 0.005430 
bell_pepper -0.390754 -0.025427 0.632021 1.069464 -0.957802 
cinnamon -0.131745 0.330824 -0.715255 1.657606 0.034173 
parsley -0.260192 -0.542018 0.230292 1.060351 -1.005552 
chicken -0.421020 0.124480 0.450881 1.141825 -0.693407 
lemon_juice 0.402474 -0.156353 0.151718 1.303451 -0.618969 
beef -1.085321 -0.143201 0.589573 1.094427 -0.641855 
cocoa -0.230422 -0.265430 -1.216318 2.143466 0.710949 
corn -0.617388 0.381309 0.128636 1.130887 -0.661462 
bread -0.314941 -0.367616 -0.095035 1.036301 -1.023423 
scallion -0.402589 -0.386783 1.116879 1.391737 -0.200201 
mustard -0.357119 0.048530 0.087574 1.147727 -0.691234 
ginger -0.277538 0.050941 0.759297 1.625098 0.328627 
basil -0.238675 -0.632197 0.261504 0.911819 -1.679085 
celery -0.919844 -0.208936 0.195067 1.024402 -0.914741 
carrot -1.048118 -0.095518 0.569628 1.138402 -0.567689 
potato -1.057737 -0.090870 0.243981 1.028398 -0.851085 
chicken_broth -0.618096 -0.108125 0.288953 1.030953 -0.980730 
yeast -0.426413 -0.187459 -0.972037 1.293017 -0.537362 
rice -0.640584 -0.165190 0.957355 1.423197 -0.012270 
mushroom -0.887059 -0.751319 0.240621 1.054211 -0.787959 
cheese -0.201003 -0.436334 -0.040419 1.012655 -1.159991 
soy_sauce -0.766920 -0.273702 1.171283 1.647695 0.334701 
cumin -0.242208 0.982291 0.822817 1.231717 -0.873907 
oregano -0.434500 -0.223012 0.406100 0.904055 -1.582561 
parmesan_cheese -0.276687 -0.967100 -0.062401 0.951719 -1.466957 
macaroni -0.306451 -0.776004 0.315668 0.932674 -1.510879 
thyme -0.848365 -0.604057 0.091841 0.942738 -1.288150 
cheddar_cheese -0.787537 -0.064970 -0.103017 0.989433 -1.018771 
lard -0.297290 -0.067221 -0.929240 1.585277 -0.022498 
lemon 0.520195 -0.279750 0.009645 1.352906 -0.569478 
cream_cheese 0.218529 -0.349933 -0.731010 1.461538 -0.355594 
walnut 0.007870 0.229650 -1.121451 1.825363 0.088778 
green_bell_pepper -0.749333 0.055284 0.522956 0.972872 -1.148648 
starch -0.325267 -0.265327 0.125810 1.505268 0.202988 
nutmeg -0.267793 -0.017227 -0.923204 1.616404 -0.021308 
honey -0.019944 0.410797 -0.025627 1.497143 -0.087884 
apple 0.003217 0.605802 -0.751782 1.528426 -0.346441 
almond 0.265764 0.132801 -0.537345 1.624538 -0.130612 
cilantro 0.138198 0.630644 1.183012 1.352760 -0.683269 
pecan -0.045568 0.107432 -1.037269 1.865338 0.222145 
white_wine -0.073713 -0.625822 0.468207 1.074788 -1.093207 
bacon -0.829000 -0.218924 0.019888 0.999433 -1.015565 
pork -0.832697 0.052867 0.478399 1.203462 -0.376079 
raisin -0.102153 0.700617 -0.765918 1.643439 -0.132630 
bean -0.868542 0.188742 0.582487 1.050122 -0.883509 
rosemary -0.819325 -0.681770 -0.203414 0.892602 -1.531007 
fish -0.030934 -0.525796 1.320828 1.488881 -0.228998 
cucumber 0.137115 -0.325633 0.542498 1.392663 -0.234867 
olive 0.082776 -0.212242 0.434997 0.958402 -1.623101 
coconut 0.035712 0.780585 0.050510 1.882381 0.497847 
orange 0.789329 0.170578 -0.361869 1.715107 -0.230486 
tamarind -0.942573 0.225252 0.240583 1.112658 -0.637289 
vegetable -0.886530 -0.505832 0.839109 1.375268 -0.030620 
orange_juice 0.785591 0.350474 -0.205324 1.721484 -0.211523 
buttermilk -0.186514 0.080826 -0.871940 1.455797 -0.286144 
pineapple 0.686574 0.446108 -0.313924 1.853181 0.063417 
shrimp -0.172424 -0.769166 1.265761 1.407521 -0.359372 
coriander -0.241714 1.216877 0.897384 1.428072 -0.533631 
bay -0.859581 -0.264264 0.510320 1.017208 -1.020093 
lime_juice 0.685541 0.480813 1.121982 1.545497 -0.463384 
red_wine -0.151642 -0.091367 0.240440 1.054536 -1.079753 
gelatin 0.728580 0.054184 -0.780296 2.045129 0.189962 
pork_sausage -0.774156 -0.348263 -0.070127 0.866756 -1.619869 
sesame_oil -0.812493 -0.466505 1.449402 1.802563 0.478408 
chive 0.119649 -0.671493 -0.162929 1.302189 -0.473409 
seed -0.286608 0.921808 -0.303360 1.192097 -0.936744 
mozzarella_cheese -0.302695 -0.875156 -0.159914 0.868297 -1.910321 
ham -0.647771 -0.419613 -0.306318 0.980703 -1.173905 
oat -0.612002 0.718220 -1.368286 2.059455 0.441769 
turmeric -0.313811 1.284727 0.996833 1.462944 -0.499121 
nut -0.219653 -0.247837 0.076540 1.416641 -0.032081 
shallot 0.231302 -0.585517 0.555212 1.202755 -0.849402 
lettuce 0.285293 -0.144671 0.702299 1.236682 -0.772382 
cider -0.363320 0.621087 0.017970 1.229925 -0.590609 
dill -0.153602 -0.140345 0.163790 1.077396 -1.005489 
pea -0.714936 -0.026556 0.667503 1.130374 -0.716113 
zucchini -0.456915 0.036572 0.099797 0.977398 -1.229233 
cherry 0.612010 0.134648 -0.891057 2.145180 0.322359 
lime 0.819838 0.415077 0.909230 1.662283 -0.220236 
yogurt 0.547483 0.751744 0.109149 1.451346 -0.601133 
strawberry 1.253132 0.049959 -0.868237 1.991945 -0.307547 
soybean -0.800302 -0.378046 1.247375 1.704736 0.411274 
celery_oil -1.045372 0.464773 0.326194 1.118323 -0.619900 
peanut_butter -0.929906 0.461622 -0.345621 1.985187 0.959526 
banana 0.443313 0.514196 -0.700739 1.972764 0.201568 
meat -0.797746 -0.084719 0.111833 1.038182 -0.885838 
tabasco_pepper -0.661159 0.191068 0.453451 1.115299 -0.718778 
milk_fat 0.133655 -0.689239 -0.784291 1.440231 -0.380030 
cabbage -0.951168 0.291425 0.502536 1.182278 -0.480343 
mint 0.727779 0.228106 0.521897 1.369507 -0.718761 
fennel -0.260111 -0.467715 0.111985 0.922934 -1.665165 
sage -1.291085 -0.477200 -0.615835 0.969627 -1.141324 
broccoli -0.633689 -0.288094 0.133899 1.053538 -0.811939 
turkey -0.714140 0.068144 -0.109121 0.994167 -1.097786 
fenugreek -0.210650 1.295734 1.050547 1.480982 -0.496939 
cranberry 0.613511 0.513666 -0.952112 1.634323 -0.583331 
wine -0.060330 -0.475584 0.495529 1.327853 -0.264540 
beef_broth -1.266629 -0.375059 0.652778 1.122990 -0.570190 
grape_juice 0.272670 -0.181760 0.187394 1.085256 -1.195885 
pumpkin -0.654570 -0.529200 -0.105919 1.710554 0.651715 
raspberry 1.133929 -0.186462 -1.035271 1.902220 -0.394567 
whole_grain_wheat_flour -0.529726 0.534979 -1.022143 1.469095 -0.335598 
lemon_peel 0.635878 -0.461005 -0.484548 1.434360 -0.595648 
coffee -0.306032 -0.275387 -1.109689 1.888698 0.422029 
sesame_seed -0.433087 -0.086499 0.678875 1.642236 0.422622 
avocado 0.642105 0.198889 1.014150 1.285754 -0.950254 
sherry -0.063685 -0.582618 0.279111 1.220701 -0.584432 
sake -0.830323 -0.817269 1.269694 1.796108 0.506022 
feta_cheese 0.501954 -0.287900 0.389281 1.028417 -1.531272 
apricot 0.372236 0.463531 -0.641639 1.681856 -0.175311 
roasted_sesame_seed -0.867888 -0.522184 1.572635 1.857110 0.466919 
rum 0.730401 0.195051 -0.564387 2.161760 0.455222 
orange_peel 0.667335 0.088220 -0.696036 1.692191 -0.301486 
squash -0.570792 0.254285 -0.143008 1.009236 -1.137505 
crab -0.112007 -0.825190 0.511768 1.238387 -0.524600 
marjoram -1.320384 -0.521638 -0.491780 0.917770 -1.292422 
swiss_cheese -0.833578 -0.162801 -0.631968 0.983085 -1.168314 
sweet_potato -0.482912 0.454290 -0.146875 1.437060 -0.060323 
shiitake -1.018246 -1.193808 1.009958 1.574464 0.210137 
radish -0.246983 -0.689003 1.420465 1.704492 0.185605 
peach 0.700044 0.470379 -0.462717 1.761750 -0.160614 
tarragon 0.210401 -0.834346 0.425619 1.153437 -0.948696 
black_bean -0.383344 0.558863 1.137886 1.111524 -1.076877 
lamb -0.058225 0.499079 0.300009 1.076587 -1.201315 
maple_syrup -0.378366 0.465244 -0.657237 1.507528 -0.120959 
pear 0.350921 -0.456966 0.182950 1.712308 0.310090 
fruit 0.715055 0.310784 -0.791935 2.031136 0.129782 
blueberry 1.105588 -0.047723 -1.281990 2.047322 -0.340478 
clam -0.352151 -1.458093 1.259957 1.365736 -0.557888 
smoke -0.642864 -0.000617 0.076773 0.969397 -1.242641 
tuna -0.094470 -0.409240 0.830662 1.219938 -0.615408 
kidney_bean -1.241434 0.575059 0.817706 0.938628 -1.451480 
peanut -0.637404 0.520419 0.394954 1.780529 0.694809 
asparagus -0.203592 -0.783276 0.238855 1.120270 -0.802992 
salmon 0.236824 -0.389406 0.609613 1.281799 -0.555227 
leek -0.916553 -0.708609 0.199170 1.029972 -0.948115 
chickpea -0.244019 0.615860 0.807048 1.094611 -1.157208 
blue_cheese 0.227786 -0.380591 -0.250514 1.148563 -1.014482 
brandy 0.742091 -0.372638 -0.602725 1.726606 -0.177337 
artichoke 0.109565 -0.745982 0.212721 0.976965 -1.560589 
horseradish -0.485368 0.066873 -0.014191 1.118419 -0.764242 
mango 0.732943 0.774775 0.734718 1.667078 -0.219464 
date 0.144097 0.603043 -1.018636 2.042793 0.272630 
cardamom 0.043126 0.909238 -0.110190 1.523097 -0.241302 
white_bread -0.580574 -0.550230 -0.622919 1.050727 -1.038922 
oyster -0.929161 -0.889568 0.999683 1.424735 -0.021740 
cottage_cheese -0.067061 -0.508111 -0.556190 1.027205 -1.267967 
grape 0.896352 0.810136 -0.135653 1.590344 -0.631036 
brown_rice -0.836441 0.266650 0.273560 1.111945 -0.682460 
cauliflower -0.636331 0.109520 0.311020 1.070437 -0.853076 
cured_pork -0.248723 -0.826992 -0.243641 0.889045 -1.918760 
egg_noodle -1.049651 -0.237877 -0.050661 1.003637 -0.908147 
beer -0.791959 0.339107 0.259029 1.100555 -0.739939 
hazelnut 0.221419 -0.727044 -0.831389 1.632405 -0.093029 
mandarin 0.886037 0.445729 -0.108060 1.817376 -0.046618 
romano_cheese -0.084591 -1.016490 0.004480 0.950271 -1.623082 
plum 0.186595 0.434303 -0.305047 1.489582 -0.319178 
pimento -0.205766 -0.100498 0.265933 0.990557 -1.269632 
smoked_sausage -1.363002 0.430866 0.094956 0.901114 -1.499171 
scallop 0.210479 -1.137134 1.024569 1.259583 -0.873156 
goat_cheese 0.491698 -0.512575 -0.235194 1.084908 -1.469688 
lentil -0.908455 0.653674 0.682276 1.062468 -1.023002 
currant 0.508799 0.389865 -0.769020 1.660598 -0.368130 
saffron 0.075866 -0.168877 0.645409 1.130583 -1.029403 
barley -1.501431 0.065697 0.359627 1.318720 0.006187 
caraway -0.830910 1.485412 -0.848569 1.067413 -1.655201 
beet 0.031444 0.122349 0.176938 1.138855 -0.978141 
squid -0.410200 -1.180114 1.678652 1.571971 -0.241334 
corn_flake -0.835705 0.181110 -0.608456 1.372394 -0.126069 
anise 0.139373 -0.396186 -0.234655 1.469801 -0.153351 
roasted_beef -1.043048 0.040170 0.144110 1.012201 -0.927112 
pistachio 0.547791 0.085415 -0.648947 1.743653 -0.113839 
peanut_oil -0.531419 0.253668 1.178584 1.528283 0.080155 
cereal -1.279324 0.693823 -0.874533 1.833824 0.586811 
cashew -0.170506 0.742731 0.344818 1.491873 -0.086400 
veal -0.607739 -1.092838 -0.110222 0.990677 -1.195833 
seaweed -0.274451 -0.819780 1.491601 1.909224 0.489330 
turnip -1.582726 0.208327 -0.059985 1.048512 -0.890204 
sauerkraut -1.283612 0.826468 -0.821800 0.965108 -1.613638 
berry 0.960418 0.054695 -1.328792 1.828567 -0.673582 
kelp -0.934287 -1.314968 1.458030 1.998894 0.626639 
tomato_juice -1.138011 0.125975 0.588287 0.956369 -1.145561 
cod -0.343688 -0.525784 0.973841 1.213202 -0.618742 
provolone_cheese -0.168239 -0.958293 -0.352118 0.919680 -1.894381 
mussel -0.132026 -1.198736 1.716848 1.311455 -1.023546 
blackberry 1.104753 -0.237814 -1.515164 2.025661 -0.484771 
roasted_peanut -0.381871 0.727734 0.644667 1.741883 0.458694 
rhubarb 0.417215 -0.306065 -1.421530 1.957161 -0.011209 
chinese_cabbage -0.707254 -1.001155 1.690140 1.872975 0.377001 
corn_grit -0.528833 0.122032 0.551030 0.992568 -1.186345 
chicory 0.523497 -0.881221 0.471085 1.253731 -0.879173 
bourbon_whiskey -0.110299 0.431490 -0.754213 1.854982 0.292197 
citrus 1.032470 -0.384908 -0.102533 2.178915 0.560265 
lima_bean -1.373358 0.527823 0.502980 0.953954 -1.352290 
lovage -0.461993 -0.517303 0.420225 1.171980 -0.547122 
melon 1.511495 0.729329 0.242452 1.890988 -0.490291 
parsnip -1.646986 0.117494 -0.128035 1.047281 -0.874209 
fig 0.647484 -0.163818 -0.897484 1.513062 -0.717667 
lemongrass 0.129221 0.530708 1.564173 1.706850 -0.021439 
whiskey 0.112590 0.390843 -0.630401 1.942844 0.368002 
watercress 0.578990 -0.328836 0.610440 1.356806 -0.642973 
tequila 1.301428 0.268879 0.749385 1.822573 -0.217117 
rye_flour -0.687600 0.942130 -1.403199 1.228474 -1.242210 
peppermint -0.036541 -0.649168 -0.993156 1.865944 0.385169 
savory -0.930900 -0.502756 -0.013977 0.937127 -1.269937 
lobster 0.365101 -1.071877 0.836338 1.246133 -0.918107 
roasted_pork -0.689924 0.594516 -0.215482 1.050641 -1.028796 
