224 5
</s> 0.080054 0.088388 -0.076605 -0.065561 0.027332 
egg -0.372212 0.217558 -0.558272 0.164069 -0.119874 
butter -0.496094 0.223159 -0.604430 0.277727 -0.254071 
wheat -0.535921 0.159906 -0.730408 0.174112 -0.131545 
onion -0.135166 0.238644 0.634422 0.687980 0.023112 
garlic 0.139729 -0.093487 0.715859 0.730868 0.376419 
milk -0.558935 0.165622 -0.672866 0.231814 -0.351643 
vegetable_oil -0.076807 0.283604 0.058336 0.256778 0.370922 
cream -0.050117 0.147143 -0.537181 0.333977 -0.328697 
tomato 0.324648 0.182631 0.732031 0.913204 -0.055186 
olive_oil 0.420792 -0.319324 0.467854 1.102878 -0.130730 
black_pepper -0.039534 -0.196281 0.584117 0.737998 0.197421 
pepper -0.084887 0.469405 0.474852 0.792394 0.015426 
vanilla -0.842970 -0.179531 -1.802351 0.078404 0.449007 
cayenne 0.244893 0.182569 0.741153 0.464676 0.770125 
vinegar 0.301183 0.486703 0.423520 0.677053 0.403697 
cane_molasses -0.386249 0.870938 -0.419287 0.079587 0.170815 
bell_pepper 0.168260 0.062136 0.678580 0.741186 0.135999 
cinnamon -0.664812 0.481016 -1.177269 0.256506 0.340093 
parsley -0.130101 -0.438188 0.338379 0.841067 -0.276129 
chicken 0.011302 0.303786 0.502770 0.597064 0.241493 
lemon_juice 0.576225 0.092071 -0.336106 0.606568 -0.031363 
beef -0.384902 -0.031812 0.833607 0.572326 0.290499 
cocoa -0.530790 -0.161046 -1.689568 -0.008803 0.379197 
corn -0.039680 0.804698 0.244954 0.337487 -0.007921 
bread 0.017082 -0.034258 0.171152 0.791199 -0.461649 
scallion 0.075625 -0.256293 0.710087 0.402022 0.982113 
mustard -0.051209 0.487002 0.090040 0.668032 -0.011705 
ginger -0.148897 0.303237 -0.052368 0.022734 1.445437 
basil 0.263119 -0.727931 0.608368 1.018326 -0.340139 
celery -0.642916 0.197798 0.601915 0.935563 0.016870 
carrot -0.617308 -0.032713 0.716957 0.666581 0.518318 
potato -0.694876 0.231063 0.705815 0.637516 -0.031103 
chicken_broth -0.389625 0.125834 0.626663 0.900202 0.076157 
yeast -0.547159 0.082773 -0.449539 0.227038 -0.397946 
rice -0.268186 -0.125343 0.547070 0.255893 1.047749 
mushroom -0.557516 -0.502650 0.726573 0.682880 -0.012338 
cheese 0.122644 -0.170139 0.290457 0.594866 -0.559786 
soy_sauce -0.169678 -0.128652 0.587791 0.295034 1.659100 
cumin 0.440259 0.893569 0.474207 0.655861 0.561897 
oregano 0.366125 -0.229011 0.639340 0.963386 -0.440551 
parmesan_cheese -0.329105 -0.789688 0.452234 0.788890 -0.499327 
macaroni -0.017089 -0.709051 0.627026 0.941757 -0.406185 
thyme -0.549155 -0.447949 0.479053 1.073181 -0.394102 
cheddar_cheese -0.490758 0.341514 0.614666 0.505068 -0.389090 
lard -0.587148 0.198654 -0.857086 0.024456 -0.019903 
lemon 0.599553 -0.119769 -0.543866 0.595087 -0.107664 
cream_cheese -0.027372 0.112865 -0.750794 0.226078 -0.281805 
walnut -0.494441 0.126520 -1.402808 0.216102 0.155679 
green_bell_pepper -0.089511 0.072214 0.843229 0.732817 -0.032214 
starch -0.334066 0.060559 -0.208504 -0.126012 0.643315 
nutmeg -0.821627 0.223141 -0.956994 0.394274 -0.043511 
honey 0.165286 0.432479 -0.407539 0.270744 0.636251 
apple -0.530096 0.758133 -0.869420 0.508326 0.090001 
almond -0.143817 0.279592 -1.059505 0.304411 0.248672 
cilantro 0.871762 0.445246 0.534752 0.731081 0.852361 
pecan -0.374534 0.240930 -1.375549 0.121668 0.159122 
white_wine 0.111548 -0.589164 0.292573 1.067725 -0.002269 
bacon -0.536282 0.208435 0.511979 0.895683 -0.281802 
pork -0.315436 0.337449 0.648609 0.521606 0.520555 
raisin -0.382975 0.693939 -1.136411 0.383628 0.363274 
bean -0.015398 0.256095 0.834996 0.655602 0.163563 
rosemary -0.358171 -0.458081 0.413556 1.135220 -0.624678 
fish 0.441268 -0.690584 0.537175 0.623910 1.003708 
cucumber 0.398342 -0.240940 0.031511 0.159290 0.499266 
olive 0.493936 -0.296564 0.488168 1.110702 -0.314629 
coconut 0.099882 0.712119 -0.894269 0.002717 0.848172 
orange 0.506017 0.170577 -1.254726 0.532104 0.394237 
tamarind 0.006583 0.742420 0.559381 0.568519 0.103214 
vegetable -0.482817 -0.283239 0.649429 0.330598 0.819052 
orange_juice 0.530797 0.202375 -1.069270 0.445248 0.480398 
buttermilk -0.112164 0.380859 -0.673827 0.177125 -0.210675 
pineapple 0.457901 0.428270 -1.018829 0.269507 0.530027 
shrimp 0.248716 -0.699870 0.703863 0.665015 0.920712 
coriander 0.289752 0.953349 0.334921 0.808950 0.880956 
bay -0.563849 0.017823 0.669334 1.023921 0.104619 
lime_juice 1.140295 0.382023 0.030278 0.521799 0.956771 
red_wine 0.261077 -0.051918 0.358840 1.000599 -0.047725 
gelatin -0.116211 -0.017869 -1.668385 0.319200 0.487424 
pork_sausage -0.408750 -0.018844 0.606652 1.019753 -0.520486 
sesame_oil -0.203475 -0.758208 0.554075 0.157416 2.025101 
chive 0.176345 -0.426822 -0.362518 0.404822 -0.210968 
seed -0.101768 0.826868 -0.269885 0.646841 0.101407 
mozzarella_cheese -0.028558 -0.756864 0.465838 0.922471 -0.782143 
ham -0.526209 -0.034110 0.391787 0.782759 -0.442857 
oat -0.696577 0.328288 -1.333202 -0.043801 0.494127 
turmeric 0.166939 1.061316 0.329618 0.698658 0.980788 
nut -0.296188 -0.038213 -0.266271 0.254183 0.425646 
shallot 0.230297 -0.456485 0.240355 1.221683 0.244823 
lettuce 0.727460 0.153793 0.227313 0.681110 0.380938 
cider 0.005817 0.945475 0.089912 0.660464 0.248215 
dill 0.099364 -0.071519 0.403387 0.901297 -0.069587 
pea -0.359447 -0.114849 0.813950 0.662278 0.535635 
zucchini -0.092486 0.090093 0.365097 0.571772 -0.331076 
cherry -0.056760 -0.092943 -1.713340 0.265628 0.408030 
lime 1.313197 0.386377 -0.394791 0.530301 0.863959 
yogurt 0.696102 0.686971 -0.573786 0.451532 0.228431 
strawberry 0.500770 -0.220786 -1.762085 0.379217 0.320285 
soybean -0.151300 -0.473811 0.401117 0.126356 1.685111 
celery_oil 0.245816 0.969843 0.670406 0.477509 0.300597 
peanut_butter -0.341902 0.378988 -0.626122 -0.598829 1.134506 
banana 0.080075 0.262722 -1.395483 0.058014 0.461511 
meat -0.457528 0.263842 0.472390 0.751076 -0.020398 
tabasco_pepper 0.195265 0.445429 0.585232 0.594805 0.178362 
milk_fat -0.470369 -0.075993 -0.882550 0.479304 -0.410683 
cabbage -0.341794 0.353272 0.691744 0.724851 0.627096 
mint 1.045305 0.002384 -0.249763 0.683100 0.415531 
fennel -0.056264 -0.502628 0.375385 1.309758 -0.393009 
sage -1.015169 -0.027632 0.233161 1.106039 -0.631737 
broccoli -0.508004 -0.126464 0.725441 0.565021 0.038045 
turkey -0.420315 0.247680 0.480259 0.927616 -0.280750 
fenugreek -0.003240 1.174779 0.316070 0.650790 0.993750 
cranberry -0.237984 0.390531 -1.295545 0.728709 0.023264 
wine 0.199472 -0.403261 0.146965 0.529427 0.497068 
beef_broth -0.654255 -0.344994 0.836559 0.707974 0.468102 
grape_juice 0.522089 -0.287185 0.095044 1.112587 -0.225247 
pumpkin -0.820534 -0.123716 -0.533484 -0.422758 0.937045 
raspberry 0.232691 -0.363667 -1.593119 0.405239 0.164885 
whole_grain_wheat_flour -0.428179 0.432057 -0.873807 0.360480 -0.081500 
lemon_peel 0.248095 -0.406476 -0.921261 0.651585 -0.244230 
coffee -0.149367 0.190647 -1.274784 -0.078895 0.069509 
sesame_seed -0.093865 -0.062067 0.104903 0.107533 1.179877 
avocado 1.128238 0.198354 0.242577 0.716921 0.341770 
sherry -0.055239 -0.187337 0.065154 0.661021 0.278477 
sake -0.245419 -0.761083 0.475155 0.162477 1.885439 
feta_cheese 0.869736 -0.531762 0.161892 0.954870 -0.457514 
apricot -0.092758 0.686727 -1.054796 0.551370 0.239925 
roasted_sesame_seed -0.084620 -0.958345 0.589904 0.128055 1.946674 
rum 0.083050 0.169918 -1.675159 0.185104 0.567694 
orange_peel 0.175537 -0.127683 -1.342097 0.550909 0.038946 
squash -0.221939 0.279619 0.362691 0.681222 -0.258976 
crab -0.049595 -0.261945 0.503165 0.580290 0.373167 
marjoram -0.880796 -0.067347 0.526144 1.176690 -0.506236 
swiss_cheese -0.797862 0.112395 0.272199 0.743168 -0.571409 
sweet_potato -0.277367 0.591410 -0.280090 0.277411 0.394324 
shiitake -0.672962 -1.256715 0.722258 0.409060 1.296312 
radish 0.170934 -0.689194 0.548705 0.499505 1.547301 
peach 0.337276 0.412087 -1.280243 0.288199 0.507454 
tarragon -0.006630 -0.396868 0.177879 1.093738 -0.108544 
black_bean 0.694091 0.348777 0.863037 0.645209 0.521398 
lamb 0.314388 0.214353 0.204103 1.280149 -0.083339 
maple_syrup -0.226188 0.641520 -0.764602 0.240090 0.216916 
pear -0.092960 -0.333584 -0.875849 0.296494 0.945756 
fruit 0.018705 0.238035 -1.664099 0.386379 0.441362 
blueberry 0.128016 -0.018678 -1.833180 0.401970 0.422653 
clam -0.153432 -1.293288 0.772814 0.766149 0.759369 
smoke -0.198800 0.098515 0.518992 1.113330 -0.157144 
tuna 0.474951 -0.356353 0.609858 0.527844 0.417231 
kidney_bean 0.105779 0.472502 0.960684 0.971350 0.005371 
peanut -0.025045 0.284202 -0.112584 -0.329346 1.299803 
asparagus -0.277663 -0.454139 0.324759 0.812518 -0.165036 
salmon 0.526653 -0.239773 0.190921 0.587104 0.410716 
leek -0.862713 -0.538563 0.464947 1.190243 -0.059833 
chickpea 0.461684 0.291036 0.655872 0.904452 0.297569 
blue_cheese 0.126270 -0.121813 -0.138391 0.987295 -0.533996 
brandy -0.028429 -0.088619 -1.296680 0.595159 -0.085942 
artichoke 0.134282 -0.766658 0.301083 1.127779 -0.619584 
horseradish 0.163327 0.383253 0.254417 0.819798 0.008628 
mango 0.994078 0.739703 -0.459976 0.431593 0.872093 
date -0.314135 0.192105 -1.566431 0.293415 0.471158 
cardamom -0.040245 0.854085 -0.757515 0.435251 0.501002 
white_bread -0.545602 0.100417 0.046906 0.855364 -0.667878 
oyster -0.576054 -0.762863 0.795450 0.431919 1.198296 
cottage_cheese 0.184193 -0.120772 -0.051087 0.573442 -0.733860 
grape 0.424456 0.544108 -0.874101 0.734593 0.291709 
brown_rice -0.659931 0.405663 0.506202 0.619991 0.248146 
cauliflower -0.413487 0.307344 0.648899 0.746364 0.045537 
cured_pork -0.166478 -0.753229 0.431989 1.244765 -0.686646 
egg_noodle -0.558543 -0.011380 0.640768 0.522053 -0.158722 
beer -0.302057 0.565218 0.587427 0.685688 0.098896 
hazelnut -0.472450 -0.170161 -1.189259 0.426337 -0.218396 
mandarin 0.528235 0.326426 -1.123999 0.410385 0.655159 
romano_cheese -0.047968 -0.791730 0.380426 1.019433 -0.592279 
plum -0.214991 0.425533 -0.890800 0.568025 0.396895 
pimento 0.132974 0.135580 0.538875 0.915398 -0.248533 
smoked_sausage -0.550423 0.247903 0.876338 1.063026 0.013745 
scallop 0.100000 -0.906071 0.472775 0.943577 0.443740 
goat_cheese 0.288594 -0.503121 -0.197023 1.146497 -0.528946 
lentil -0.109400 0.366033 0.764675 1.010689 0.217361 
currant -0.083840 0.487853 -1.249293 0.806540 0.008975 
saffron 0.012764 -0.200035 0.178599 1.285344 0.218215 
barley -0.927415 -0.109539 0.434070 0.499974 0.789290 
caraway -0.808725 0.961377 0.002919 1.229626 -0.240513 
beet 0.226636 -0.002242 -0.032022 1.179606 0.318518 
squid -0.063436 -1.232086 0.724129 0.400195 1.511589 
corn_flake -0.508128 0.453328 -0.237486 0.051222 -0.175012 
anise -0.357227 -0.364941 -0.918671 0.450044 0.194906 
roasted_beef -0.244387 0.113384 0.596745 0.907144 -0.046562 
pistachio 0.018150 0.119415 -1.362847 0.476063 0.056791 
peanut_oil -0.048975 0.189933 0.615718 0.381246 1.489998 
cereal -0.621144 0.375058 -1.136222 0.074263 0.638751 
cashew -0.298300 0.846461 -0.096015 0.399990 0.929767 
veal -0.592715 -0.699238 0.212442 1.159145 -0.450713 
seaweed -0.073004 -0.905437 0.334761 0.337561 1.971781 
turnip -0.993340 0.044564 0.430858 1.268950 0.209559 
sauerkraut -0.737374 0.562249 0.315283 1.043346 -0.365197 
berry -0.093706 0.004913 -1.646974 0.671094 0.156381 
kelp -0.493689 -1.217100 0.391597 0.141238 2.120406 
tomato_juice 0.032216 0.011268 0.895567 0.741363 -0.009349 
cod 0.075223 -0.429779 0.671680 0.686292 0.465255 
provolone_cheese -0.154756 -0.569945 0.377424 1.201680 -0.709371 
mussel 0.110193 -0.927953 0.798496 1.095576 1.126298 
blackberry -0.118580 -0.212069 -1.761194 0.379882 0.411702 
roasted_peanut 0.255568 0.616965 -0.107211 -0.248811 1.416400 
rhubarb -0.130524 -0.088786 -1.576460 0.093689 0.279072 
chinese_cabbage -0.388050 -1.235214 0.580242 0.145761 2.105408 
corn_grit 0.014689 0.112264 0.691480 0.762846 -0.318290 
chicory 0.352422 -0.750700 0.133393 1.155271 0.396180 
bourbon_whiskey -0.094503 0.490478 -1.116562 0.359600 0.291500 
citrus 0.102184 -0.204289 -1.695051 0.365909 1.156384 
lima_bean -0.163955 0.401770 0.789794 1.009679 0.009985 
lovage -0.391776 -0.133962 0.488160 0.547984 0.449583 
melon 0.841523 0.304366 -1.136946 0.675987 0.794283 
parsnip -1.098003 0.064224 0.303576 1.336799 -0.000843 
fig -0.034473 0.040856 -1.407349 1.018197 -0.316110 
lemongrass 0.662674 0.291271 0.411967 0.520671 1.749113 
whiskey 0.228751 0.465470 -1.187099 0.402888 0.288541 
watercress 0.496963 -0.250174 0.081083 1.050641 0.516765 
tequila 1.181258 0.305970 -0.388127 0.392956 0.760297 
rye_flour -0.505376 0.616258 -0.799769 0.860671 -0.418530 
peppermint -0.019260 -0.031942 -0.999429 -0.186778 0.107171 
savory -0.387612 -0.259841 0.605994 1.171194 -0.154239 
lobster 0.099909 -0.660103 0.428509 1.023392 0.302666 
roasted_pork -0.064907 0.537129 0.204257 0.929200 -0.001209 
