224 5
</s> 0.080054 0.088388 -0.076605 -0.065561 0.027332 
egg -0.076702 0.143247 -0.655237 0.062404 -0.190539 
butter 0.100940 0.208650 -0.687567 0.205695 -0.413185 
wheat -0.144666 0.077600 -0.686583 0.077099 -0.214664 
onion 0.326262 0.528569 0.373318 0.647443 0.405290 
garlic 0.432095 0.112084 0.423541 0.725328 0.623936 
milk 0.126817 0.193953 -0.915654 0.018770 -0.361609 
vegetable_oil -0.210821 0.386066 -0.083312 0.274762 0.436930 
cream 0.204444 0.244062 -0.706322 0.038633 -0.236320 
tomato 0.599867 0.541774 0.392718 0.783751 0.309793 
olive_oil 0.893334 -0.071859 0.159991 0.855602 0.349597 
black_pepper 0.295127 0.029212 0.379805 0.749328 0.428756 
pepper 0.496897 0.649750 0.028986 0.555354 0.436771 
vanilla -0.326942 -0.246302 -1.906151 -0.117026 -0.057839 
cayenne 0.114222 0.298656 0.435634 0.378503 1.146134 
vinegar -0.350105 0.288861 0.466572 1.003158 0.272126 
cane_molasses -0.965694 0.482959 -0.297042 0.483284 -0.437166 
bell_pepper 0.524154 0.379057 0.399045 0.604142 0.643166 
cinnamon -0.683757 0.374544 -1.102039 0.316526 -0.114927 
parsley 0.738722 -0.095581 0.028959 0.664066 0.064244 
chicken 0.403262 0.337638 0.113545 0.416464 0.592608 
lemon_juice 0.128372 -0.144754 -0.251614 0.530990 0.031069 
beef 0.053621 0.291098 0.656936 0.816895 0.376156 
cocoa -0.481891 -0.393845 -1.675445 -0.179947 -0.037896 
corn -0.187757 0.727417 0.151554 0.408207 0.082465 
bread 0.494761 0.422070 -0.017792 0.683828 -0.162149 
scallion 0.208896 -0.181692 0.280968 0.288165 1.368366 
mustard -0.200273 0.546604 0.058570 0.767249 -0.022895 
ginger -0.976414 -0.179105 -0.110033 0.401320 1.013088 
basil 1.194676 -0.158835 0.159511 0.780570 0.121626 
celery 0.317491 0.588467 0.221390 0.918938 0.125596 
carrot 0.279197 0.164314 0.356961 0.694672 0.713645 
potato 0.706633 0.488623 0.187298 0.519351 0.331953 
chicken_broth 0.614426 0.200700 0.150804 0.811959 0.403342 
yeast 0.267128 0.359418 -0.697717 0.171253 -0.459899 
rice -0.173421 -0.098773 0.279606 0.351454 1.089345 
mushroom 0.819757 0.032896 0.326472 0.574239 0.331896 
cheese 0.975799 0.233785 -0.159191 0.150328 0.017796 
soy_sauce -0.857983 -0.367567 0.525505 0.755927 1.332489 
cumin 0.316875 0.972526 -0.095078 0.174786 1.159278 
oregano 0.842657 0.303241 0.408592 0.747749 0.090765 
parmesan_cheese 1.401700 -0.086631 -0.026351 0.523527 -0.185078 
macaroni 1.399627 -0.233794 0.158461 0.574607 0.243403 
thyme 0.716284 -0.017556 0.261818 1.178966 -0.240089 
cheddar_cheese 0.740598 1.068555 -0.058234 0.132316 0.100152 
lard -0.225861 0.220124 -0.904933 -0.077724 -0.349391 
lemon 0.148583 -0.627910 -0.532464 0.669174 -0.122599 
cream_cheese 0.108054 0.085563 -0.863775 -0.000963 -0.360052 
walnut -0.477935 -0.106832 -1.371929 0.177575 -0.316496 
green_bell_pepper 0.613761 0.592122 0.408276 0.684314 0.368833 
starch -0.599678 -0.406856 -0.058310 0.244550 0.234315 
nutmeg -0.270661 0.193253 -1.093391 0.184740 -0.364182 
honey -0.956928 -0.102116 -0.427212 0.514123 0.228645 
apple -0.833863 0.313719 -0.910722 0.447983 -0.226418 
almond -0.282627 -0.033942 -1.252841 0.149232 -0.079447 
cilantro 0.139881 0.444821 0.001365 0.387959 1.325963 
pecan -0.458850 0.029238 -1.361249 0.048994 -0.286076 
white_wine 0.730318 -0.452958 0.170033 1.001895 0.336422 
bacon 0.535136 0.546989 0.175347 0.671503 -0.004419 
pork -0.519165 0.261426 0.655860 0.983423 0.302800 
raisin -0.623532 0.284248 -1.172234 0.308619 -0.095297 
bean 0.296371 0.574351 0.351003 0.622050 0.679256 
rosemary 0.917598 -0.115257 0.148872 1.220716 -0.397212 
fish 0.244745 -0.633175 0.283329 0.615288 1.284480 
cucumber -0.151847 -0.117180 0.057076 0.203881 0.593859 
olive 0.986129 0.163347 0.222625 0.891822 0.240642 
coconut -0.648410 0.003213 -1.145162 -0.487026 0.930658 
orange -0.530167 -0.598203 -0.884322 0.690479 -0.156872 
tamarind -0.471207 0.795899 0.478860 0.876969 -0.054860 
vegetable 0.097158 -0.377434 0.439242 0.423571 0.927577 
orange_juice -0.775568 -0.584315 -0.821071 0.606253 0.062077 
buttermilk -0.170328 0.350823 -0.777559 -0.013627 -0.308969 
pineapple -0.759413 -0.181009 -0.945423 0.147424 0.215904 
shrimp 0.295581 -0.543019 0.392392 0.632881 1.177246 
coriander 0.083933 0.729510 -0.390920 0.242794 1.472923 
bay 0.466606 0.346549 0.360347 1.209900 0.285061 
lime_juice -0.349728 0.199532 -0.276560 0.328110 1.399776 
red_wine 0.091982 -0.056233 0.292180 1.146556 -0.268528 
gelatin -0.550509 -0.487935 -1.612114 0.179927 -0.196525 
pork_sausage 0.946469 0.358391 0.160043 0.824001 -0.188620 
sesame_oil -0.617613 -0.837225 0.472294 0.580947 1.640436 
chive 0.362566 0.008858 -0.356386 0.340760 -0.198458 
seed -0.344476 0.927089 -0.445216 0.695358 0.096875 
mozzarella_cheese 1.395161 -0.015150 0.011869 0.473323 -0.293767 
ham 0.703978 0.656974 -0.064740 0.659727 -0.069897 
oat -0.954807 0.171755 -1.321496 0.051931 -0.110537 
turmeric 0.070466 0.956116 -0.425201 0.220765 1.510205 
nut -0.098296 -0.437875 -0.250544 0.464292 0.207441 
shallot 0.592531 -0.426638 -0.045944 1.041859 0.519869 
lettuce 0.124764 0.134083 0.114809 0.679221 0.545460 
cider -0.869374 0.644994 0.198329 1.010677 -0.091667 
dill 0.400939 0.310331 0.115277 0.722517 0.161788 
pea 0.608123 0.197249 0.249283 0.558290 0.836015 
zucchini 0.843710 0.352111 -0.006026 0.350097 0.200788 
cherry -0.512164 -0.480013 -1.466822 0.219115 -0.243469 
lime -0.150181 -0.252002 -0.564669 0.104805 1.152315 
yogurt -0.142086 0.258728 -0.852250 0.237126 0.459062 
strawberry -0.343976 -0.747721 -1.777871 0.219412 0.037303 
soybean -0.594573 -0.857738 0.232062 0.487024 1.427453 
celery_oil -0.762873 0.916225 0.668373 0.996554 0.138207 
peanut_butter -0.844055 -0.061325 -0.829169 -0.467346 0.705572 
banana -0.473453 -0.234052 -1.338858 -0.038806 0.093539 
meat 0.314040 0.426123 0.258241 0.806133 0.100411 
tabasco_pepper -0.077815 0.706257 0.412297 0.842050 0.095878 
milk_fat 0.324212 0.026733 -1.064611 0.118212 -0.319457 
cabbage -0.161146 0.472397 0.422760 0.811736 0.736716 
mint 0.096749 -0.433951 -0.435832 0.306210 0.700099 
fennel 0.967833 -0.030342 0.103064 1.174593 -0.130321 
sage 0.461107 0.236602 0.018526 1.197749 -0.640355 
broccoli 0.844876 0.296426 0.021659 0.198011 0.584651 
turkey 0.533635 0.705524 -0.068620 0.846795 -0.153397 
fenugreek 0.243463 0.930210 -0.552088 0.176511 1.512477 
cranberry -0.685649 0.063360 -1.127440 0.895189 -0.563396 
wine -0.180664 -0.478592 0.265317 0.806007 0.270023 
beef_broth 0.136020 -0.047993 0.663359 1.081518 0.336748 
grape_juice 0.340086 -0.363575 0.111959 1.092486 -0.112999 
pumpkin -0.596313 -0.420975 -0.382016 -0.240455 0.506545 
raspberry -0.372841 -0.647251 -1.451820 0.463302 -0.340948 
whole_grain_wheat_flour -0.115497 0.576715 -0.803835 0.161658 -0.172170 
lemon_peel 0.168878 -0.671342 -0.744119 0.556001 -0.383163 
coffee -0.377339 -0.013358 -1.077489 -0.176693 -0.288207 
sesame_seed -0.592059 -0.450181 0.015584 0.218402 1.070981 
avocado 0.135598 0.659530 0.085413 0.567357 0.962421 
sherry 0.098146 -0.239054 0.126409 0.789068 0.218606 
sake -0.724582 -0.959560 0.532655 0.590270 1.433840 
feta_cheese 1.039741 -0.407459 0.080887 0.693156 0.166371 
apricot -0.573940 0.025289 -1.115833 0.404029 -0.056208 
roasted_sesame_seed -0.404629 -0.953713 0.468910 0.578588 1.681040 
rum -0.803565 -0.314681 -1.615630 0.214110 -0.046323 
orange_peel -0.439337 -0.497311 -1.092977 0.715923 -0.412727 
squash 0.678859 0.515585 -0.111643 0.517766 0.162585 
crab 0.272530 0.121568 0.124206 0.510921 0.492314 
marjoram 0.564874 0.426668 0.189171 1.208297 -0.506230 
swiss_cheese 0.917995 0.785965 -0.300580 0.395381 -0.284348 
sweet_potato -0.561952 0.316948 -0.452004 0.177711 0.289124 
shiitake 0.181918 -1.013673 0.476874 0.711942 1.234536 
radish -0.336593 -0.746243 0.383669 0.812920 1.481210 
peach -0.668111 -0.036790 -1.211550 0.128072 0.101454 
tarragon 0.617329 -0.188727 -0.056139 1.053501 0.021947 
black_bean 0.403978 0.673808 0.323215 0.300824 1.051617 
lamb 0.442274 0.386160 -0.047686 0.947401 0.425789 
maple_syrup -0.838992 0.461721 -0.666769 0.447082 -0.232609 
pear -0.686166 -0.964604 -0.566192 0.453809 0.593981 
fruit -0.475456 -0.460980 -1.463374 0.291935 -0.195607 
blueberry -0.413914 -0.583700 -1.682859 0.254490 -0.183420 
clam 0.615994 -0.665021 0.441458 0.722918 1.096197 
smoke 0.465955 0.445760 0.188500 1.178569 -0.019738 
tuna 0.568595 -0.108284 0.387123 0.394118 0.722181 
kidney_bean 0.428419 1.060843 0.417213 0.729462 0.506925 
peanut -0.854589 -0.077693 -0.380031 -0.296847 1.092040 
asparagus 0.890753 -0.229192 0.012466 0.535118 0.355966 
salmon 0.144059 -0.441678 0.159836 0.583428 0.519694 
leek 0.875181 0.039884 0.036002 1.153630 0.229316 
chickpea 0.627507 0.487432 0.143108 0.559250 0.951002 
blue_cheese 0.390552 0.078619 -0.181196 0.808520 -0.520686 
brandy -0.312752 -0.458315 -1.042174 0.651166 -0.514021 
artichoke 1.114093 -0.230892 0.119733 0.785698 -0.027059 
horseradish -0.070818 0.632359 0.114370 0.965238 -0.157860 
mango -0.610927 0.221095 -0.701530 0.054889 1.036950 
date -0.877106 -0.184905 -1.536511 0.322394 -0.178602 
cardamom -0.494541 0.449974 -1.048270 0.283037 0.465259 
white_bread 0.503863 0.444821 -0.232632 0.638787 -0.472713 
oyster 0.060343 -0.661423 0.551890 0.726285 1.124355 
cottage_cheese 0.885944 0.313222 -0.259587 0.296031 -0.510953 
grape -0.379382 -0.013651 -1.132982 0.652138 0.013699 
brown_rice 0.319812 0.608070 0.083004 0.566776 0.473123 
cauliflower 0.831054 0.545275 -0.083369 0.433646 0.672625 
cured_pork 1.343253 -0.099623 0.071850 1.006350 -0.199554 
egg_noodle 0.778623 0.645020 0.101916 0.262228 0.202006 
beer -0.238123 0.833979 0.215591 0.871520 -0.044638 
hazelnut -0.255527 -0.362992 -1.027574 0.249486 -0.365365 
mandarin -0.617847 -0.276906 -1.021389 0.394007 0.175480 
romano_cheese 1.305031 -0.193667 0.098653 0.658146 -0.144203 
plum -0.670951 -0.080958 -0.760456 0.730194 -0.008817 
pimento 0.740047 0.418423 0.232789 0.547027 0.275053 
smoked_sausage 0.454156 0.815223 0.303801 1.149731 0.185425 
scallop 0.918410 -0.508137 0.187132 0.846229 0.743209 
goat_cheese 0.788739 -0.337817 -0.386052 0.910692 -0.317627 
lentil 0.433658 0.775548 0.241490 0.791220 0.742371 
currant -0.431420 -0.064658 -1.162098 0.563304 -0.287774 
saffron 0.642815 -0.269507 -0.200568 0.775300 0.758913 
barley -0.277221 0.006046 0.155084 0.770428 0.630414 
caraway 0.115707 1.313449 -0.611700 1.081426 -0.207269 
beet -0.135145 -0.116008 -0.023038 1.458328 0.195545 
squid 0.182124 -1.150856 0.498254 0.661889 1.363659 
corn_flake -0.156028 0.569936 -0.546608 -0.094645 -0.061201 
anise -0.212602 -0.399179 -0.582762 0.502555 -0.098461 
roasted_beef 0.192979 0.416219 0.519062 1.006574 -0.007261 
pistachio -0.242159 -0.219626 -1.353571 0.231657 -0.158616 
peanut_oil -0.299322 -0.041741 0.231459 0.482987 1.312739 
cereal -0.740963 0.175027 -1.063211 0.144270 0.048246 
cashew -0.378035 0.354423 -0.527911 0.209503 0.775800 
veal 0.679356 -0.139957 0.231937 1.182122 -0.345117 
seaweed -0.373388 -0.918694 0.175663 0.634994 1.639830 
turnip 0.458026 0.325693 -0.110021 1.238197 0.341635 
sauerkraut 0.080322 1.204454 -0.017693 1.086786 -0.259863 
berry -0.387718 -0.264868 -1.663407 0.532769 -0.264152 
kelp -0.460450 -1.118899 0.250113 0.534714 1.802272 
tomato_juice 0.303105 0.651184 0.663600 0.945579 0.188597 
cod 0.483171 -0.282984 0.279647 0.657860 0.867640 
provolone_cheese 1.270092 0.180912 -0.121550 0.867446 -0.274576 
mussel 0.851395 -0.698056 0.190024 0.771784 1.277871 
blackberry -0.543780 -0.648944 -1.537992 0.255609 -0.291326 
roasted_peanut -0.799175 -0.069928 -0.333552 -0.132973 1.194458 
rhubarb -0.749829 -0.476109 -1.242258 0.143529 -0.329655 
chinese_cabbage -0.464760 -1.131849 0.451615 0.628185 1.705832 
corn_grit 0.573169 0.599413 0.348294 0.618906 0.469912 
chicory 0.336733 -0.559842 0.068480 1.246109 0.343660 
bourbon_whiskey -1.234837 0.228740 -0.742324 0.535555 -0.251279 
citrus -0.770233 -0.905887 -1.465708 0.461733 0.297522 
lima_bean 0.347861 0.818590 0.380613 1.152781 0.230151 
lovage -0.287085 0.482235 0.386300 0.715906 0.426237 
melon -0.705408 -0.370419 -1.296741 0.742354 0.572432 
parsnip 0.390532 0.469279 0.121036 1.193916 0.263053 
fig -0.159062 -0.514358 -1.301621 0.834129 -0.607114 
lemongrass -0.047018 -0.281037 -0.124574 0.220674 2.142162 
whiskey -0.911780 0.186292 -0.915633 0.479561 -0.114891 
watercress -0.069849 -0.420593 0.050860 1.035107 0.584467 
tequila -0.634704 -0.084119 -0.529823 0.429885 0.554372 
rye_flour 0.115529 0.915213 -1.108518 0.674054 -0.453945 
peppermint -0.320335 -0.312859 -1.001693 -0.207139 -0.184306 
savory 0.766856 0.057481 0.225454 1.319982 0.052227 
lobster 0.554755 -0.511073 0.103887 0.962308 0.569758 
roasted_pork -0.207695 0.631767 0.099301 1.029719 0.012273 
