224 5
</s> 0.080054 0.088388 -0.076605 -0.065561 0.027332 
egg -0.269720 -0.052755 -0.370071 0.403988 -0.299677 
butter -0.308362 0.054177 -0.342000 0.563028 -0.428757 
wheat -0.331579 -0.035374 -0.487530 0.458386 -0.345021 
onion 0.103042 0.711701 0.318696 0.470642 0.464031 
garlic 0.355562 0.433610 0.606672 0.490805 0.623804 
milk -0.410193 0.005527 -0.483257 0.525259 -0.561454 
vegetable_oil -0.025800 0.293461 -0.210417 0.138128 0.382717 
cream 0.185206 0.045098 -0.337769 0.469860 -0.517709 
tomato 0.457050 0.719982 0.592777 0.582524 0.318539 
olive_oil 0.729485 0.184656 0.744513 0.906706 0.183483 
black_pepper 0.099658 0.302142 0.605576 0.648205 0.540482 
pepper 0.337764 0.787654 0.291955 0.560334 0.386598 
vanilla -0.479808 -0.768343 -1.407241 0.678884 -0.310113 
cayenne 0.389859 0.452751 0.222453 0.090590 1.060685 
vinegar 0.070535 0.583571 0.060701 0.409726 0.705853 
cane_molasses -0.539768 0.462029 -0.887684 0.273054 0.130452 
bell_pepper 0.516258 0.497866 0.564780 0.488080 0.537074 
cinnamon -0.438249 -0.157233 -1.117555 0.776423 -0.110513 
parsley 0.337546 0.064753 0.713842 0.743694 -0.066037 
chicken 0.278241 0.501906 0.215690 0.392811 0.526034 
lemon_juice 0.756021 -0.085846 -0.102664 0.518908 -0.123624 
beef -0.282786 0.581849 0.558735 0.365488 0.757142 
cocoa -0.530118 -0.569196 -1.283888 0.492692 -0.269853 
corn 0.004548 0.920475 -0.241020 0.101122 0.283620 
bread 0.077580 0.627397 0.397609 0.684807 -0.147708 
scallion 0.156906 0.021303 0.315521 0.188729 1.210452 
mustard -0.028539 0.682300 -0.150400 0.484024 0.245712 
ginger -0.077729 -0.276009 -0.728550 0.154077 1.230629 
basil 0.517656 0.157700 1.019555 0.904343 -0.086117 
celery -0.176161 0.570762 0.482736 0.804630 0.280190 
carrot -0.369169 0.287124 0.575952 0.659807 0.667826 
potato -0.324585 0.546457 0.602275 0.631129 0.411557 
chicken_broth 0.163106 0.456161 0.483459 0.767015 0.367682 
yeast -0.364117 0.202863 -0.404786 0.437105 -0.441609 
rice -0.044242 -0.008229 0.111841 0.125392 1.138259 
mushroom -0.322198 0.263104 0.929914 0.681193 0.277071 
cheese 0.378423 0.354900 0.486492 0.406212 -0.295130 
soy_sauce -0.348607 -0.210949 0.042466 0.229173 1.768854 
cumin 0.890300 0.923700 -0.212075 0.314256 0.739550 
oregano 0.527294 0.539092 0.817382 0.599951 0.008782 
parmesan_cheese 0.223461 0.100996 1.027633 0.866400 -0.316972 
macaroni 0.484060 0.158597 1.002022 0.758299 0.021952 
thyme -0.123978 0.279269 0.969759 1.144967 -0.066532 
cheddar_cheese -0.072100 0.961922 0.279663 0.318001 -0.088838 
lard -0.389581 0.056528 -0.820351 0.395787 -0.367801 
lemon 0.720419 -0.518319 -0.121367 0.587893 -0.201891 
cream_cheese 0.138383 -0.018267 -0.514611 0.332167 -0.539467 
walnut -0.246113 -0.381547 -1.082080 0.754597 -0.467331 
green_bell_pepper 0.246556 0.824278 0.521254 0.418534 0.428235 
starch -0.479373 -0.417725 -0.301588 0.166699 0.498168 
nutmeg -0.624166 -0.269997 -0.625014 0.752030 -0.394049 
honey -0.028454 -0.074119 -0.915417 0.342866 0.450153 
apple -0.378050 0.056870 -1.026041 0.738058 -0.160039 
almond 0.109365 -0.346782 -0.923998 0.544632 -0.235213 
cilantro 1.193975 0.467910 -0.176824 0.225422 0.964397 
pecan -0.190142 -0.296625 -1.228576 0.600897 -0.478507 
white_wine 0.367568 -0.124371 0.814520 0.811035 0.227226 
bacon -0.325668 0.800035 0.440673 0.736985 0.157230 
pork -0.426032 0.460583 0.315377 0.373598 0.801376 
raisin -0.322779 0.044916 -1.208991 0.720327 -0.255806 
bean 0.047924 0.694121 0.412760 0.380026 0.644628 
rosemary -0.014499 0.265033 0.974226 1.120676 -0.183570 
fish 0.716389 -0.543268 0.520790 0.291480 1.241697 
cucumber 0.364604 -0.220302 -0.046983 0.005116 0.472144 
olive 0.780555 0.425165 0.598392 0.706732 -0.032339 
coconut 0.346975 -0.320542 -1.367387 0.057665 0.479253 
orange 0.397625 -0.617849 -0.866412 0.704716 -0.184397 
tamarind -0.354832 1.101438 -0.009442 0.277803 0.532573 
vegetable -0.400816 -0.160369 0.466305 0.410637 0.995076 
orange_juice 0.417887 -0.516460 -0.935989 0.601296 -0.027553 
buttermilk -0.186029 0.152510 -0.644673 0.280481 -0.401131 
pineapple 0.458166 -0.207272 -1.136436 0.267219 0.113132 
shrimp 0.367348 -0.318181 0.614650 0.385020 1.228785 
coriander 0.878771 0.645443 -0.477098 0.455835 0.988572 
bay -0.041340 0.509374 0.702167 1.016449 0.486799 
lime_juice 1.341447 0.138292 -0.450835 0.166557 0.904191 
red_wine 0.215228 0.397239 0.464936 0.861340 0.124878 
gelatin 0.170701 -0.757546 -1.344209 0.703414 -0.333549 
pork_sausage -0.083926 0.635257 0.897371 0.891267 -0.081806 
sesame_oil -0.407965 -0.760620 0.158724 0.252815 2.142101 
chive 0.196361 -0.230281 0.155642 0.531898 -0.222890 
seed 0.111831 0.701253 -0.511185 0.698891 0.229155 
mozzarella_cheese 0.376415 0.192705 0.970924 0.669842 -0.315617 
ham -0.143383 0.629720 0.395662 0.726745 -0.086125 
oat -0.758750 -0.301584 -1.549944 0.639614 -0.013268 
turmeric 0.929658 0.689190 -0.550601 0.358893 1.018769 
nut -0.223607 -0.306178 -0.067893 0.481772 0.269084 
shallot 0.539613 -0.270645 0.580607 1.064507 0.367622 
lettuce 0.787617 0.387343 0.097162 0.355926 0.595867 
cider -0.162550 0.956252 -0.428056 0.534046 0.376046 
dill 0.311716 0.336476 0.463154 0.689410 0.062200 
pea 0.018357 0.470787 0.469567 0.625666 0.765430 
zucchini 0.395425 0.402059 0.543256 0.606003 -0.028006 
cherry 0.037110 -0.723213 -1.236804 0.676588 -0.390915 
lime 1.412988 -0.366251 -0.573038 0.044099 0.672604 
yogurt 0.875085 0.127111 -0.801251 0.359684 -0.005760 
strawberry 0.574852 -0.889441 -1.275407 0.803767 -0.413007 
soybean -0.247750 -0.591365 -0.050643 0.165656 1.744589 
celery_oil -0.435220 1.282926 -0.142544 0.098100 0.873020 
peanut_butter -0.345880 -0.218354 -1.163929 -0.120640 0.585575 
banana 0.166243 -0.497338 -1.205837 0.399882 -0.150071 
meat -0.230661 0.689035 0.330972 0.681114 0.334482 
tabasco_pepper 0.138106 0.901326 0.039645 0.254495 0.637453 
milk_fat -0.054542 -0.238327 -0.338599 0.671355 -0.696123 
cabbage -0.376466 0.430454 0.250736 0.568695 1.046032 
mint 1.230531 -0.394456 -0.246501 0.446855 0.235816 
fennel 0.429534 0.284426 0.890020 1.146204 -0.166452 
sage -0.567518 0.362761 0.691915 1.231203 -0.261085 
broccoli -0.050696 0.271085 0.553408 0.369627 0.326994 
turkey -0.065408 0.716488 0.445182 0.733724 0.136356 
fenugreek 0.772762 0.759629 -0.652165 0.333637 1.118459 
cranberry -0.112311 -0.200449 -0.981041 1.025134 -0.397156 
wine 0.244425 -0.291016 0.310112 0.448297 0.575227 
beef_broth -0.602122 0.284974 0.796969 0.735520 0.851021 
grape_juice 0.682815 0.034185 0.538791 0.843400 -0.034515 
pumpkin -0.862285 -0.759304 -0.486300 0.056003 0.630029 
raspberry 0.423677 -0.841701 -1.071207 0.828709 -0.526263 
whole_grain_wheat_flour -0.388826 0.265780 -0.872893 0.530765 -0.199117 
lemon_peel 0.473764 -0.746022 -0.222705 0.834524 -0.634418 
coffee -0.089033 -0.250116 -1.118856 0.284387 -0.310219 
sesame_seed -0.129340 -0.343946 -0.249084 0.085282 1.290974 
avocado 1.360649 0.472702 -0.145127 0.121509 0.717814 
sherry 0.116817 0.038212 0.346173 0.591056 0.422685 
sake -0.387536 -0.718399 0.031252 0.227431 1.966344 
feta_cheese 1.203770 -0.059911 0.611074 0.634758 -0.115140 
apricot 0.061820 -0.234936 -1.069624 0.716057 -0.202937 
roasted_sesame_seed -0.131944 -0.931214 0.256509 0.234619 2.060228 
rum 0.256475 -0.807076 -1.442267 0.602589 -0.176507 
orange_peel 0.189938 -0.624759 -0.983018 0.895864 -0.419353 
squash 0.350158 0.518690 0.367932 0.547844 0.058238 
crab 0.006369 0.189426 0.429149 0.443421 0.616454 
marjoram -0.467171 0.353908 0.818944 1.165776 -0.287678 
swiss_cheese -0.496745 0.814741 0.335885 0.800151 -0.265152 
sweet_potato -0.037821 0.096483 -0.569054 0.307225 0.258859 
shiitake -0.453378 -0.921475 0.776225 0.556468 1.478666 
radish 0.161827 -0.714815 0.407151 0.377143 1.716343 
peach 0.492984 -0.350139 -1.364447 0.511533 -0.072168 
tarragon 0.403170 -0.091943 0.624496 0.928711 0.029514 
black_bean 0.763224 0.858482 0.242442 0.170397 1.002539 
lamb 0.784029 0.286970 0.304276 0.927989 0.119156 
maple_syrup -0.556872 0.239236 -0.955369 0.352025 0.207066 
pear -0.075037 -1.028063 -0.676323 0.428138 0.599229 
fruit 0.241196 -0.644981 -1.281275 0.700147 -0.144605 
blueberry 0.407209 -0.827731 -1.348737 0.850723 -0.446613 
clam 0.151582 -0.680866 1.089349 0.602195 1.054360 
smoke -0.017669 0.738198 0.440630 0.850360 0.261419 
tuna 0.343483 0.009250 0.631716 0.099487 0.680946 
kidney_bean 0.223956 1.313540 0.421198 0.533832 0.631404 
peanut -0.081384 -0.120962 -0.942298 -0.319308 1.085690 
asparagus 0.215723 0.001885 0.692479 0.721106 0.072483 
salmon 0.756332 -0.242415 0.285642 0.403454 0.422852 
leek -0.094153 0.058302 0.906456 1.271129 0.187338 
chickpea 0.858977 0.471433 0.402012 0.521548 0.674022 
blue_cheese 0.280795 0.449923 0.237091 0.829658 -0.308175 
brandy 0.064343 -0.671832 -0.778745 0.983629 -0.487220 
artichoke 0.654093 0.034902 0.969647 0.872986 -0.170803 
horseradish -0.026601 0.684910 -0.011670 0.607147 0.231464 
mango 1.196544 -0.055045 -0.959000 0.095963 0.638790 
date -0.165962 -0.739724 -1.368113 0.768129 -0.172714 
cardamom 0.357587 0.020307 -1.066767 0.458480 0.143882 
white_bread -0.255879 0.412483 0.240390 0.843479 -0.383241 
oyster -0.457116 -0.381927 0.757479 0.507317 1.439194 
cottage_cheese 0.302858 0.523948 0.220521 0.391628 -0.546615 
grape 0.692057 -0.106434 -1.010265 0.881119 -0.199158 
brown_rice -0.130789 0.718393 0.188099 0.600383 0.416792 
cauliflower 0.086214 0.642358 0.390532 0.514739 0.423824 
cured_pork 0.295252 0.269365 1.064041 1.109893 -0.282233 
egg_noodle -0.269877 0.688246 0.589735 0.579031 0.227105 
beer -0.002362 0.803544 0.024677 0.397003 0.402855 
hazelnut -0.097439 -0.711821 -0.589003 0.799461 -0.616817 
mandarin 0.561591 -0.380022 -1.124127 0.377440 0.055568 
romano_cheese 0.432279 0.055063 1.050287 0.864823 -0.271185 
plum -0.008190 -0.243934 -0.780113 0.789899 0.001932 
pimento 0.400271 0.733939 0.494286 0.479661 0.110066 
smoked_sausage -0.264007 1.098026 0.674486 1.079744 0.375103 
scallop 0.731928 -0.399632 0.919310 0.822756 0.549928 
goat_cheese 0.779688 -0.052114 0.466042 0.944528 -0.525533 
lentil 0.426720 0.732115 0.489466 0.810743 0.671442 
currant 0.135781 -0.166954 -1.009660 1.095628 -0.550973 
saffron 0.905130 -0.210606 0.408152 0.915202 0.305079 
barley -0.733992 0.003030 0.215503 0.576462 0.991053 
caraway -0.222470 1.141241 -0.210338 1.208773 -0.078233 
beet 0.295789 0.206098 0.177166 0.979019 0.195361 
squid 0.140270 -0.994887 0.754636 0.313283 1.650627 
corn_flake -0.289455 0.347160 -0.485304 0.192164 -0.307137 
anise -0.067227 -0.633201 -0.418657 0.775384 -0.032558 
roasted_beef -0.336533 0.767293 0.406111 0.633991 0.438264 
pistachio 0.271807 -0.580634 -1.007987 0.662289 -0.369181 
peanut_oil 0.105175 0.024355 0.065279 0.271017 1.654212 
cereal -0.627727 -0.101465 -1.350921 0.570354 0.145735 
cashew 0.091260 0.223675 -0.787626 0.329049 0.700912 
veal -0.241865 -0.115405 1.050879 1.173365 -0.204641 
seaweed 0.030604 -1.010816 0.079246 0.311782 1.990368 
turnip -0.401658 0.453044 0.459010 1.380752 0.335225 
sauerkraut -0.505536 1.176635 0.085271 1.029411 -0.041982 
berry 0.232565 -0.586859 -1.281535 0.932925 -0.437721 
kelp -0.395863 -1.242186 0.235224 0.404225 1.923747 
tomato_juice 0.028473 0.795564 0.600471 0.477982 0.596613 
cod 0.504698 -0.092154 0.648777 0.484655 0.809126 
provolone_cheese 0.354713 0.330700 0.895815 0.985578 -0.350333 
mussel 0.784297 -0.715203 1.079422 0.904000 1.148556 
blackberry 0.247173 -0.896872 -1.162703 0.810019 -0.451662 
roasted_peanut 0.202677 -0.064708 -0.911431 -0.310210 1.218653 
rhubarb -0.247355 -0.756369 -1.162734 0.513242 -0.445760 
chinese_cabbage -0.292711 -1.127620 0.338875 0.396818 2.108408 
corn_grit 0.557047 0.805646 0.462205 0.337904 0.410364 
chicory 0.524014 -0.260346 0.499959 0.897548 0.461522 
bourbon_whiskey -0.384595 -0.125900 -1.183416 0.618718 0.045082 
citrus 0.177569 -1.440261 -1.177674 0.833818 0.237777 
lima_bean -0.113954 1.176129 0.413512 0.849490 0.415017 
lovage -0.442316 0.100653 0.514588 0.562655 0.672461 
melon 1.040301 -0.616893 -1.183503 0.803077 0.263438 
parsnip -0.359205 0.464416 0.478495 1.314992 0.213230 
fig 0.240661 -0.500828 -0.639564 1.172710 -0.716044 
lemongrass 1.082529 -0.318537 -0.261800 0.130444 1.690750 
whiskey 0.017022 -0.013066 -1.222988 0.570879 -0.051071 
watercress 0.630524 -0.104367 0.126067 0.692352 0.620497 
tequila 1.195537 -0.223808 -0.736227 0.174453 0.285098 
rye_flour -0.375800 0.618334 -0.701755 1.153177 -0.475633 
peppermint -0.140557 -0.550515 -0.754126 0.098597 -0.359327 
savory -0.110691 0.387624 0.817531 1.181747 0.075876 
lobster 0.557172 -0.296888 0.810327 0.767394 0.508788 
roasted_pork -0.083559 0.746298 0.004959 0.740195 0.285268 
