224 5
</s> 0.080054 0.088388 -0.076605 -0.065561 0.027332 
egg 0.271588 0.111751 -0.622483 0.185996 -0.170007 
butter 0.543718 0.353234 -0.616776 0.156265 -0.135394 
wheat 0.310393 0.089196 -0.612243 0.267624 -0.254177 
onion -0.061981 0.678730 0.464686 0.359398 0.455522 
garlic 0.019221 0.357418 0.665288 0.311705 0.747582 
milk 0.617478 0.262578 -0.708151 0.022386 -0.183000 
vegetable_oil -0.236395 0.224147 0.003989 0.390720 0.306504 
cream 0.640149 0.163442 -0.490265 0.133925 -0.136768 
tomato 0.117879 0.776679 0.582984 0.210657 0.609123 
olive_oil 0.761734 0.333972 0.736542 0.299017 0.576002 
black_pepper 0.066049 0.292969 0.639899 0.499350 0.592728 
pepper 0.103246 0.759194 0.264901 0.130710 0.657245 
vanilla 0.642319 -0.424906 -1.536615 0.506266 -0.191639 
cayenne -0.409589 0.263248 0.354326 0.180567 1.092872 
vinegar -0.462154 0.335812 0.495150 0.950308 0.290207 
cane_molasses -0.522626 0.507290 -0.582846 0.732443 -0.280757 
bell_pepper 0.106264 0.500162 0.604824 0.188003 0.750623 
cinnamon 0.144131 0.150116 -1.225176 0.643625 -0.041986 
parsley 0.616382 0.176029 0.662014 0.332975 0.108526 
chicken 0.060295 0.529265 0.149091 0.037932 0.719053 
lemon_juice 0.428555 -0.084690 -0.045563 0.480690 0.182966 
beef -0.344664 0.509532 0.664424 0.431525 0.387732 
cocoa 0.537042 -0.484126 -1.531613 0.278789 -0.066996 
corn -0.407317 0.873989 -0.118709 0.278023 0.241699 
bread 0.461979 0.571341 0.317339 0.332142 0.035738 
scallion -0.334316 -0.310467 0.560644 0.330207 1.049860 
mustard -0.229950 0.485482 0.262331 0.895543 -0.078609 
ginger -0.724550 -0.390909 -0.316381 0.593739 0.881952 
basil 1.098988 0.324014 0.933458 0.076191 0.525753 
celery 0.322125 0.827636 0.503010 0.474576 0.395485 
carrot -0.156633 0.402641 0.394055 0.426455 0.710028 
potato 0.232398 0.607141 0.544992 0.150259 0.494634 
chicken_broth 0.398402 0.602292 0.381307 0.180440 0.849283 
yeast 0.407079 0.397325 -0.438890 0.184914 -0.346416 
rice -0.371828 -0.179589 0.269540 0.281370 1.000733 
mushroom 0.413760 0.375818 0.775779 0.154396 0.568479 
cheese 0.618865 0.581443 0.302856 -0.052332 0.091523 
soy_sauce -0.979656 -0.557905 0.360855 0.977688 1.208275 
cumin -0.142366 0.828472 -0.184754 -0.153522 1.258316 
oregano 0.624306 0.582312 0.822770 -0.020744 0.532760 
parmesan_cheese 1.199771 0.352638 0.782223 -0.054037 0.287208 
macaroni 1.106702 0.299842 0.887756 -0.036228 0.556185 
thyme 0.785324 0.689433 0.703634 0.583842 0.215869 
cheddar_cheese 0.278408 1.096326 0.272599 -0.052945 0.115869 
lard 0.253489 0.076605 -0.760229 0.224957 -0.216833 
lemon 0.608678 -0.356891 -0.201945 0.437541 0.128744 
cream_cheese 0.458855 -0.104696 -0.591781 0.184833 -0.365151 
walnut 0.452861 -0.093816 -1.237048 0.621958 -0.319090 
green_bell_pepper -0.071250 0.732076 0.693179 0.203346 0.620592 
starch -0.470599 -0.376097 -0.302948 0.418420 0.244509 
nutmeg 0.421986 0.241955 -1.068192 0.483119 -0.233798 
honey -0.401650 -0.004687 -0.696417 0.801736 0.205643 
apple 0.095010 0.386267 -0.982473 0.832229 -0.293068 
almond 0.476251 -0.082081 -0.998617 0.347523 -0.004679 
cilantro -0.215713 0.290422 0.103416 -0.091564 1.469258 
pecan 0.362162 -0.070169 -1.175050 0.576485 -0.299690 
white_wine 0.845689 0.022246 0.800603 0.457076 0.400272 
bacon 0.242063 0.843487 0.493594 0.409117 0.213081 
pork -0.586015 0.425030 0.411698 0.809771 0.360251 
raisin 0.267091 0.272087 -1.289726 0.502944 0.062436 
bean -0.117055 0.676816 0.527205 0.236326 0.765520 
rosemary 0.984982 0.726168 0.725910 0.428894 0.197167 
fish 0.122849 -0.737982 0.719426 0.444355 1.028992 
cucumber -0.211524 -0.416527 0.219945 0.547689 0.173390 
olive 0.735075 0.605857 0.758309 0.196341 0.491098 
coconut 0.023355 -0.336820 -1.362056 -0.157094 0.767634 
orange 0.526437 -0.527668 -0.876714 0.921801 -0.098424 
tamarind -0.693473 0.873422 0.381054 0.897203 0.084309 
vegetable -0.177742 -0.268710 0.462761 0.359041 0.889585 
orange_juice 0.102649 -0.394463 -0.862922 0.967144 0.002238 
buttermilk 0.262619 0.380980 -0.728384 0.303780 -0.316619 
pineapple 0.034940 -0.371267 -0.998343 0.595474 0.151731 
shrimp -0.087803 -0.419324 0.754586 0.456255 1.086623 
coriander 0.017743 0.641740 -0.515417 -0.133317 1.551207 
bay 0.286523 0.794900 0.703176 0.732163 0.634988 
lime_juice -0.182203 -0.150412 -0.304798 0.105109 1.422954 
red_wine 0.214049 0.382653 0.619923 0.841632 0.165059 
gelatin 0.679139 -0.668127 -1.447194 0.724416 0.126680 
pork_sausage 0.546083 0.870144 0.708265 0.362046 0.180518 
sesame_oil -0.699948 -1.007714 0.480220 0.833121 1.452019 
chive 0.554281 -0.286213 0.239886 0.522296 -0.286939 
seed -0.129228 0.794180 -0.500158 0.633905 0.293669 
mozzarella_cheese 1.015731 0.559053 0.910409 0.027154 0.149433 
ham 0.581943 0.776160 0.397659 0.358626 0.122762 
oat -0.084034 0.066528 -1.596735 0.620121 -0.076088 
turmeric -0.079098 0.537161 -0.482118 -0.189815 1.609357 
nut 0.021782 -0.353978 -0.177518 0.409861 0.318922 
shallot 0.674363 0.086562 0.570923 0.728487 0.661403 
lettuce -0.135362 0.235824 0.420280 0.591169 0.509695 
cider -0.686705 0.788820 0.001205 1.161029 -0.032794 
dill 0.386099 0.548099 0.486185 0.560405 0.145240 
pea 0.233490 0.345552 0.586026 0.178677 0.954500 
zucchini 0.508992 0.546975 0.239913 -0.182823 0.406796 
cherry 0.680415 -0.503007 -1.242554 0.728267 -0.261348 
lime 0.056767 -0.643733 -0.413954 0.098144 1.003137 
yogurt 0.312295 0.115858 -0.917269 0.079651 0.673391 
strawberry 0.933828 -0.810783 -1.377299 0.812606 -0.047204 
soybean -0.629656 -0.789478 0.175327 0.614270 1.274045 
celery_oil -1.092621 0.885591 0.266574 1.020830 0.059096 
peanut_butter -0.349346 -0.389922 -1.262033 -0.023185 0.478310 
banana 0.383822 -0.500875 -1.321795 0.364910 0.094789 
meat 0.157860 0.697140 0.484911 0.566771 0.320257 
tabasco_pepper -0.383740 0.605280 0.496936 0.692331 0.223081 
milk_fat 0.929269 0.233388 -0.518488 0.142641 -0.166575 
cabbage -0.586741 0.417082 0.417899 0.841958 0.599976 
mint 0.537312 -0.356474 -0.333329 0.089537 0.852310 
fennel 1.086172 0.607981 0.825119 0.444151 0.351520 
sage 0.714668 0.991688 0.486891 0.664299 -0.087656 
broccoli 0.293388 0.431035 0.384837 -0.193390 0.609995 
turkey 0.234510 1.018786 0.228434 0.416326 0.255188 
fenugreek -0.116998 0.638587 -0.560766 -0.165202 1.580226 
cranberry 0.344132 0.161621 -1.088370 1.142585 -0.303150 
wine 0.036197 -0.331956 0.393163 0.615715 0.474717 
beef_broth -0.216065 0.226409 0.880146 0.806436 0.533242 
grape_juice 0.649637 0.149713 0.562154 0.609180 0.233234 
pumpkin -0.396237 -0.660033 -0.609439 0.251619 0.220407 
raspberry 0.975138 -0.659527 -1.114565 0.576599 -0.191380 
whole_grain_wheat_flour 0.263627 0.597242 -0.973025 0.344675 -0.020961 
lemon_peel 1.029864 -0.422238 -0.403852 0.332725 -0.162738 
coffee 0.337086 -0.276559 -1.003386 0.263861 -0.284292 
sesame_seed -0.548835 -0.570887 -0.157259 0.454348 0.765383 
avocado -0.102718 0.134962 0.235216 0.156451 1.010653 
sherry 0.251045 0.053057 0.366495 0.472526 0.508404 
sake -0.820692 -1.062176 0.494707 0.988261 1.175445 
feta_cheese 0.862554 0.050042 0.693738 0.259659 0.387947 
apricot 0.469120 0.156104 -1.101656 0.513980 0.023103 
roasted_sesame_seed -0.582495 -1.205996 0.619608 0.792607 1.432804 
rum 0.451878 -0.670411 -1.450707 0.549439 -0.000491 
orange_peel 0.719061 -0.341544 -0.878835 0.910664 -0.239890 
squash 0.652559 0.793980 0.117117 -0.013958 0.464877 
crab 0.042156 -0.017522 0.605686 0.485587 0.394387 
marjoram 0.658749 1.090924 0.528093 0.551851 0.029196 
swiss_cheese 0.693388 1.056526 0.152376 0.309854 -0.022400 
sweet_potato -0.211915 0.159932 -0.657713 0.329076 0.229907 
shiitake -0.045234 -0.960135 0.872561 0.696455 1.150914 
radish -0.410998 -0.835887 0.654990 1.015516 1.282934 
peach 0.350874 -0.333689 -1.199505 0.616837 0.081669 
tarragon 0.695318 0.173874 0.643347 0.702489 0.314674 
black_bean -0.327120 0.583284 0.415581 -0.189969 1.212802 
lamb 0.529330 0.568331 0.217274 0.350472 0.758917 
maple_syrup -0.208174 0.323534 -0.944479 0.759003 -0.219513 
pear -0.223821 -0.933077 -0.586227 0.935105 0.349256 
fruit 0.568219 -0.431330 -1.288474 0.710810 0.024935 
blueberry 0.890649 -0.518815 -1.538646 0.737316 -0.135270 
clam 0.290733 -0.672678 1.018283 0.535276 1.072205 
smoke 0.315074 0.806282 0.500893 0.648646 0.262428 
tuna 0.082011 -0.148618 0.568897 0.247775 0.761946 
kidney_bean -0.149943 1.087536 0.634219 0.279507 0.870096 
peanut -0.750963 -0.416218 -0.800381 0.022665 0.877529 
asparagus 0.786728 0.132963 0.648203 0.137761 0.490916 
salmon 0.052677 -0.224605 0.430163 0.525097 0.544205 
leek 0.846700 0.420769 0.689388 0.525252 0.571377 
chickpea 0.248689 0.429614 0.365102 0.002249 1.207348 
blue_cheese 0.619043 0.321473 0.393626 0.650153 -0.331733 
brandy 0.877189 -0.403478 -0.797663 0.765882 -0.334070 
artichoke 1.134884 0.285535 0.897353 0.217310 0.311380 
horseradish -0.195505 0.527075 0.333572 1.011163 -0.072307 
mango -0.068081 -0.449156 -0.832251 0.109457 1.168765 
date 0.431508 -0.244987 -1.454413 0.591178 -0.005946 
cardamom 0.164619 0.140365 -1.108874 0.295892 0.698070 
white_bread 0.594304 0.696906 0.117522 0.353155 -0.159912 
oyster -0.257199 -0.526979 0.770639 0.699713 1.070164 
cottage_cheese 0.904075 0.480845 0.164808 -0.025272 -0.258314 
grape 0.376328 0.093558 -0.998151 0.805145 0.260297 
brown_rice -0.066274 0.631353 0.110831 0.190556 0.694196 
cauliflower 0.368936 0.712053 0.178003 -0.063859 0.776592 
cured_pork 1.261995 0.642592 0.958985 0.385044 0.132939 
egg_noodle 0.252579 0.798419 0.469441 0.004960 0.470328 
beer -0.444267 0.696842 0.293929 0.550486 0.286287 
hazelnut 0.748313 -0.270811 -0.863652 0.542336 -0.268003 
mandarin 0.222772 -0.489188 -0.881313 0.842954 0.078630 
romano_cheese 1.236234 0.372363 0.873593 0.194642 0.186688 
plum 0.256501 0.113169 -0.760572 0.820819 0.081987 
pimento 0.464775 0.671163 0.536489 0.201857 0.412549 
smoked_sausage 0.190385 1.030111 0.726254 0.675825 0.453627 
scallop 0.706873 -0.355189 0.924074 0.521123 0.900600 
goat_cheese 1.079636 0.298912 0.363333 0.580195 -0.084970 
lentil 0.211942 0.832321 0.325487 0.079023 1.240406 
currant 0.735874 0.181826 -1.112316 0.642333 -0.016213 
saffron 0.885937 0.197389 0.253639 0.240939 1.076317 
barley -0.302305 0.217198 0.206844 0.516435 0.971032 
caraway 0.306817 1.483330 -0.321352 0.739507 0.350288 
beet 0.114458 0.306403 0.314927 1.152900 0.226814 
squid -0.114524 -1.105209 0.804884 0.548486 1.423261 
corn_flake -0.013660 0.511894 -0.635446 -0.090607 0.061001 
anise 0.446607 -0.433999 -0.440574 0.708931 -0.109615 
roasted_beef -0.058209 0.762199 0.554987 0.643381 0.339864 
pistachio 0.740838 -0.336684 -1.156642 0.397686 0.092362 
peanut_oil -0.505517 -0.147057 0.094187 0.431514 1.308230 
cereal -0.122626 0.126419 -1.385382 0.365144 0.213978 
cashew -0.349480 0.215849 -0.671560 0.273478 0.935631 
veal 0.923823 0.382409 0.954596 0.741498 0.053965 
seaweed -0.396293 -1.157384 0.284757 0.966292 1.360264 
turnip 0.544853 0.783953 0.427815 0.837720 0.827390 
sauerkraut 0.168016 1.396858 0.264349 0.836311 -0.175311 
berry 0.794332 -0.314277 -1.295864 0.999129 -0.166304 
kelp -0.487691 -1.406800 0.418516 0.898286 1.513236 
tomato_juice -0.082486 0.763204 0.849279 0.476075 0.390042 
cod 0.230846 -0.112974 0.575323 0.248268 1.002314 
provolone_cheese 1.189449 0.727129 0.763358 0.320212 0.119490 
mussel 0.561660 -0.653921 0.955628 0.548199 1.374757 
blackberry 0.771675 -0.605985 -1.349713 0.735610 -0.206697 
roasted_peanut -0.656220 -0.412598 -0.665714 0.072650 0.947685 
rhubarb 0.528548 -0.367815 -1.185584 0.462238 -0.344063 
chinese_cabbage -0.463907 -1.341084 0.551358 0.801977 1.598073 
corn_grit 0.239867 0.658919 0.658634 0.037522 0.539507 
chicory 0.517285 -0.300395 0.760646 1.171176 0.383248 
bourbon_whiskey -0.220827 -0.087267 -0.954488 1.032781 -0.332291 
citrus 0.439606 -1.045437 -1.117764 0.968009 0.204647 
lima_bean -0.000500 1.149286 0.621131 0.685342 0.465851 
lovage -0.247800 0.177948 0.667514 0.985545 0.144468 
melon 0.376435 -0.746259 -1.113495 0.921002 0.713312 
parsnip 0.572322 0.890062 0.380768 0.734840 0.697209 
fig 0.979870 -0.105799 -0.884536 0.930483 -0.246830 
lemongrass -0.100006 -0.584726 -0.146771 -0.116258 1.934107 
whiskey -0.077244 -0.084965 -1.132569 0.804846 -0.131320 
watercress 0.221035 -0.185300 0.345777 0.943831 0.635974 
tequila -0.107373 -0.597830 -0.616887 0.505917 0.843239 
rye_flour 0.635342 0.960387 -0.712504 0.853429 -0.223979 
peppermint 0.177524 -0.455182 -0.852517 0.080917 -0.315850 
savory 0.706514 0.701360 0.686079 0.517685 0.460947 
lobster 0.696814 -0.103886 0.749540 0.645606 0.695044 
roasted_pork -0.253247 0.878071 0.159589 0.817756 0.277473 
