224 5
</s> 0.080054 0.088388 -0.076605 -0.065561 0.027332 
egg 0.006497 0.015543 -0.613182 0.363854 -0.309732 
butter 0.056527 0.012130 -0.543331 0.431379 -0.515522 
wheat 0.030757 -0.118798 -0.651988 0.306800 -0.309887 
onion 0.084429 0.671865 0.465900 0.602100 0.204993 
garlic 0.130485 0.399351 0.696671 0.569302 0.368664 
milk 0.302434 0.064102 -0.730524 0.313189 -0.577940 
vegetable_oil -0.107005 0.217327 -0.089111 0.373434 0.318339 
cream 0.365897 0.025442 -0.455539 0.303859 -0.427083 
tomato 0.506035 0.794091 0.702106 0.569142 0.336108 
olive_oil 0.785088 0.284895 0.791214 0.726833 0.033638 
black_pepper 0.079168 0.262185 0.718927 0.631973 0.204945 
pepper 0.227216 0.777737 0.367663 0.640095 0.306396 
vanilla 0.557904 -0.359901 -1.618673 0.279433 0.052849 
cayenne 0.280584 0.507224 0.436131 0.288813 0.975814 
vinegar -0.367106 0.416631 0.297916 0.769202 0.364108 
cane_molasses -0.642058 0.190925 -0.782701 0.564171 0.010731 
bell_pepper 0.389173 0.535639 0.692816 0.509502 0.392231 
cinnamon -0.042637 -0.160067 -1.334324 0.684684 -0.090042 
parsley 0.298031 0.072710 0.768703 0.738512 -0.297260 
chicken 0.193818 0.461372 0.341940 0.387358 0.399313 
lemon_juice 0.348345 -0.280081 0.020925 0.539590 -0.108619 
beef -0.386618 0.642993 0.515614 0.612514 0.335160 
cocoa 0.436690 -0.451323 -1.531247 0.158054 0.060785 
corn -0.220896 0.818994 -0.216457 0.299821 0.335647 
bread 0.183939 0.538900 0.296353 0.617278 -0.303130 
scallion 0.063269 0.126704 0.536637 0.425559 0.947319 
mustard -0.467379 0.364709 0.054398 0.860350 -0.126147 
ginger -0.547458 -0.428928 -0.380029 0.610161 0.903100 
basil 0.852897 0.366341 0.933593 0.560629 -0.131903 
celery -0.186098 0.659465 0.451209 0.930143 -0.143587 
carrot -0.289435 0.370462 0.509948 0.831903 0.387977 
potato 0.025303 0.740886 0.520045 0.642657 -0.013517 
chicken_broth 0.301070 0.484783 0.559054 0.774304 0.187104 
yeast 0.261180 0.423930 -0.517049 0.251650 -0.444885 
rice -0.137956 -0.046039 0.365123 0.383620 0.981838 
mushroom 0.117730 0.439240 0.714676 0.523889 0.161114 
cheese 0.760737 0.660022 0.303733 0.190669 -0.226621 
soy_sauce -0.690419 -0.331119 0.384489 0.731743 1.302034 
cumin 0.724964 0.913498 0.036622 0.300171 1.058939 
oregano 0.631457 0.651536 0.834383 0.448465 -0.004803 
parmesan_cheese 0.844730 0.389669 0.805638 0.431794 -0.437672 
macaroni 0.879182 0.405970 0.922679 0.467344 -0.034025 
thyme 0.148931 0.365789 0.767146 1.006135 -0.462894 
cheddar_cheese 0.354301 1.206196 0.098671 0.186926 -0.063924 
lard 0.008847 0.040000 -0.893872 0.240442 -0.257791 
lemon 0.605726 -0.609068 -0.019447 0.509316 -0.278878 
cream_cheese 0.309885 0.002710 -0.599088 0.163738 -0.331489 
walnut 0.230275 -0.338875 -1.210136 0.564288 -0.332824 
green_bell_pepper 0.151618 0.835658 0.638588 0.454614 0.335645 
starch -0.555842 -0.520185 -0.218725 0.317803 0.199955 
nutmeg -0.134046 -0.187756 -0.926178 0.656536 -0.440063 
honey -0.198947 -0.409832 -0.621063 0.623634 0.367402 
apple -0.174606 -0.044134 -1.042484 0.874393 -0.368889 
almond 0.375832 -0.314443 -0.961264 0.468067 -0.010247 
cilantro 0.870451 0.352046 0.311567 0.246069 1.370103 
pecan 0.273301 -0.223255 -1.345083 0.408162 -0.233042 
white_wine 0.333431 -0.226022 0.919919 0.804549 -0.166155 
bacon -0.072229 0.898833 0.403602 0.686532 -0.212830 
pork -0.705641 0.357987 0.377108 0.673888 0.448465 
raisin 0.061501 -0.098557 -1.235191 0.692792 -0.160810 
bean -0.031598 0.782218 0.457309 0.518281 0.490012 
rosemary 0.337372 0.409800 0.810367 0.970039 -0.553334 
fish 0.340227 -0.537780 0.810510 0.425514 1.140845 
cucumber -0.268297 -0.383193 0.171857 0.308470 0.274424 
olive 0.920282 0.506999 0.773753 0.544937 0.044861 
coconut 0.342252 -0.397856 -1.307924 0.047356 0.916337 
orange 0.462216 -0.821613 -0.760590 0.679689 -0.036513 
tamarind -0.661698 0.920736 0.122338 0.619001 0.249294 
vegetable -0.338391 -0.127090 0.546457 0.483534 0.687065 
orange_juice 0.370849 -0.868666 -0.676591 0.629101 0.132074 
buttermilk 0.269176 0.334409 -0.840353 0.197176 -0.384965 
pineapple 0.173815 -0.487648 -1.142459 0.497626 0.354459 
shrimp 0.111321 -0.297273 0.957673 0.560306 0.910636 
coriander 0.670471 0.570346 -0.183893 0.461896 1.229537 
bay -0.129622 0.346223 0.664349 1.036707 0.027601 
lime_juice 0.802469 -0.158472 0.032403 0.230353 1.356191 
red_wine 0.047739 0.216319 0.679967 0.951815 -0.241391 
gelatin 0.589480 -0.565316 -1.424304 0.552960 0.017813 
pork_sausage 0.406559 0.896567 0.615567 0.792553 -0.307577 
sesame_oil -0.549599 -0.786586 0.493142 0.690881 1.752043 
chive 0.048053 -0.424088 0.179877 0.583726 -0.535218 
seed 0.062416 0.548310 -0.387904 0.769471 0.054918 
mozzarella_cheese 0.881710 0.571455 0.789281 0.284510 -0.342852 
ham 0.200756 0.818403 0.261334 0.698484 -0.390110 
oat -0.131777 -0.056481 -1.669343 0.476874 0.113543 
turmeric 0.585380 0.739799 -0.264903 0.508849 1.349261 
nut 0.039174 -0.301506 -0.146904 0.569592 0.077759 
shallot 0.415490 -0.262765 0.740886 0.989388 0.041936 
lettuce 0.335175 0.287445 0.361455 0.404552 0.553587 
cider -0.684346 0.560395 -0.362624 0.914224 0.156463 
dill 0.167147 0.376061 0.436505 0.763492 -0.177954 
pea 0.246555 0.355108 0.748899 0.611244 0.520933 
zucchini 0.564629 0.472855 0.476430 0.273462 -0.083092 
cherry 0.441056 -0.763457 -1.298989 0.595558 -0.202511 
lime 0.966503 -0.471440 -0.328656 0.068333 1.102022 
yogurt 0.747397 -0.167909 -0.641591 0.306737 0.402543 
strawberry 1.023088 -0.850633 -1.284637 0.463098 -0.019234 
soybean -0.367786 -0.636434 0.218581 0.534899 1.491190 
celery_oil -0.902323 1.134347 -0.072697 0.688430 0.516464 
peanut_butter -0.157400 -0.174079 -1.184981 -0.261303 0.979837 
banana 0.568132 -0.491311 -1.357167 0.294895 0.156160 
meat -0.117530 0.589694 0.373360 0.838671 0.041296 
tabasco_pepper -0.268823 0.797714 0.308515 0.533317 0.340144 
milk_fat 0.508752 -0.168356 -0.464123 0.421890 -0.663078 
cabbage -0.376895 0.497097 0.366376 0.821311 0.677956 
mint 1.053367 -0.646713 0.108429 0.342406 0.359723 
fennel 0.763644 0.386467 0.824722 1.033852 -0.364718 
sage -0.146122 0.482036 0.371474 1.150381 -0.782718 
broccoli 0.217469 0.582093 0.569420 0.340236 0.236244 
turkey 0.126035 0.789783 0.316332 0.675336 -0.160370 
fenugreek 0.608689 0.769331 -0.377109 0.310385 1.424041 
cranberry 0.150633 -0.269096 -1.077284 0.964519 -0.500787 
wine -0.069419 -0.462715 0.506543 0.698140 0.209093 
beef_broth -0.534919 0.304504 0.731466 1.066114 0.312017 
grape_juice 0.504760 -0.084130 0.648173 0.835486 -0.198649 
pumpkin -0.504952 -0.677609 -0.570211 0.171136 0.449227 
raspberry 0.706948 -0.816528 -1.192783 0.599314 -0.273000 
whole_grain_wheat_flour 0.227038 0.248745 -0.992851 0.387180 -0.166242 
lemon_peel 0.648143 -0.726070 -0.185264 0.641103 -0.622899 
coffee 0.279711 -0.314271 -1.224079 0.024302 -0.064333 
sesame_seed -0.358367 -0.430223 -0.120052 0.310190 1.073210 
avocado 0.870036 0.520292 0.235049 0.186967 1.024735 
sherry -0.015524 -0.197427 0.406875 0.787446 0.034174 
sake -0.776138 -0.829996 0.383294 0.759264 1.597335 
feta_cheese 0.971191 -0.129515 0.814815 0.448511 -0.095613 
apricot 0.449656 -0.426839 -1.046584 0.712168 -0.166983 
roasted_sesame_seed -0.284820 -0.832918 0.692191 0.563795 1.713299 
rum 0.444195 -0.707462 -1.535667 0.408259 0.094633 
orange_peel 0.442137 -0.792442 -0.751270 0.760958 -0.416334 
squash 0.526989 0.671773 0.290977 0.597031 -0.246440 
crab -0.051862 0.139840 0.579981 0.507788 0.391219 
marjoram 0.044592 0.653782 0.509937 1.142645 -0.608331 
swiss_cheese 0.250188 1.127417 0.139045 0.725683 -0.492916 
sweet_potato -0.143365 0.090141 -0.529648 0.516128 0.233493 
shiitake -0.398647 -0.716504 1.008652 0.742499 0.962739 
radish -0.127473 -0.862446 0.818386 0.769160 1.293042 
peach 0.500326 -0.584112 -1.109644 0.429872 0.198341 
tarragon 0.312597 -0.116944 0.792481 0.969297 -0.233000 
black_bean 0.761061 0.966564 0.503846 0.273623 1.117900 
lamb 0.583936 0.097732 0.490607 0.899942 0.138683 
maple_syrup -0.386302 0.045544 -0.964311 0.638449 0.020723 
pear -0.174547 -1.251133 -0.417239 0.795467 0.290094 
fruit 0.482073 -0.775876 -1.176546 0.660831 -0.117096 
blueberry 0.873185 -0.808844 -1.383738 0.544552 -0.072094 
clam 0.188833 -0.594620 1.229154 0.745299 0.708316 
smoke 0.087501 0.751524 0.414094 1.001196 -0.092703 
tuna 0.119931 0.011108 0.754384 0.273599 0.484686 
kidney_bean 0.136000 1.222421 0.567517 0.563616 0.635216 
peanut -0.373505 -0.369583 -0.657271 -0.053987 1.342706 
asparagus 0.487267 -0.023174 0.733858 0.472389 -0.031801 
salmon 0.179177 -0.417328 0.549021 0.578980 0.253418 
leek 0.295939 0.136441 0.808203 1.133900 -0.351436 
chickpea 0.681055 0.525768 0.663494 0.487549 0.761119 
blue_cheese 0.195571 0.181801 0.277411 0.794718 -0.639002 
brandy 0.399092 -0.745755 -0.824187 0.774397 -0.533166 
artichoke 0.902612 0.121415 0.884321 0.480977 -0.383971 
horseradish -0.298749 0.425134 0.154033 0.818212 -0.076585 
mango 0.710320 -0.409226 -0.507129 0.198048 1.103217 
date 0.217472 -0.563697 -1.462381 0.701777 -0.085758 
cardamom 0.472162 -0.188473 -1.027285 0.537565 0.373903 
white_bread 0.084446 0.641613 0.052985 0.801713 -0.654300 
oyster -0.482136 -0.357030 0.887909 0.802863 0.971298 
cottage_cheese 0.599194 0.443678 0.059511 0.189182 -0.590946 
grape 0.627809 -0.352626 -0.863095 0.890183 -0.004533 
brown_rice -0.148293 0.683649 0.184957 0.608935 0.306428 
cauliflower 0.351185 0.805790 0.347839 0.399786 0.274526 
cured_pork 0.953279 0.538711 0.908703 0.846812 -0.588376 
egg_noodle 0.067590 0.803349 0.260034 0.381573 0.069131 
beer -0.277516 0.740621 0.030950 0.595512 0.333289 
hazelnut 0.384560 -0.573386 -0.737286 0.632273 -0.668233 
mandarin 0.279465 -0.597785 -1.041444 0.561554 0.248658 
romano_cheese 0.893239 0.233290 0.842295 0.494371 -0.421382 
plum 0.011083 -0.417974 -0.739312 0.945912 -0.190849 
pimento 0.460138 0.737328 0.511047 0.524071 -0.024043 
smoked_sausage -0.188491 1.034426 0.483815 1.007009 0.120209 
scallop 0.676676 -0.459265 1.133555 0.768164 0.333475 
goat_cheese 0.829033 0.003946 0.304285 0.843124 -0.595819 
lentil 0.381516 0.750446 0.532311 0.745219 0.543535 
currant 0.559432 -0.236974 -1.031186 0.873123 -0.486612 
saffron 0.984452 -0.202463 0.606742 0.859308 0.250534 
barley -0.494257 0.081037 0.179012 0.942563 0.583909 
caraway 0.270829 1.262099 -0.541320 1.089949 -0.123640 
beet -0.020735 0.038394 0.273428 1.271495 -0.069529 
squid 0.070442 -1.012199 0.970153 0.573541 1.257734 
corn_flake -0.039555 0.427747 -0.603278 0.133495 -0.167732 
anise 0.253691 -0.685135 -0.380596 0.722361 -0.224311 
roasted_beef -0.432692 0.726473 0.513536 0.824066 0.157243 
pistachio 0.597070 -0.567197 -1.078154 0.477064 -0.186898 
peanut_oil -0.221411 -0.073399 0.272098 0.581800 1.381308 
cereal -0.126195 0.013611 -1.370034 0.420336 0.329694 
cashew -0.132152 0.157634 -0.528242 0.687332 0.735497 
veal 0.062044 0.046034 0.878477 1.048724 -0.597272 
seaweed -0.311397 -0.840261 0.452537 0.771871 1.704939 
turnip 0.042540 0.483824 0.421806 1.408499 -0.135168 
sauerkraut -0.341137 1.158466 -0.035661 1.120836 -0.451820 
berry 0.581787 -0.580941 -1.225206 0.891853 -0.465303 
kelp -0.481839 -1.210173 0.527869 0.624277 1.844195 
tomato_juice -0.266429 0.726668 0.664643 0.677031 0.310226 
cod 0.265323 -0.191291 0.865198 0.507947 0.567953 
provolone_cheese 0.815968 0.617509 0.684947 0.719716 -0.493746 
mussel 0.758973 -0.604300 1.247148 0.799858 0.875410 
blackberry 0.575845 -0.866738 -1.313231 0.659154 -0.101092 
roasted_peanut -0.131986 -0.258402 -0.461704 0.035451 1.372683 
rhubarb 0.283228 -0.748556 -1.355822 0.410836 -0.166515 
chinese_cabbage -0.353303 -1.156328 0.737856 0.619275 1.730413 
corn_grit 0.615486 0.884157 0.639078 0.432987 0.326498 
chicory 0.377597 -0.378612 0.733164 1.068475 0.037908 
bourbon_whiskey -0.384566 -0.276294 -1.185981 0.737797 -0.077427 
citrus 0.388605 -1.282765 -1.032104 0.694895 0.386375 
lima_bean -0.170528 1.110563 0.437786 1.021352 0.252921 
lovage -0.746535 -0.240954 0.598400 0.963659 0.030275 
melon 0.917357 -0.966852 -0.910713 0.853394 0.444029 
parsnip -0.168665 0.438013 0.379310 1.380152 -0.183999 
fig 0.748333 -0.624710 -0.863935 0.993173 -0.753249 
lemongrass 0.485010 -0.416753 0.341463 0.436737 1.952748 
whiskey -0.114246 -0.154264 -1.283299 0.794375 0.102157 
watercress 0.345202 -0.296385 0.445653 0.967132 0.398410 
tequila 0.832118 -0.514501 -0.413784 0.251858 0.778385 
rye_flour 0.409069 0.760951 -1.011552 0.845141 -0.384480 
peppermint 0.153621 -0.503630 -0.807286 -0.138321 -0.107845 
savory 0.314338 0.398654 0.668059 1.002246 -0.309068 
lobster 0.552323 -0.288532 0.867517 0.717021 0.066585 
roasted_pork -0.311146 0.546100 0.067242 0.988234 -0.060166 
