224 5
</s> 0.080054 0.088388 -0.076605 -0.065561 0.027332 
egg -0.595543 -0.126828 -0.158174 0.308951 -0.218222 
butter -0.675263 -0.093849 -0.035915 0.454098 -0.263305 
wheat -0.606516 -0.187326 -0.312898 0.323799 -0.176134 
onion 0.056757 0.499301 0.613808 0.461772 0.516987 
garlic 0.217765 0.226541 0.727318 0.375095 0.682265 
milk -0.844911 -0.158298 -0.222874 0.436228 -0.330343 
vegetable_oil -0.054427 0.132762 -0.033372 0.213866 0.410675 
cream -0.230281 -0.186111 -0.130859 0.396895 -0.298358 
tomato 0.265257 0.676683 0.626154 0.558568 0.466311 
olive_oil 0.377567 -0.021576 0.871075 0.840486 0.052539 
black_pepper 0.155608 0.110225 0.666584 0.352348 0.645381 
pepper 0.276802 0.517325 0.462435 0.578018 0.415504 
vanilla -1.264115 -0.814022 -1.000608 0.645380 -0.139990 
cayenne 0.552028 0.292376 0.219034 0.303110 0.940900 
vinegar 0.144650 0.479336 0.326405 0.509889 0.689589 
cane_molasses -0.666554 0.555444 -0.775748 0.233013 0.199104 
bell_pepper 0.429385 0.327864 0.643552 0.535270 0.589263 
cinnamon -0.923238 -0.185141 -0.810216 0.688035 0.019208 
parsley 0.037246 -0.138819 0.934683 0.573191 -0.019684 
chicken 0.268197 0.311461 0.334307 0.391355 0.555255 
lemon_juice 0.392172 -0.314472 -0.051223 0.701088 -0.161374 
beef -0.323515 0.583266 0.582223 0.080887 0.778947 
cocoa -1.115272 -0.655537 -1.057589 0.449350 -0.088115 
corn 0.035860 0.690959 -0.063698 0.268820 0.322685 
bread -0.029886 0.477172 0.580016 0.612370 -0.103375 
scallion 0.394316 -0.354333 0.464380 0.133514 1.128143 
mustard -0.063625 0.399623 0.264980 0.562487 0.214006 
ginger 0.092899 -0.499308 -0.546131 0.169365 1.162841 
basil 0.263561 0.015991 1.214896 0.746327 0.052159 
celery -0.309379 0.581590 0.797532 0.580476 0.502460 
carrot -0.256099 0.264686 0.825828 0.324519 0.875422 
potato -0.342735 0.281487 0.889716 0.330823 0.424477 
chicken_broth 0.075919 0.218316 0.648821 0.589260 0.389880 
yeast -0.722536 -0.039566 -0.098467 0.389035 -0.390892 
rice 0.037381 -0.223100 0.131885 0.031966 1.155328 
mushroom -0.409694 0.093371 1.200912 0.319656 0.390501 
cheese -0.046220 0.226574 0.716763 0.442533 -0.214565 
soy_sauce -0.024670 -0.226272 0.029220 0.040661 1.854579 
cumin 0.792547 0.673576 -0.177918 0.594160 0.748074 
oregano 0.247621 0.446741 1.015944 0.580921 0.218810 
parmesan_cheese -0.302070 -0.034253 1.319064 0.505611 -0.236900 
macaroni 0.069600 -0.033168 1.294122 0.570308 0.093362 
thyme -0.238007 0.189270 1.107357 0.689717 0.067383 
cheddar_cheese -0.336295 0.870643 0.651392 0.208093 0.106356 
lard -0.890698 -0.136353 -0.528649 0.389745 -0.228245 
lemon 0.432413 -0.632251 0.004373 0.857600 -0.435418 
cream_cheese -0.380495 -0.065717 -0.259833 0.467520 -0.496896 
walnut -0.876965 -0.430669 -0.853760 0.708923 -0.331204 
green_bell_pepper 0.220391 0.722644 0.785134 0.381913 0.638862 
starch -0.467244 -0.332078 -0.161237 -0.172905 0.514876 
nutmeg -1.022486 -0.016733 -0.409609 0.678860 -0.264314 
honey -0.090482 -0.146456 -0.718954 0.582462 0.370361 
apple -0.478066 0.302758 -0.812781 0.975428 -0.055912 
almond -0.530892 -0.251333 -0.799755 0.733109 -0.196600 
cilantro 1.107171 0.150848 0.021831 0.765636 0.949903 
pecan -1.030259 -0.331929 -1.003358 0.748961 -0.258521 
white_wine 0.331486 -0.325198 1.016844 0.732552 0.220966 
bacon -0.423743 0.594384 0.784655 0.349702 0.327858 
pork -0.157135 0.526685 0.313087 0.209249 0.853173 
raisin -0.784692 0.126534 -0.935461 0.732141 -0.005961 
bean 0.115736 0.627182 0.596791 0.318990 0.758819 
rosemary -0.244921 0.320091 1.239045 0.829228 -0.062170 
fish 0.632311 -0.913951 0.498343 0.295241 1.101496 
cucumber 0.497903 -0.756336 0.097868 0.215520 0.301876 
olive 0.556753 0.128160 0.893192 0.810548 -0.029099 
coconut 0.125393 -0.419763 -1.267002 0.392934 0.470664 
orange -0.008653 -0.532661 -0.777042 1.160084 -0.109958 
tamarind -0.183576 1.108585 0.107714 0.290762 0.721443 
vegetable -0.076718 -0.380013 0.573404 -0.091461 1.064412 
orange_juice 0.267542 -0.386213 -0.783779 0.941912 0.026350 
buttermilk -0.638619 0.039693 -0.210859 0.323309 -0.344517 
pineapple -0.104148 -0.207426 -1.089382 0.587633 0.187994 
shrimp 0.452913 -0.580745 0.749517 0.223297 0.981119 
coriander 0.754889 0.446525 -0.382430 0.992751 1.071417 
bay -0.133283 0.423302 0.784339 0.689888 0.630046 
lime_juice 1.313116 -0.014474 -0.493187 0.761782 0.951206 
red_wine 0.316062 0.260808 0.552327 0.788383 0.084489 
gelatin -0.596882 -0.781268 -1.186334 0.929514 -0.179156 
pork_sausage -0.381136 0.682868 1.139684 0.644283 0.096038 
sesame_oil -0.110797 -0.729213 0.133054 -0.183100 2.040189 
chive 0.052649 -0.468223 0.354207 0.561574 -0.293956 
seed 0.030253 0.560389 -0.270224 0.989436 0.164718 
mozzarella_cheese -0.232998 0.204099 1.239868 0.535818 -0.254992 
ham -0.289794 0.319664 0.782398 0.515535 0.063417 
oat -1.312775 -0.193674 -1.183402 0.470780 0.198697 
turmeric 0.923046 0.553972 -0.473241 0.934772 1.064027 
nut -0.506682 -0.416893 -0.040201 0.254440 0.397659 
shallot 0.355817 -0.529644 0.784534 0.850692 0.301682 
lettuce 0.679791 -0.010412 0.266049 0.606998 0.481442 
cider -0.055162 0.914932 -0.279303 0.693758 0.426668 
dill 0.195109 0.163351 0.738255 0.838243 -0.018457 
pea 0.189064 0.001670 0.738674 0.324202 1.036306 
zucchini 0.148876 0.268393 0.593843 0.383891 0.032248 
cherry -0.749301 -0.551373 -1.064330 0.995109 -0.246950 
lime 1.228209 -0.481857 -0.727349 0.675179 0.599501 
yogurt 0.841140 -0.021046 -0.820847 1.060065 0.061661 
strawberry -0.254465 -0.991856 -1.007986 1.161888 -0.366472 
soybean -0.155167 -0.651558 -0.071577 -0.154433 1.717827 
celery_oil -0.061450 1.279816 -0.052066 0.241847 0.831207 
peanut_butter -0.546297 -0.143294 -1.171113 -0.296704 0.756337 
banana -0.315836 -0.449299 -1.311485 0.730154 0.020017 
meat -0.167171 0.545267 0.492539 0.464427 0.484427 
tabasco_pepper 0.094421 0.823520 0.446331 0.404913 0.573386 
milk_fat -0.500280 -0.342711 -0.192033 0.613799 -0.520527 
cabbage -0.100845 0.404446 0.386577 0.321284 1.024585 
mint 0.917846 -0.835879 -0.087430 0.939859 0.010642 
fennel -0.044638 0.023661 1.103526 0.949267 -0.058678 
sage -0.885426 0.501119 0.899801 0.795470 -0.168052 
broccoli -0.268719 0.241834 0.859674 0.213464 0.511216 
turkey -0.306906 0.726096 0.615195 0.663057 0.218138 
fenugreek 0.604664 0.547789 -0.438750 0.827973 0.931224 
cranberry -0.551510 0.009291 -0.739251 1.215855 -0.274519 
wine 0.073290 -0.448532 0.258513 0.204234 0.520664 
beef_broth -0.369858 0.147474 0.895424 0.174158 1.106592 
grape_juice 0.483365 -0.130259 0.603739 1.007873 -0.212156 
pumpkin -0.963098 -0.534578 -0.409449 -0.396429 0.658037 
raspberry -0.291819 -0.764367 -0.849965 1.072209 -0.450255 
whole_grain_wheat_flour -0.777383 0.159020 -0.339445 0.462196 -0.190540 
lemon_peel -0.157198 -0.621240 -0.138991 0.910368 -0.510609 
coffee -0.790216 -0.403470 -0.926580 0.362200 -0.164814 
sesame_seed 0.001013 -0.582705 -0.295618 -0.103891 1.135311 
avocado 1.116176 0.310188 -0.002327 0.704984 0.332162 
sherry 0.063772 -0.280270 0.472208 0.456815 0.421125 
sake -0.245120 -0.930514 0.260130 -0.183922 1.864969 
feta_cheese 0.799761 -0.202617 0.755027 0.837923 -0.181284 
apricot -0.323618 -0.193084 -0.951738 1.052507 -0.169197 
roasted_sesame_seed 0.130184 -0.897352 0.245508 -0.175381 1.892342 
rum -0.412747 -0.550013 -1.311607 0.944402 -0.156002 
orange_peel -0.354291 -0.579468 -0.479876 0.992450 -0.388077 
squash -0.052797 0.503270 0.517373 0.731921 -0.001756 
crab 0.144517 -0.261394 0.724094 0.333727 0.604360 
marjoram -0.536284 0.492501 0.985026 0.759943 0.020810 
swiss_cheese -0.693400 0.701729 0.595668 0.528204 -0.079441 
sweet_potato -0.139409 0.107359 -0.628589 0.455949 0.355428 
shiitake -0.414838 -1.121264 0.887333 -0.101059 1.449968 
radish 0.304713 -1.082504 0.545480 0.241301 1.541570 
peach 0.080538 -0.124299 -1.186816 0.913865 0.090367 
tarragon 0.199676 -0.351807 0.875699 0.873986 0.034051 
black_bean 0.760176 0.736305 0.164621 0.353391 0.921297 
lamb 0.607162 0.209893 0.388361 1.003415 0.046050 
maple_syrup -0.612607 0.294500 -0.736842 0.469159 0.234444 
pear -0.143833 -0.888684 -0.658011 0.475992 0.504558 
fruit -0.372681 -0.705783 -1.069212 1.076535 -0.152735 
blueberry -0.522837 -0.856909 -1.074791 1.255522 -0.409648 
clam 0.306526 -0.764050 1.100213 0.161567 1.024730 
smoke -0.051278 0.641068 0.734080 0.737695 0.484465 
tuna 0.469930 -0.247467 0.644430 0.239927 0.537815 
kidney_bean 0.017490 1.156561 0.669769 0.488982 0.941277 
peanut -0.101849 -0.139386 -1.093068 -0.105056 0.889095 
asparagus 0.080088 -0.464980 0.858264 0.563091 0.070630 
salmon 0.837297 -0.568936 0.282074 0.604294 0.344346 
leek -0.310384 -0.290850 1.159888 0.656008 0.274318 
chickpea 0.737829 0.383246 0.421361 0.619240 0.666602 
blue_cheese 0.039504 0.136942 0.410613 0.842001 -0.367569 
brandy -0.411797 -0.535367 -0.387426 1.098424 -0.595519 
artichoke 0.146849 -0.091725 1.276129 0.745363 -0.158440 
horseradish -0.084082 0.574095 0.280353 0.591434 0.299880 
mango 1.147818 -0.052110 -0.971472 0.827835 0.721289 
date -0.733800 -0.590464 -1.069989 0.814310 -0.010610 
cardamom 0.092613 -0.104104 -0.965326 0.830637 0.276012 
white_bread -0.614994 0.442994 0.549718 0.654847 -0.162964 
oyster -0.302556 -0.458080 0.745378 -0.010458 1.552570 
cottage_cheese -0.312825 0.243501 0.616848 0.324757 -0.512557 
grape 0.197621 -0.094361 -0.781342 1.400460 -0.176695 
brown_rice -0.211494 0.584856 0.241713 0.362594 0.597934 
cauliflower 0.036022 0.494909 0.670869 0.486731 0.476044 
cured_pork -0.367143 0.320369 1.415405 0.892554 -0.209909 
egg_noodle -0.407420 0.584296 0.603119 0.199816 0.392493 
beer -0.018377 0.771440 0.257521 0.477631 0.492133 
hazelnut -0.763614 -0.670082 -0.311047 0.740068 -0.431530 
mandarin 0.041486 -0.428557 -0.921051 0.892892 0.104935 
romano_cheese 0.046556 -0.204977 1.296056 0.647158 -0.354018 
plum -0.163592 -0.193062 -0.668770 0.883485 0.007620 
pimento 0.323888 0.462297 0.681723 0.544403 0.139624 
smoked_sausage -0.391613 0.999301 0.642841 0.449666 0.708054 
scallop 0.626699 -0.817489 0.960244 0.584824 0.675694 
goat_cheese 0.188449 -0.308604 0.695120 1.054060 -0.523592 
lentil 0.272679 0.507357 0.628951 0.638282 0.637002 
currant -0.331558 0.012162 -0.728617 1.093888 -0.384486 
saffron 0.522113 -0.445623 0.654754 1.175073 0.311852 
barley -0.515662 -0.161071 0.349021 0.243220 1.045470 
caraway -0.532858 1.024815 0.141781 1.193265 0.177740 
beet 0.182922 0.036011 0.265913 1.083974 0.138091 
squid 0.177833 -1.211687 0.696432 0.004739 1.478537 
corn_flake -0.594793 0.475647 -0.464093 0.110181 0.037531 
anise -0.685219 -0.561137 -0.267757 0.634989 -0.085161 
roasted_beef -0.221834 0.703064 0.662215 0.349030 0.559900 
pistachio -0.287021 -0.732279 -0.580243 0.912253 -0.449138 
peanut_oil 0.426185 -0.266466 -0.090934 0.234535 1.570185 
cereal -1.181086 -0.177853 -1.128451 0.340211 0.498425 
cashew 0.020256 0.164434 -0.598190 0.429224 0.689224 
veal -0.437656 -0.043968 1.239446 0.762382 -0.063175 
seaweed 0.088430 -1.253087 0.245859 0.114238 1.790751 
turnip -0.341314 0.329181 0.925731 1.011536 0.490746 
sauerkraut -0.653339 1.197590 0.304532 0.794848 0.246783 
berry -0.710324 -0.584878 -0.986749 1.170710 -0.287100 
kelp -0.333251 -1.267620 0.339300 -0.111635 1.988210 
tomato_juice 0.068591 0.813205 0.775330 0.422220 0.647086 
cod 0.477391 -0.326722 0.599258 0.328630 0.821378 
provolone_cheese -0.237268 0.126200 1.273507 0.733526 -0.309380 
mussel 0.529215 -0.815800 0.980904 0.511624 1.169786 
blackberry -0.628284 -0.749290 -1.089192 1.038763 -0.336635 
roasted_peanut 0.409334 -0.163903 -0.889504 -0.040476 1.119507 
rhubarb -0.645334 -0.493132 -1.069857 0.662491 -0.315450 
chinese_cabbage -0.171621 -1.325078 0.381087 -0.196592 2.089340 
corn_grit 0.284910 0.483605 0.721116 0.330313 0.387811 
chicory 0.311433 -0.678377 0.844656 0.946518 0.323517 
bourbon_whiskey -0.840997 0.223587 -1.054131 0.704742 0.049716 
citrus -0.425016 -1.215173 -1.028616 0.960490 0.135247 
lima_bean -0.064031 1.068778 0.669649 0.766278 0.647898 
lovage -0.195589 0.127997 0.656495 0.289121 0.660237 
melon 0.581141 -0.694352 -0.956065 1.423187 0.124126 
parsnip -0.586330 0.323919 0.896642 0.919021 0.477278 
fig -0.410127 -0.404286 -0.296801 1.338229 -0.651311 
lemongrass 1.056534 -0.639378 -0.161847 0.544900 1.653714 
whiskey -0.427292 0.293901 -1.057040 0.810643 0.035161 
watercress 0.562752 -0.320057 0.287196 0.880788 0.534369 
tequila 1.028527 -0.223209 -0.761921 0.912563 0.236602 
rye_flour -0.801880 0.499205 -0.147148 0.993024 -0.391256 
peppermint -0.331392 -0.695989 -0.728731 0.260890 -0.325774 
savory -0.165592 0.177894 1.098858 0.719147 0.398315 
lobster 0.233554 -0.577750 0.999629 0.762136 0.181444 
roasted_pork -0.015253 0.818381 0.175762 0.779959 0.322604 
