224 5
</s> 0.080054 0.088388 -0.076605 -0.065561 0.027332 
egg 0.358140 -0.512043 -0.209504 0.197267 -0.275947 
butter 0.612561 -0.491956 -0.084026 0.161434 -0.257199 
wheat 0.417272 -0.555884 -0.269354 0.169414 -0.214291 
onion 0.233161 0.528594 0.373017 0.603152 0.203595 
garlic 0.115462 0.599945 0.427853 0.584222 0.555809 
milk 0.613870 -0.630537 -0.130013 0.030828 -0.253332 
vegetable_oil -0.013429 0.230545 -0.219858 0.511213 0.067570 
cream 0.787402 -0.303803 -0.200521 0.123846 -0.250738 
tomato 0.437291 0.809985 0.498227 0.581375 0.262541 
olive_oil 0.812739 0.514275 0.565999 0.356330 0.626482 
black_pepper 0.113817 0.344744 0.511864 0.745799 0.416719 
pepper 0.386949 0.719367 0.242996 0.505241 0.205640 
vanilla 0.605199 -1.677890 -0.893123 -0.121872 0.302156 
cayenne -0.093433 0.771597 0.035982 0.561905 0.691484 
vinegar -0.129350 0.481322 0.068003 1.097062 -0.037724 
cane_molasses -0.114485 -0.180590 -0.609434 0.727017 -0.564936 
bell_pepper 0.345218 0.709106 0.351113 0.391086 0.541667 
cinnamon 0.511426 -0.743400 -0.854857 0.410414 -0.148752 
parsley 0.636643 0.173838 0.715044 0.426577 0.173124 
chicken 0.311619 0.521010 0.105302 0.340097 0.399501 
lemon_juice 0.518762 0.139594 -0.182065 0.437138 0.009011 
beef -0.164898 0.459903 0.616302 0.801548 0.236249 
cocoa 0.453478 -1.309070 -0.950651 -0.271305 0.219151 
corn 0.051576 0.527065 -0.160493 0.486667 -0.250725 
bread 0.659201 0.227746 0.461573 0.483525 -0.168694 
scallion -0.412933 0.365310 0.137577 0.662671 0.995496 
mustard 0.193471 0.412863 -0.047678 0.988817 -0.348433 
ginger -0.588542 -0.094398 -0.829143 0.649015 0.744313 
basil 0.858649 0.461384 0.959386 0.162950 0.722173 
celery 0.397808 0.340503 0.608512 0.751814 0.117766 
carrot 0.063611 0.352294 0.437230 0.735599 0.599609 
potato 0.454274 0.426132 0.750587 0.525586 0.209282 
chicken_broth 0.585128 0.411970 0.513736 0.432594 0.568953 
yeast 0.618464 -0.498812 -0.065476 0.065124 -0.366624 
rice -0.366385 0.306140 -0.043609 0.452588 0.934812 
mushroom 0.327249 0.177314 0.915741 0.243541 0.537896 
cheese 0.825359 0.316775 0.427574 -0.073830 0.169833 
soy_sauce -0.967408 0.090938 -0.140382 1.078339 1.115781 
cumin 0.537308 1.070431 -0.502805 0.199536 0.736122 
oregano 0.676979 0.676961 0.755701 0.341199 0.388611 
parmesan_cheese 0.816110 0.041317 1.141586 -0.071846 0.502703 
macaroni 0.851097 0.343681 1.057595 -0.117990 0.806386 
thyme 0.725420 0.058944 1.007553 0.560083 0.255214 
cheddar_cheese 0.609879 0.523112 0.418200 0.188613 -0.174258 
lard 0.353851 -0.708619 -0.421237 0.023377 -0.187843 
lemon 0.574425 -0.109253 -0.292949 0.302103 0.097185 
cream_cheese 0.700019 -0.470937 -0.317241 -0.034475 -0.274704 
walnut 0.630598 -1.179059 -0.692132 0.253379 -0.185597 
green_bell_pepper 0.274755 0.750648 0.498422 0.570916 0.197952 
starch -0.478498 -0.522762 -0.216916 0.473551 0.236648 
nutmeg 0.568360 -0.928602 -0.387621 0.200220 -0.149341 
honey -0.027958 -0.264096 -0.773691 0.688454 -0.026291 
apple 0.512101 -0.556948 -0.746771 0.747725 -0.497031 
almond 0.688779 -0.606959 -0.793724 0.032362 0.067138 
cilantro 0.238658 1.050700 -0.514178 0.356109 0.927921 
pecan 0.463443 -1.019519 -0.829931 0.180482 -0.178075 
white_wine 0.555804 0.196374 0.761706 0.688020 0.503640 
bacon 0.461487 0.374622 0.599516 0.662363 -0.220299 
pork -0.393476 0.316268 0.222171 1.122062 0.086241 
raisin 0.594132 -0.488604 -1.001996 0.297836 -0.125088 
bean 0.240515 0.769421 0.337421 0.495421 0.347965 
rosemary 0.855208 0.096268 1.138736 0.463949 0.197791 
fish -0.292533 0.354713 0.147566 0.407256 1.362905 
cucumber -0.233287 0.073110 -0.257154 0.590438 0.166725 
olive 0.819853 0.610626 0.572167 0.292838 0.425446 
coconut 0.204188 -0.224934 -1.434820 -0.338479 0.564052 
orange 0.353076 -0.658441 -0.811462 0.660627 -0.040650 
tamarind -0.207356 0.519478 0.171052 1.230205 -0.459549 
vegetable -0.336808 0.113936 0.288093 0.351715 0.931772 
orange_juice 0.251348 -0.480497 -1.013353 0.675231 0.045929 
buttermilk 0.639473 -0.304520 -0.329310 0.029489 -0.315951 
pineapple 0.166361 -0.459303 -1.102064 0.556069 0.028746 
shrimp -0.217269 0.364595 0.397275 0.569826 1.264036 
coriander 0.472199 0.966324 -0.781667 0.365756 0.954313 
bay 0.464327 0.396572 0.630381 0.999664 0.404809 
lime_juice 0.107810 0.890425 -1.060097 0.420440 0.965592 
red_wine 0.352461 0.264238 0.395698 0.969699 0.048431 
gelatin 0.651560 -1.144996 -1.022133 0.196841 0.043945 
pork_sausage 0.706452 0.403869 0.905673 0.410302 0.174451 
sesame_oil -1.120791 -0.224685 -0.063359 0.926301 1.663771 
chive 0.378001 -0.263922 0.220222 0.512059 -0.319346 
seed 0.493371 0.297646 -0.518573 0.741458 -0.262618 
mozzarella_cheese 1.047720 0.108939 1.171331 -0.147441 0.390466 
ham 0.594704 0.160208 0.636111 0.546721 -0.090120 
oat 0.195712 -1.072694 -1.069890 0.349679 -0.120451 
turmeric 0.529001 0.999632 -0.921166 0.282936 0.997952 
nut 0.215156 -0.461709 -0.052352 0.272781 0.377888 
shallot 0.613988 0.075864 0.403225 0.716794 0.629655 
lettuce 0.202019 0.554011 -0.102634 0.819010 0.210905 
cider -0.073035 0.379491 -0.309385 1.322564 -0.558271 
dill 0.396980 0.407961 0.293476 0.684569 0.020259 
pea 0.286409 0.531772 0.391704 0.349222 0.864963 
zucchini 0.723335 0.446550 0.442434 -0.000187 0.344399 
cherry 0.588036 -1.359304 -0.978333 0.305149 0.100926 
lime 0.051450 0.464244 -1.190333 0.297066 0.692402 
yogurt 0.791433 0.340405 -1.031584 0.131474 0.252518 
strawberry 0.785647 -1.200496 -1.212628 0.255191 0.168623 
soybean -0.862987 -0.227607 -0.091447 0.591565 1.417369 
celery_oil -0.381400 0.698513 -0.052740 1.256206 -0.377579 
peanut_butter -0.365138 -0.509236 -1.145525 -0.209259 0.518927 
banana 0.501031 -0.919813 -1.178594 -0.071132 0.238011 
meat 0.236670 0.265029 0.468309 0.775457 0.094542 
tabasco_pepper -0.021759 0.555863 0.182218 0.913312 -0.147959 
milk_fat 0.937948 -0.843390 -0.010065 -0.133978 -0.040945 
cabbage -0.214617 0.501324 0.146113 1.135338 0.397103 
mint 0.586980 0.290591 -0.627369 0.302619 0.617502 
fennel 1.049217 0.300855 0.894237 0.424982 0.505757 
sage 0.641494 -0.246524 1.092796 0.830311 -0.105278 
broccoli 0.311488 0.357329 0.427454 -0.053387 0.613472 
turkey 0.621369 0.512687 0.337748 0.605800 -0.056596 
fenugreek 0.503322 0.913033 -0.895049 0.211655 1.072676 
cranberry 0.648587 -0.900832 -0.757539 0.864042 -0.416297 
wine -0.153026 -0.073093 0.182160 0.676667 0.452206 
beef_broth -0.259337 0.269766 0.816502 1.108123 0.597464 
grape_juice 0.611315 0.199788 0.275811 0.728659 0.110102 
pumpkin -0.548316 -0.950695 -0.250849 0.172666 0.567122 
raspberry 0.699836 -1.280487 -0.807618 0.273341 0.116802 
whole_grain_wheat_flour 0.664490 -0.286261 -0.637077 0.083463 -0.195771 
lemon_peel 0.833768 -0.708861 -0.198287 0.065228 0.116508 
coffee 0.310217 -0.774281 -0.770674 -0.072180 -0.209275 
sesame_seed -0.592182 -0.050210 -0.479380 0.477087 0.815919 
avocado 0.262558 1.119885 -0.442924 0.575459 0.466526 
sherry 0.138156 -0.038298 0.346340 0.684777 0.409595 
sake -1.186729 -0.424187 0.003296 0.996647 1.415506 
feta_cheese 0.830419 0.450225 0.509675 0.250352 0.359397 
apricot 0.633678 -0.572262 -0.983481 0.415749 -0.120429 
roasted_sesame_seed -1.101831 -0.199351 0.080751 0.789823 1.757007 
rum 0.536204 -1.114947 -1.216696 0.222500 0.039757 
orange_peel 0.634815 -1.014054 -0.571768 0.538642 -0.082886 
squash 0.795454 0.421493 0.296126 0.098631 0.229102 
crab 0.026560 0.229765 0.373504 0.714909 0.357807 
marjoram 0.801653 0.088840 0.992478 0.755797 -0.029112 
swiss_cheese 0.857459 0.066199 0.697887 0.432651 -0.301869 
sweet_potato 0.143845 -0.149099 -0.505940 0.396088 0.022375 
shiitake -0.655987 -0.550707 0.867581 0.580984 1.600325 
radish -0.654468 -0.040482 0.162179 0.915290 1.575180 
peach 0.400171 -0.592685 -1.226419 0.385846 0.037808 
tarragon 0.652056 0.070079 0.661606 0.896883 0.201080 
black_bean 0.219120 1.217880 -0.057317 0.345509 0.634412 
lamb 0.796975 0.592927 0.024136 0.637510 0.415925 
maple_syrup 0.053648 -0.462923 -0.652674 0.715931 -0.378568 
pear -0.331836 -1.041773 -0.575951 0.730317 0.500407 
fruit 0.654033 -1.166901 -1.198011 0.300010 0.198353 
blueberry 0.812069 -1.362796 -1.025920 0.117685 0.251577 
clam -0.196359 -0.021114 0.960099 0.481369 1.517519 
smoke 0.554472 0.432429 0.580512 0.985485 -0.037026 
tuna -0.036645 0.425389 0.338487 0.404494 0.578181 
kidney_bean 0.371163 1.193651 0.339023 0.602502 0.281784 
peanut -0.580710 0.062091 -1.219563 0.063196 0.691910 
asparagus 0.562635 -0.011293 0.724158 0.154662 0.590758 
salmon 0.015019 0.306317 0.101683 0.659358 0.493906 
leek 0.711468 -0.054725 0.908074 0.575228 0.660467 
chickpea 0.573827 0.972501 -0.038900 0.368450 0.878757 
blue_cheese 0.731137 -0.109283 0.419268 0.614430 -0.340472 
brandy 0.839482 -0.995856 -0.468947 0.442309 -0.246237 
artichoke 0.923477 0.207492 0.937916 0.243824 0.371763 
horseradish 0.085194 0.290526 0.243831 1.220664 -0.413556 
mango 0.293133 0.464983 -1.329983 0.351125 0.618749 
date 0.562578 -1.117863 -1.040172 0.184890 0.117039 
cardamom 0.647864 -0.168588 -1.070360 0.114376 0.381286 
white_bread 0.684633 -0.177829 0.668549 0.470064 -0.227694 
oyster -0.696480 -0.209762 0.515484 0.764847 1.324585 
cottage_cheese 0.885967 0.092963 0.419921 -0.117023 -0.171629 
grape 0.766000 -0.226453 -1.036666 0.644964 0.001613 
brown_rice 0.299644 0.406249 0.096278 0.367826 0.332398 
cauliflower 0.620552 0.579137 0.313894 0.133772 0.695050 
cured_pork 1.213123 0.053645 1.273262 0.282962 0.409420 
egg_noodle 0.441586 0.400791 0.623001 0.325539 0.254091 
beer 0.149347 0.658936 0.044869 0.922692 -0.280872 
hazelnut 0.611051 -1.110143 -0.409663 0.286272 -0.060400 
mandarin 0.303015 -0.644601 -1.148082 0.587898 0.019463 
romano_cheese 0.996855 0.143469 1.079924 -0.004192 0.502013 
plum 0.416968 -0.503114 -0.667725 0.720241 0.006229 
pimento 0.623264 0.676274 0.392567 0.374574 0.189776 
smoked_sausage 0.393017 0.447306 0.864130 1.035738 0.073523 
scallop 0.455435 0.178925 0.754173 0.427786 1.094471 
goat_cheese 1.118600 -0.170765 0.513366 0.443973 0.033238 
lentil 0.628479 1.000260 0.148490 0.493776 0.750345 
currant 0.952868 -0.620326 -0.779135 0.324876 -0.118099 
saffron 1.043285 0.310374 0.212662 0.346105 1.095626 
barley -0.158603 -0.119165 0.234487 0.702818 0.806115 
caraway 0.930998 0.600560 -0.333084 1.017708 -0.489106 
beet 0.324959 0.088498 0.062929 1.339821 -0.033958 
squid -0.647374 -0.264792 0.434065 0.469879 1.946906 
corn_flake 0.227268 -0.041596 -0.343013 -0.060001 -0.171166 
anise 0.334991 -0.927689 -0.130799 0.435543 0.151158 
roasted_beef -0.002266 0.557863 0.440268 0.966749 0.002638 
pistachio 0.818049 -0.875577 -0.776951 0.163268 0.034573 
peanut_oil -0.432549 0.421107 -0.339986 0.669779 1.163278 
cereal 0.232992 -0.773800 -1.017957 0.130340 0.101191 
cashew 0.183593 0.294756 -0.874284 0.337884 0.509350 
veal 0.598903 -0.262219 1.187384 0.783975 0.188853 
seaweed -0.875259 -0.345621 -0.025006 0.878604 1.737957 
turnip 0.684651 0.036103 0.701914 1.098467 0.505366 
sauerkraut 0.577678 0.477015 0.323661 1.032133 -0.614744 
berry 0.932953 -1.341239 -0.808266 0.532618 0.004779 
kelp -1.066284 -0.586701 0.202100 0.816428 2.119812 
tomato_juice 0.164738 0.833854 0.603822 0.821735 0.190063 
cod -0.018054 0.375102 0.424467 0.409927 0.871550 
provolone_cheese 0.942827 0.040814 1.304640 0.335360 0.231689 
mussel 0.112532 0.147698 0.818094 0.448755 1.862393 
blackberry 0.742692 -1.275638 -0.977784 0.304915 0.098033 
roasted_peanut -0.405361 0.317271 -1.264770 0.105007 0.928349 
rhubarb 0.422778 -1.297003 -0.722251 0.048159 -0.089724 
chinese_cabbage -1.321396 -0.575530 0.331152 0.715635 2.135266 
corn_grit 0.500880 0.772687 0.583023 0.341518 0.211708 
chicory 0.396166 -0.271752 0.614493 1.081161 0.436121 
bourbon_whiskey -0.033469 -0.748238 -0.805456 0.859845 -0.438230 
citrus 0.173533 -1.410779 -1.037184 0.575173 0.473428 
lima_bean 0.369299 0.853830 0.417226 1.055846 0.098994 
lovage -0.166369 0.048229 0.408058 1.138225 -0.054446 
melon 0.687055 -0.369151 -1.404338 0.749446 0.382502 
parsnip 0.650930 0.172279 0.636674 0.994091 0.426137 
fig 1.266404 -1.038009 -0.272470 0.503545 -0.157548 
lemongrass -0.060877 0.636250 -0.725359 0.180624 1.860177 
whiskey 0.241275 -0.544181 -0.820645 0.846431 -0.338677 
watercress 0.276789 0.269630 -0.006416 0.982228 0.438196 
tequila 0.164969 0.357600 -1.189407 0.546202 0.472348 
rye_flour 1.061015 -0.206300 -0.416721 0.777785 -0.649031 
peppermint 0.285491 -0.793618 -0.737605 -0.062485 -0.266360 
savory 0.706457 0.227699 1.000036 0.681325 0.518578 
lobster 0.418190 0.129922 0.638445 0.520588 0.913134 
roasted_pork 0.149152 0.415632 -0.092256 1.140957 -0.278902 
