224 5
</s> 0.080054 0.088388 -0.076605 -0.065561 0.027332 
egg 0.527087 -0.121096 -0.759735 0.046052 0.053977 
butter 0.503736 -0.238170 -0.477934 0.230672 -0.253932 
wheat 0.295464 -0.206351 -0.611517 0.294978 -0.175985 
onion 0.529637 0.203605 0.690232 0.132319 0.376106 
garlic 0.305430 0.091733 0.786629 0.075230 0.740678 
milk 0.726441 -0.300993 -0.738135 0.090841 -0.165306 
vegetable_oil 0.184817 0.131418 -0.044409 0.071979 0.447609 
cream 0.655696 -0.080446 -0.571646 -0.002863 -0.005486 
tomato 0.738088 0.250646 0.875411 -0.037715 0.402729 
olive_oil 0.789004 -0.196021 0.863389 0.226650 0.372869 
black_pepper 0.244117 -0.132831 0.810316 0.313967 0.562863 
pepper 0.575917 0.284395 0.711330 0.157188 0.391162 
vanilla 0.362045 -0.543557 -1.712723 0.451568 0.186917 
cayenne 0.183118 0.557837 0.541432 -0.011410 0.944869 
vinegar 0.085383 0.346655 0.760047 0.740854 0.331483 
cane_molasses -0.063378 0.457915 -0.246070 0.921594 -0.378263 
bell_pepper 0.549274 0.070409 0.787411 0.014402 0.669860 
cinnamon 0.105353 -0.155044 -0.948827 1.058291 -0.087515 
parsley 0.606255 -0.506262 0.676098 0.139510 0.170103 
chicken 0.410875 0.088852 0.493522 0.091448 0.474823 
lemon_juice 0.472018 0.113355 0.019474 0.403104 0.098337 
beef -0.026336 0.072518 0.893559 0.113454 0.462960 
cocoa 0.213258 -0.405459 -1.619177 0.393186 0.134211 
corn 0.299231 0.744752 0.284231 0.241079 0.114397 
bread 0.798309 -0.076201 0.500896 0.013665 0.120701 
scallion -0.055842 0.044555 0.268986 -0.169852 1.395847 
mustard 0.436115 0.553788 0.440662 0.564754 0.078453 
ginger -0.765178 0.305633 -0.177054 1.026777 0.765647 
basil 0.995322 -0.582811 0.722801 -0.356981 0.551732 
celery 0.467821 -0.323608 0.912373 0.444926 0.222426 
carrot 0.006757 -0.263083 0.766387 0.454148 0.625795 
potato 0.369116 -0.232677 0.850940 0.118954 0.300163 
chicken_broth 0.424194 -0.305867 0.784288 0.406887 0.398256 
yeast 0.593349 -0.138142 -0.495400 0.055490 -0.256942 
rice -0.389015 0.008556 0.258569 0.189763 1.154784 
mushroom 0.303764 -0.465672 0.830003 -0.122753 0.609079 
cheese 0.875098 -0.095403 0.403489 -0.306270 0.149275 
soy_sauce -0.867921 0.020955 0.430230 0.614190 1.376810 
cumin 0.628157 0.947744 0.279319 0.105905 0.902964 
oregano 0.814996 -0.256371 0.895164 -0.186471 0.385179 
parmesan_cheese 0.953964 -0.848275 0.571256 -0.535802 0.397025 
macaroni 0.799671 -0.739292 0.704796 -0.574911 0.643797 
thyme 0.593340 -0.713585 1.029067 0.482387 0.035363 
cheddar_cheese 0.808572 0.170924 0.357515 -0.562925 0.151749 
lard 0.116257 -0.126265 -0.792679 0.268423 -0.079268 
lemon 0.542330 -0.155577 -0.176628 0.542575 -0.053174 
cream_cheese 0.653090 0.055331 -0.798697 -0.008726 -0.025780 
walnut 0.385523 -0.310263 -1.172249 0.759821 -0.155780 
green_bell_pepper 0.460628 0.232267 1.000601 -0.017817 0.399529 
starch -0.575076 -0.209628 -0.211254 0.552085 0.244351 
nutmeg 0.251037 -0.627099 -0.676798 0.791841 -0.306869 
honey -0.089686 0.269239 -0.551909 0.952312 0.356466 
apple 0.186497 0.068023 -0.530276 1.230757 -0.330046 
almond 0.301697 -0.119663 -0.895307 0.602886 0.062213 
cilantro 0.325012 0.821024 0.340565 0.154917 1.078085 
pecan 0.416947 -0.179668 -1.079152 0.724746 -0.224041 
white_wine 0.522943 -0.478708 0.807196 0.370082 0.395371 
bacon 0.645997 0.143231 0.731462 0.101312 0.202096 
pork -0.200242 0.363611 0.795393 0.673141 0.323606 
raisin 0.142733 -0.081958 -0.833832 1.004509 -0.010755 
bean 0.242722 0.231064 0.728831 -0.026271 0.662064 
rosemary 0.759833 -0.955422 1.049938 0.183286 0.108408 
fish -0.109226 -0.198017 0.576826 0.164131 1.326267 
cucumber 0.205116 0.270127 -0.150758 -0.044303 0.670183 
olive 1.039256 -0.098352 0.804762 -0.160949 0.486932 
coconut -0.072357 0.558524 -1.169563 0.515501 0.485873 
orange 0.313281 -0.304626 -0.675770 1.187992 -0.059225 
tamarind 0.205833 0.760383 0.711865 0.470854 0.080386 
vegetable -0.373991 -0.394762 0.334760 0.027749 0.957027 
orange_juice 0.069598 0.020383 -0.577816 1.249483 -0.068737 
buttermilk 0.487196 0.049044 -0.699422 0.175267 -0.146732 
pineapple 0.206106 0.225954 -0.939472 0.867840 0.242285 
shrimp -0.128633 -0.243242 0.609893 0.077305 1.315931 
coriander 0.449325 0.932613 0.261106 0.651060 0.970982 
bay 0.344945 -0.172523 1.173645 0.840470 0.189246 
lime_juice 0.282741 0.923477 -0.095256 0.463248 1.061134 
red_wine 0.460459 0.013247 0.857793 0.751294 0.032961 
gelatin 0.482950 -0.242015 -1.386698 0.846643 0.056138 
pork_sausage 0.895391 -0.356845 0.860767 -0.060335 0.271300 
sesame_oil -1.085644 -0.383888 0.162898 0.425840 1.820932 
chive 0.674636 -0.367369 -0.190515 0.113063 0.023463 
seed 0.525851 0.531693 -0.033676 0.733540 0.322730 
mozzarella_cheese 1.006340 -0.700647 0.785562 -0.562743 0.302043 
ham 0.847018 -0.183640 0.588523 0.024972 0.228204 
oat -0.091232 0.050940 -1.302330 0.729958 0.087369 
turmeric 0.390023 1.059985 0.129577 0.488512 1.087233 
nut -0.144650 -0.500718 -0.163902 0.475008 0.375724 
shallot 0.539563 -0.496474 0.756695 0.644386 0.573568 
lettuce 0.465943 0.365147 0.376087 0.166764 0.780293 
cider 0.025491 0.659157 0.460103 1.050555 -0.080655 
dill 0.802357 0.036530 0.675010 0.299324 0.269688 
pea 0.274945 -0.116925 0.718718 0.005842 1.013804 
zucchini 0.565144 -0.327317 0.468569 -0.150280 0.160412 
cherry 0.391908 -0.297460 -1.196422 0.996938 -0.163807 
lime 0.225873 0.644625 -0.316367 0.577196 0.771688 
yogurt 0.602718 0.482943 -0.618904 0.471355 0.388751 
strawberry 0.694713 -0.201310 -1.459059 0.878485 0.190198 
soybean -0.883895 -0.355296 0.036098 0.318138 1.611431 
celery_oil -0.015727 1.171370 0.660847 0.562963 0.224790 
peanut_butter -0.344868 0.365354 -1.232116 0.194324 0.583130 
banana 0.401627 -0.102065 -1.294547 0.754139 0.026118 
meat 0.335041 -0.081117 0.832623 0.453273 0.170059 
tabasco_pepper 0.405993 0.580951 0.707390 0.304358 0.243252 
milk_fat 0.648469 -0.590868 -0.554587 0.209321 -0.235410 
cabbage -0.034444 0.322119 0.773574 0.500308 0.835561 
mint 0.558911 0.170276 -0.156161 0.429577 0.581716 
fennel 0.985624 -0.743949 1.047895 0.339415 0.246312 
sage 0.435521 -0.793208 0.945779 0.767948 -0.360089 
broccoli 0.551149 -0.172270 0.478210 -0.505436 0.809392 
turkey 0.620419 -0.080040 0.799988 0.274916 0.018173 
fenugreek 0.354668 1.101525 0.001648 0.387020 1.193624 
cranberry 0.478579 -0.148038 -0.695237 1.196109 -0.172792 
wine -0.088859 -0.295030 0.392255 0.515463 0.542371 
beef_broth -0.189504 -0.360157 1.085805 0.537680 0.762512 
grape_juice 0.578671 -0.267112 0.653084 0.430342 0.172857 
pumpkin -0.763122 -0.627223 -0.699191 0.451415 0.418499 
raspberry 0.626596 -0.390294 -1.243628 0.894145 0.077275 
whole_grain_wheat_flour 0.479096 0.008488 -0.886015 0.299254 0.137773 
lemon_peel 0.726097 -0.611316 -0.518623 0.517907 -0.135132 
coffee 0.186814 -0.041651 -1.101338 0.507950 -0.187013 
sesame_seed -0.547378 -0.095551 -0.267875 0.222323 1.183262 
avocado 0.650502 0.891340 0.373424 0.154756 0.882212 
sherry 0.174556 -0.455758 0.547861 0.482805 0.475130 
sake -1.133795 -0.406783 0.211603 0.579511 1.528719 
feta_cheese 0.936044 -0.380346 0.572087 -0.097749 0.325110 
apricot 0.281795 0.066720 -0.828382 0.998963 -0.111523 
roasted_sesame_seed -1.051200 -0.480797 0.433325 0.408812 1.791138 
rum 0.307142 -0.099474 -1.431137 0.929848 0.011533 
orange_peel 0.450991 -0.496452 -0.757801 1.185132 -0.235698 
squash 0.577022 -0.120327 0.623198 0.176675 0.084991 
crab 0.216360 -0.101245 0.508482 0.001005 0.714547 
marjoram 0.589275 -0.638437 0.997884 0.503218 -0.167582 
swiss_cheese 0.912699 -0.040814 0.444201 -0.302452 0.119888 
sweet_potato -0.210344 -0.025434 -0.150757 0.884382 0.118300 
shiitake -0.720248 -1.009868 0.532823 0.177382 1.459964 
radish -0.499320 -0.218201 0.445006 0.521462 1.602315 
peach 0.247089 0.230107 -0.948548 0.965687 0.023200 
tarragon 0.719413 -0.316979 0.663848 0.428345 0.308108 
black_bean 0.314437 0.756526 0.649987 -0.169357 0.934448 
lamb 0.675426 -0.016245 0.716379 0.706933 0.298769 
maple_syrup -0.038327 0.293036 -0.588570 0.879500 -0.026121 
pear -0.363230 -0.520147 -0.622318 0.881873 0.567299 
fruit 0.361593 -0.156897 -1.297930 1.035643 0.057814 
blueberry 0.557486 -0.301705 -1.510765 0.883722 0.110969 
clam -0.155231 -0.797377 0.912988 0.070118 1.056634 
smoke 0.776202 0.113245 0.844894 0.380299 0.389782 
tuna 0.235592 -0.016807 0.444179 -0.196279 0.827866 
kidney_bean 0.504358 0.449830 1.129057 0.158271 0.646989 
peanut -0.501091 0.553708 -0.817860 0.264914 0.872829 
asparagus 0.525892 -0.650413 0.620186 -0.026060 0.487220 
salmon 0.206269 -0.013439 0.474333 0.274106 0.564402 
leek 0.395261 -1.027320 0.782321 0.358048 0.488447 
chickpea 0.455671 0.402590 0.783060 0.183255 0.734795 
blue_cheese 0.748306 -0.211264 0.329071 0.267590 0.057850 
brandy 0.621980 -0.544617 -0.694711 0.967969 -0.252115 
artichoke 1.049380 -0.589275 0.654231 -0.252154 0.433741 
horseradish 0.512517 0.347395 0.540278 0.586627 0.106522 
mango 0.310846 1.019797 -0.447920 0.764271 0.756729 
date 0.158961 -0.313032 -1.400580 1.121807 0.171548 
cardamom 0.240483 0.269850 -0.705877 0.916627 0.273708 
white_bread 0.631999 -0.449136 0.413890 0.048812 -0.109158 
oyster -0.475998 -0.662236 0.680251 0.299529 1.174834 
cottage_cheese 0.794692 -0.171207 0.082252 -0.460797 -0.042460 
grape 0.548127 0.144132 -0.685168 1.109199 0.125160 
brown_rice 0.163628 -0.078544 0.535035 0.248854 0.486018 
cauliflower 0.516911 0.037892 0.463656 -0.099791 0.659987 
cured_pork 1.144639 -0.860625 0.936317 -0.226479 0.277053 
egg_noodle 0.513940 -0.163772 0.674606 -0.274619 0.349086 
beer 0.182852 0.537789 0.694511 0.457063 0.149850 
hazelnut 0.348410 -0.641960 -0.799393 0.696695 -0.140061 
mandarin 0.389224 0.178202 -0.996534 0.931838 0.293302 
romano_cheese 0.806047 -0.765370 0.723790 -0.375852 0.262191 
plum 0.113475 -0.116105 -0.429077 1.128255 0.101350 
pimento 0.835211 0.058320 0.608783 -0.161794 0.380153 
smoked_sausage 0.449966 0.125592 1.165043 0.433109 0.394673 
scallop 0.351513 -0.657846 0.905168 0.336199 0.890012 
goat_cheese 1.039376 -0.549557 0.454460 0.262479 0.060610 
lentil 0.384040 0.173936 0.838461 0.378102 0.955659 
currant 0.649500 -0.176151 -0.710642 0.955894 -0.170806 
saffron 0.620404 -0.403797 0.648782 0.561634 0.597690 
barley -0.271435 -0.474445 0.398171 0.492246 0.847022 
caraway 0.874255 0.598605 0.315278 0.729134 0.247341 
beet 0.502040 0.195177 0.534964 0.903684 0.510080 
squid -0.592149 -0.764651 0.550492 0.108504 1.535592 
corn_flake 0.251856 0.227161 -0.398146 0.054916 -0.055169 
anise 0.070195 -0.667410 -0.483255 0.590888 0.159580 
roasted_beef 0.322263 0.071046 0.841534 0.342422 0.364146 
pistachio 0.458601 -0.353771 -1.052590 0.768038 -0.019400 
peanut_oil -0.375048 0.269922 0.303281 0.439710 1.249477 
cereal -0.079972 -0.032844 -1.151844 0.522767 0.414257 
cashew -0.040137 0.342692 -0.254885 0.570733 0.734486 
veal 0.476164 -0.919480 0.918808 0.482897 0.075281 
seaweed -0.704459 -0.537275 0.110161 0.460508 1.919585 
turnip 0.414797 -0.679313 0.883956 0.785895 0.496166 
sauerkraut 0.618259 0.493065 0.697203 0.577296 -0.078343 
berry 0.636908 -0.333323 -1.216247 1.161390 0.042792 
kelp -0.944798 -0.851264 0.131399 0.477846 1.983779 
tomato_juice 0.288859 0.300149 1.063517 0.159764 0.338859 
cod 0.093812 -0.370106 0.666240 0.093642 0.828259 
provolone_cheese 0.959352 -0.591112 0.826560 -0.207847 0.266089 
mussel 0.315811 -0.757623 0.972824 0.281165 1.344874 
blackberry 0.448582 -0.451641 -1.382002 1.059805 0.115989 
roasted_peanut -0.475749 0.689557 -0.562972 0.328301 0.961191 
rhubarb 0.028126 -0.345795 -1.257325 0.680820 -0.158501 
chinese_cabbage -1.042591 -0.829557 0.221862 0.259760 1.893912 
corn_grit 0.613599 0.200606 0.840525 -0.199572 0.361314 
chicory 0.523251 -0.602053 0.545514 0.640014 0.705767 
bourbon_whiskey -0.080637 0.206924 -0.612460 1.296677 -0.315499 
citrus 0.141266 -0.369885 -1.283942 1.138025 0.332382 
lima_bean 0.556824 0.477095 1.120929 0.619988 0.363270 
lovage -0.001122 0.057978 0.796019 0.706744 0.146820 
melon 0.602070 0.071185 -0.923776 1.317077 0.473489 
parsnip 0.447172 -0.640735 0.970234 0.801325 0.408587 
fig 0.756907 -0.660236 -0.721401 1.062925 -0.111290 
lemongrass -0.164866 0.531480 0.068306 0.341990 1.773213 
whiskey 0.232134 0.381147 -0.908653 1.008762 0.065976 
watercress 0.412742 -0.033878 0.381443 0.726090 0.710900 
tequila 0.347216 0.621375 -0.320337 0.968326 0.326252 
rye_flour 0.859718 0.271203 -0.398228 0.671916 0.155464 
peppermint 0.076369 -0.147605 -0.938085 0.210236 -0.202280 
savory 0.671416 -0.564448 0.919275 0.368301 0.498617 
lobster 0.628822 -0.544539 0.749712 0.277700 0.628204 
roasted_pork 0.248635 0.360095 0.670199 0.822587 0.114961 
