224 5
</s> 0.080054 0.088388 -0.076605 -0.065561 0.027332 
egg 0.498516 -0.257204 -0.453589 -0.031954 -0.046867 
butter 0.737267 -0.113772 -0.408055 -0.148070 -0.002496 
wheat 0.563395 -0.216288 -0.562949 -0.222636 0.081262 
onion 0.321648 0.353121 0.608717 0.533230 0.280395 
garlic 0.176410 0.211011 0.729317 0.494442 0.485765 
milk 0.717099 -0.221149 -0.619080 -0.380881 0.044137 
vegetable_oil 0.087239 0.057036 -0.092945 0.405816 0.098076 
cream 0.613726 -0.103512 -0.353869 -0.041569 -0.070164 
tomato 0.436381 0.517081 0.816905 0.613769 0.331044 
olive_oil 0.753788 0.157350 0.789138 0.357985 0.427570 
black_pepper 0.342907 0.091915 0.771766 0.480017 0.455208 
pepper 0.374436 0.640992 0.499270 0.473785 0.572972 
vanilla 0.569731 -1.084875 -1.471393 -0.412225 0.590084 
cayenne -0.250237 0.385575 0.481724 0.782223 0.658176 
vinegar 0.084118 -0.046586 0.447676 1.153973 -0.092300 
cane_molasses 0.176266 0.074413 -0.686925 0.641666 -0.264240 
bell_pepper 0.228308 0.321105 0.684661 0.571000 0.406908 
cinnamon 0.586241 -0.152639 -1.220631 0.089511 0.317889 
parsley 0.581019 -0.190602 0.771938 0.283078 0.200406 
chicken 0.209580 0.520593 0.351462 0.266334 0.608948 
lemon_juice 0.474612 -0.140487 -0.122885 0.639223 -0.097078 
beef -0.069424 0.006516 0.865184 0.552058 0.228752 
cocoa 0.426006 -0.912515 -1.374915 -0.356705 0.433506 
corn 0.075512 0.494858 0.028273 0.643162 -0.108608 
bread 0.649734 0.023915 0.468922 0.452257 -0.180344 
scallion -0.294001 -0.170447 0.609820 0.581842 0.734510 
mustard 0.392403 -0.011476 0.303682 0.980134 -0.345914 
ginger -0.586461 -0.186729 -0.517553 0.768476 0.817659 
basil 0.628833 0.053292 1.076273 0.023793 0.539982 
celery 0.635875 0.316882 0.688408 0.334747 0.413049 
carrot 0.139673 0.138075 0.723491 0.190177 0.900036 
potato 0.487005 0.264383 0.741863 0.084259 0.540134 
chicken_broth 0.674747 0.415829 0.584664 0.068510 0.894682 
yeast 0.707057 -0.142261 -0.376906 -0.203176 -0.091478 
rice -0.479397 -0.008117 0.262222 0.368696 0.953801 
mushroom 0.421770 -0.030674 0.974112 -0.080152 0.587137 
cheese 0.620917 0.271291 0.542468 -0.014601 0.031330 
soy_sauce -0.943266 -0.575306 0.311063 0.976600 0.916338 
cumin 0.020487 1.143728 0.031149 0.597861 0.959341 
oregano 0.553290 0.350334 0.974761 0.223008 0.319255 
parmesan_cheese 0.881868 -0.215965 1.093554 -0.413635 0.393876 
macaroni 0.656305 -0.016235 1.096410 -0.252052 0.595916 
thyme 0.952703 0.039438 1.002032 0.057391 0.523686 
cheddar_cheese 0.556860 0.506030 0.589958 -0.071135 0.086575 
lard 0.501687 -0.261816 -0.684910 -0.135300 -0.040084 
lemon 0.485465 -0.252602 -0.332890 0.553996 -0.081504 
cream_cheese 0.636556 -0.333003 -0.397530 -0.026020 -0.303099 
walnut 0.716610 -0.552627 -1.185612 -0.127782 0.248516 
green_bell_pepper 0.299488 0.464579 0.791766 0.411637 0.311078 
starch -0.185004 -0.391040 -0.265013 0.238952 0.182590 
nutmeg 0.774380 -0.259799 -0.823397 -0.339463 0.253159 
honey -0.033505 -0.249975 -0.786732 0.771511 0.142565 
apple 0.739230 0.055807 -1.088393 0.464533 0.127049 
almond 0.567345 -0.288358 -0.901035 0.064544 0.225189 
cilantro -0.318477 0.636086 0.096982 1.034659 1.005356 
pecan 0.534490 -0.424992 -1.281935 0.041614 0.126328 
white_wine 0.657253 -0.405587 0.806490 0.334880 0.311375 
bacon 0.610672 0.157497 0.699633 0.411208 0.004548 
pork -0.096405 0.084234 0.551997 0.992367 0.132878 
raisin 0.638410 0.013230 -1.139064 0.038398 0.422264 
bean 0.198530 0.537630 0.651370 0.541538 0.439301 
rosemary 1.038006 -0.005597 0.943458 -0.036369 0.342834 
fish -0.420761 -0.368701 0.648782 0.636946 0.957940 
cucumber -0.227400 -0.442980 0.104885 0.814619 -0.089872 
olive 0.698669 0.227986 0.901986 0.425554 0.256569 
coconut -0.268220 0.136878 -1.327899 0.019619 0.848553 
orange 0.547067 -0.605567 -0.957484 0.671570 0.002298 
tamarind 0.043080 0.227789 0.381875 1.170053 -0.308242 
vegetable -0.267327 -0.210302 0.455968 -0.001339 0.969145 
orange_juice 0.302216 -0.452259 -0.869114 0.856882 -0.015166 
buttermilk 0.617124 0.004926 -0.515437 -0.111615 -0.092101 
pineapple 0.140002 -0.219410 -1.124516 0.702607 0.103442 
shrimp -0.318283 -0.408976 0.879294 0.556968 0.851259 
coriander 0.009446 0.925907 -0.352282 0.564688 1.404960 
bay 0.585852 0.142318 0.858294 0.592503 0.548138 
lime_juice -0.302316 0.486141 -0.209057 1.235630 0.746213 
red_wine 0.674414 -0.135882 0.680778 0.977141 -0.088307 
gelatin 0.582128 -0.809258 -1.366407 0.093864 0.249651 
pork_sausage 0.859475 0.164680 0.989681 0.199700 0.192372 
sesame_oil -1.065647 -0.955468 0.475395 0.669753 1.447452 
chive 0.483028 -0.786994 0.234318 0.170469 -0.403792 
seed 0.548281 0.334134 -0.297815 0.791423 0.078414 
mozzarella_cheese 0.863925 -0.174188 1.170614 -0.447882 0.258447 
ham 0.839376 0.104031 0.644752 0.213466 0.106281 
oat 0.299219 -0.357690 -1.406450 -0.003753 0.277980 
turmeric 0.031184 1.006856 -0.382458 0.384827 1.463545 
nut 0.253930 -0.394029 -0.233233 0.050043 0.472606 
shallot 0.662961 -0.299782 0.698123 0.622379 0.606814 
lettuce 0.218093 0.039818 0.246798 1.078403 0.049641 
cider 0.311373 0.255319 -0.047847 1.215696 -0.265448 
dill 0.575366 -0.018908 0.621932 0.527251 0.120731 
pea 0.184384 0.206212 0.761269 0.235134 0.954616 
zucchini 0.626341 0.512466 0.471329 -0.325676 0.540337 
cherry 0.539528 -0.906431 -1.304779 0.253686 0.073414 
lime -0.336797 0.136195 -0.540622 1.150117 0.476155 
yogurt 0.305423 0.444871 -0.909829 0.593116 0.443841 
strawberry 0.757513 -0.887125 -1.316525 0.462239 0.208568 
soybean -0.953672 -0.638517 0.155712 0.453944 1.258137 
celery_oil -0.175156 0.277656 0.303491 1.425963 -0.335568 
peanut_butter -0.563514 -0.191645 -1.198496 -0.221352 0.880146 
banana 0.436496 -0.378538 -1.268323 0.114303 0.248815 
meat 0.456000 0.218166 0.537391 0.415089 0.136572 
tabasco_pepper 0.033161 0.182411 0.473565 1.010981 -0.214193 
milk_fat 0.969388 -0.328903 -0.435463 -0.277924 0.024862 
cabbage -0.032587 0.226623 0.557482 0.904209 0.592318 
mint 0.214269 0.103325 -0.385020 0.810227 0.419964 
fennel 1.120357 0.029007 0.904348 0.065917 0.567661 
sage 1.137864 0.224593 0.591081 -0.032936 0.290447 
broccoli 0.243235 0.144298 0.673033 -0.195298 0.657858 
turkey 0.887228 0.445589 0.537637 0.303434 0.166312 
fenugreek 0.024926 1.008636 -0.392092 0.466807 1.522420 
cranberry 1.038429 -0.311553 -0.989794 0.643265 -0.077484 
wine -0.058259 -0.406009 0.333583 0.689988 0.171053 
beef_broth 0.073277 -0.233422 1.051389 0.538001 0.486779 
grape_juice 0.806283 -0.218234 0.402888 0.741167 -0.122869 
pumpkin -0.434453 -0.629246 -0.677378 -0.435005 0.824348 
raspberry 0.760910 -0.957101 -1.110174 0.331918 -0.048678 
whole_grain_wheat_flour 0.594387 0.070772 -0.811151 -0.077292 0.312026 
lemon_peel 0.994611 -0.623171 -0.469269 0.007471 0.004877 
coffee 0.328006 -0.420747 -1.113021 -0.010110 -0.029855 
sesame_seed -0.697933 -0.429131 -0.142623 0.436581 0.769613 
avocado 0.011874 0.466774 0.244308 1.214181 0.288747 
sherry 0.495284 -0.258081 0.300541 0.501752 0.349921 
sake -1.083611 -1.128486 0.458619 0.628586 1.160983 
feta_cheese 0.644930 -0.000521 0.711141 0.441530 0.079733 
apricot 0.647203 -0.139265 -1.140516 0.291481 0.229073 
roasted_sesame_seed -1.189138 -1.142674 0.570510 0.460680 1.616425 
rum 0.419921 -0.735611 -1.377286 0.232180 0.327852 
orange_peel 0.788714 -0.572640 -0.899118 0.403914 -0.060140 
squash 0.669723 0.751142 0.347585 -0.062563 0.665908 
crab 0.055769 -0.428729 0.609878 0.632499 0.156150 
marjoram 1.190392 0.224617 0.860591 -0.043588 0.428936 
swiss_cheese 1.038224 0.176041 0.567216 -0.017048 0.084510 
sweet_potato 0.135672 0.179734 -0.634148 0.108690 0.567329 
shiitake -0.478862 -1.136869 1.067521 -0.036137 1.328157 
radish -0.638939 -0.998726 0.666229 0.858978 1.134621 
peach 0.278912 -0.180948 -1.226667 0.424344 0.266523 
tarragon 0.722638 -0.432201 0.713738 0.526318 0.225596 
black_bean -0.236432 0.856794 0.542790 0.852884 0.694441 
lamb 0.759197 0.461898 0.307731 0.528205 0.479291 
maple_syrup 0.238997 -0.009110 -0.837235 0.502332 -0.049953 
pear 0.088728 -1.026607 -0.676821 0.510785 0.326164 
fruit 0.778133 -0.676984 -1.356643 0.199236 0.250226 
blueberry 0.887867 -0.871459 -1.385883 0.041432 0.227966 
clam -0.181720 -0.798927 1.203782 0.214652 1.040894 
smoke 0.744829 0.154022 0.657303 0.749611 0.064223 
tuna -0.031925 -0.213120 0.739628 0.422463 0.351072 
kidney_bean 0.233886 0.772492 0.800228 0.702503 0.519648 
peanut -0.824248 -0.079501 -0.828144 0.433483 0.718569 
asparagus 0.485040 -0.180438 0.798264 -0.063580 0.503676 
salmon 0.035546 -0.133508 0.374281 0.705806 0.338318 
leek 0.889764 -0.016103 0.822115 -0.013601 0.923387 
chickpea 0.203377 0.670426 0.456339 0.419623 0.925667 
blue_cheese 0.867340 -0.250160 0.456199 0.559983 -0.414051 
brandy 0.868686 -0.803235 -0.819190 0.342697 -0.046244 
artichoke 0.900155 -0.226857 1.058124 -0.015636 0.287698 
horseradish 0.440375 -0.174284 0.312125 1.145145 -0.393473 
mango -0.117365 0.378507 -0.906341 1.015028 0.585750 
date 0.591432 -0.590233 -1.513644 0.096798 0.426851 
cardamom 0.474147 0.405814 -1.082526 0.224754 0.786245 
white_bread 0.959465 0.095219 0.261162 0.015119 -0.036198 
oyster -0.367907 -0.791308 1.023927 0.331267 1.069692 
cottage_cheese 0.884109 0.259045 0.208189 -0.199482 -0.213801 
grape 0.815556 -0.039770 -0.874831 0.853270 0.121138 
brown_rice 0.313738 0.565178 0.241444 0.174253 0.736635 
cauliflower 0.517592 0.476526 0.446625 0.002535 0.832452 
cured_pork 1.308231 -0.199003 1.162018 -0.121359 0.281303 
egg_noodle 0.523798 0.310344 0.768085 -0.069210 0.443584 
beer 0.215004 0.364559 0.343053 0.775039 0.010551 
hazelnut 0.846338 -0.746907 -0.722820 0.023497 0.002123 
mandarin 0.219145 -0.487123 -1.097586 0.872301 0.189275 
romano_cheese 0.946045 -0.301952 1.139809 -0.242529 0.364621 
plum 0.582571 -0.167633 -0.792265 0.584276 0.221514 
pimento 0.704225 0.408761 0.652697 0.373437 0.221826 
smoked_sausage 0.745158 0.429622 0.872346 0.743094 0.333348 
scallop 0.242816 -0.387849 0.969645 0.461593 0.744487 
goat_cheese 1.270062 -0.287771 0.458039 0.357153 -0.104121 
lentil 0.415865 0.730616 0.577634 0.287671 1.142308 
currant 1.077728 -0.172179 -1.130422 0.156447 0.089697 
saffron 0.815516 0.331411 0.417352 0.205589 1.245946 
barley -0.003972 -0.064547 0.281515 0.138875 1.085741 
caraway 1.128225 0.645412 -0.097752 0.634206 0.341290 
beet 0.669661 -0.348645 0.247277 1.202572 -0.051184 
squid -0.724414 -1.098578 0.889096 0.120312 1.451398 
corn_flake 0.292316 0.345107 -0.490688 -0.134994 0.099755 
anise 0.567000 -0.715342 -0.484190 0.165021 0.183736 
roasted_beef 0.344063 0.149269 0.673823 0.774487 0.025863 
pistachio 0.778843 -0.462112 -1.065816 0.070205 0.257234 
peanut_oil -0.590931 -0.021327 0.249918 0.835993 1.246356 
cereal 0.187319 -0.280259 -1.199148 0.031514 0.558518 
cashew 0.016067 0.317869 -0.555910 0.444254 0.826226 
veal 0.989074 -0.476260 0.995325 0.007799 0.180426 
seaweed -0.914604 -1.217391 0.329297 0.802432 1.430426 
turnip 0.943957 0.152478 0.575251 0.293107 0.940338 
sauerkraut 0.970441 0.394690 0.311107 0.697940 -0.160298 
berry 0.968687 -0.850561 -1.223643 0.322182 0.147261 
kelp -1.099874 -1.477358 0.394831 0.229897 1.749841 
tomato_juice 0.076372 0.332790 0.814879 0.828897 0.171854 
cod -0.031465 -0.101250 0.861084 0.349541 0.854380 
provolone_cheese 1.135296 -0.089040 1.007959 0.026389 0.090828 
mussel 0.014713 -0.538200 1.164135 0.317920 1.506914 
blackberry 0.871397 -0.935134 -1.368222 0.181449 0.105693 
roasted_peanut -0.895483 0.199196 -0.763014 0.511673 0.917844 
rhubarb 0.409161 -0.788265 -1.229777 0.116075 0.045015 
chinese_cabbage -1.167353 -1.415267 0.639579 0.256465 1.611919 
corn_grit 0.373049 0.518934 0.704638 0.438749 0.262386 
chicory 0.591241 -0.935265 0.684042 0.861850 0.212455 
bourbon_whiskey 0.205154 -0.570659 -0.975761 0.833344 -0.210089 
citrus 0.236862 -1.340159 -1.334415 0.545919 0.458581 
lima_bean 0.509914 0.513638 0.752867 0.959911 0.302380 
lovage 0.026220 -0.329716 0.614127 0.949874 -0.061991 
melon 0.487622 -0.546247 -1.139739 1.166170 0.352736 
parsnip 0.993474 0.166981 0.574997 0.126893 0.956250 
fig 1.423431 -0.661479 -0.727781 0.229616 0.030053 
lemongrass -0.723656 0.269584 -0.044299 0.654370 1.823250 
whiskey 0.243937 -0.350098 -1.099963 0.762360 0.007439 
watercress 0.313955 -0.323858 0.293133 1.255673 0.233034 
tequila -0.117820 0.024411 -0.655747 1.261231 0.145318 
rye_flour 1.247086 0.119920 -0.560573 0.342335 0.018031 
peppermint 0.117676 -0.579114 -0.895208 -0.262946 -0.015124 
savory 0.935412 0.035735 0.903510 0.297203 0.521430 
lobster 0.526159 -0.395098 0.754252 0.384589 0.537368 
roasted_pork 0.520362 0.395098 0.231270 0.944591 0.005446 
