224 5
</s> 0.080054 0.088388 -0.076605 -0.065561 0.027332 
egg 0.630354 0.117743 -0.269208 -0.067643 0.158924 
butter 0.902249 0.223272 -0.146494 -0.079649 0.052766 
wheat 0.745483 0.049101 -0.304135 -0.124668 0.244592 
onion -0.130322 0.630187 0.574079 0.628307 0.076247 
garlic -0.259372 0.435818 0.671697 0.550988 0.391708 
milk 1.029548 0.271033 -0.211764 -0.340195 0.226213 
vegetable_oil -0.079734 0.220854 -0.096730 0.444113 0.026128 
cream 0.774878 0.063963 -0.141933 0.040881 -0.080730 
tomato -0.061331 0.749333 0.746574 0.548661 0.000570 
olive_oil 0.162879 0.067528 1.023838 0.750938 -0.019154 
black_pepper -0.241459 0.256047 0.706045 0.697487 0.315032 
pepper 0.013840 0.742467 0.407325 0.615277 0.067443 
vanilla 1.371570 -0.298585 -0.896821 -0.411614 1.107660 
cayenne -0.626664 0.623539 0.230478 0.690886 0.565255 
vinegar -0.341795 0.211481 0.092499 1.067983 -0.121596 
cane_molasses 0.333141 0.357934 -0.764028 0.338015 -0.158663 
bell_pepper -0.181255 0.511003 0.649234 0.607083 0.175362 
cinnamon 0.938501 0.042825 -0.943602 0.296836 0.262630 
parsley 0.316711 -0.089308 0.985449 0.606916 -0.133606 
chicken -0.136154 0.653138 0.372799 0.495966 0.304476 
lemon_juice 0.336649 -0.377817 0.061309 0.891287 -0.379984 
beef -0.386830 0.448832 0.602677 0.548364 0.262424 
cocoa 1.306690 -0.233391 -0.896220 -0.384904 0.991853 
corn -0.080781 0.831677 -0.121318 0.281484 -0.058521 
bread 0.398941 0.310784 0.525276 0.486157 -0.298906 
scallion -0.617334 0.191031 0.420566 0.573418 0.876090 
mustard 0.117931 0.234209 0.015072 0.957084 -0.494904 
ginger -0.519133 -0.205441 -0.576543 0.895775 0.741967 
basil 0.313972 0.255730 1.287925 0.235539 0.176284 
celery 0.163582 0.571177 0.752789 0.693523 0.018467 
carrot -0.217420 0.363497 0.677124 0.656085 0.499218 
potato 0.194420 0.581239 0.835014 0.325869 0.159135 
chicken_broth 0.077239 0.525281 0.697490 0.729703 0.214565 
yeast 0.908310 0.306065 -0.029443 -0.302927 0.086946 
rice -0.578735 0.105507 0.158844 0.571007 0.829684 
mushroom -0.030602 0.450199 1.082010 0.125154 0.592324 
cheese 0.418649 0.526935 0.691604 0.021827 0.000110 
soy_sauce -0.884032 -0.194808 -0.040045 0.950912 1.065206 
cumin -0.347427 1.070727 0.015357 0.849969 0.370775 
oregano 0.046838 0.548933 1.110804 0.401896 0.097324 
parmesan_cheese 0.502185 0.266103 1.443663 -0.228366 0.421935 
macaroni 0.286161 0.323609 1.457445 0.066295 0.348375 
thyme 0.508755 0.256226 1.184767 0.570294 -0.026694 
cheddar_cheese 0.268130 1.201192 0.582358 -0.114015 0.053781 
lard 0.845234 0.068076 -0.423386 -0.217872 0.251602 
lemon 0.449316 -0.564759 0.008324 0.635471 -0.250229 
cream_cheese 0.809850 0.011415 -0.244859 -0.126306 -0.018053 
walnut 1.242013 -0.218055 -0.742771 0.032306 0.312843 
green_bell_pepper -0.180335 0.908630 0.668653 0.540413 0.074963 
starch -0.129948 -0.346751 -0.290136 0.306055 0.309785 
nutmeg 1.069672 -0.080486 -0.530870 0.156731 0.121955 
honey 0.125555 -0.113993 -0.794026 0.810329 0.238911 
apple 0.905102 0.148383 -0.752185 0.584490 -0.177988 
almond 0.894721 -0.128163 -0.710398 0.191143 0.377581 
cilantro -0.620610 0.689775 -0.035059 0.969262 0.571586 
pecan 1.175375 -0.163552 -0.897846 0.014230 0.399712 
white_wine 0.195667 -0.288176 1.003086 0.790394 0.065756 
bacon 0.250734 0.697374 0.643371 0.429496 -0.138363 
pork -0.409812 0.313395 0.276661 0.752359 0.154213 
raisin 0.917157 0.166310 -0.867484 0.232000 0.343808 
bean -0.241270 0.799644 0.534637 0.480078 0.194597 
rosemary 0.650172 0.164552 1.345513 0.438942 -0.134485 
fish -0.619001 -0.426476 0.477676 0.850054 0.763521 
cucumber -0.345914 -0.335930 -0.078679 0.673529 -0.077626 
olive 0.235263 0.353422 1.073215 0.615192 -0.127372 
coconut 0.315510 0.203572 -1.231896 0.116584 0.885306 
orange 0.742284 -0.646208 -0.738106 0.789986 0.094420 
tamarind -0.194059 0.639005 -0.051841 0.875115 -0.422562 
vegetable -0.404729 -0.014953 0.476511 0.386682 1.004583 
orange_juice 0.510830 -0.549339 -0.785195 0.940355 -0.056935 
buttermilk 0.862102 0.251246 -0.399922 -0.130455 -0.044713 
pineapple 0.416371 -0.216739 -0.984347 0.667384 0.223716 
shrimp -0.574609 -0.204268 0.700075 0.835683 0.718738 
coriander -0.196471 0.966846 -0.278726 0.967347 0.632214 
bay 0.183018 0.307549 0.852307 0.999816 -0.074664 
lime_juice -0.568261 0.365772 -0.422575 1.142428 0.494508 
red_wine 0.069996 -0.140503 0.510908 1.037299 -0.414385 
gelatin 1.305613 -0.638433 -0.885577 0.278120 0.630286 
pork_sausage 0.454782 0.645013 1.200223 0.286394 0.040566 
sesame_oil -1.020271 -0.548922 0.273838 0.641783 1.770666 
chive 0.517938 -0.385009 0.171230 0.331259 -0.398461 
seed 0.447976 0.591396 -0.387633 0.806805 -0.186964 
mozzarella_cheese 0.550290 0.317495 1.495338 -0.198750 0.214581 
ham 0.462899 0.586837 0.658331 0.263104 -0.114997 
oat 0.973795 0.075928 -1.138080 -0.070488 0.695266 
turmeric -0.232035 1.149313 -0.404318 0.872178 0.712687 
nut 0.218575 -0.194660 0.094903 0.184067 0.537690 
shallot 0.163753 -0.208742 0.765895 1.011960 0.146625 
lettuce -0.173193 0.153774 0.155961 1.010003 -0.053264 
cider -0.034907 0.554047 -0.358734 1.154676 -0.516262 
dill 0.257858 0.175284 0.502891 0.788507 -0.290096 
pea -0.254947 0.508586 0.792065 0.463553 0.717671 
zucchini 0.219506 0.485300 0.817663 0.133603 0.082633 
cherry 1.251497 -0.718220 -0.864657 0.360399 0.346607 
lime -0.301498 -0.051986 -0.786516 1.089413 0.322394 
yogurt 0.352174 0.179228 -0.692960 0.774823 -0.114848 
strawberry 1.367685 -0.791497 -0.888280 0.351852 0.535437 
soybean -0.852692 -0.306292 0.017919 0.536200 1.560598 
celery_oil -0.442454 0.680323 -0.212104 0.909948 -0.463197 
peanut_butter 0.109967 0.183603 -1.202910 -0.267539 1.101737 
banana 0.852027 -0.237888 -1.022462 0.120651 0.540701 
meat 0.083451 0.506132 0.484067 0.623434 -0.004645 
tabasco_pepper -0.173103 0.672109 0.165634 0.748815 -0.253225 
milk_fat 1.155697 -0.239330 0.148387 -0.095604 0.103659 
cabbage -0.407780 0.466332 0.226814 0.938650 0.331018 
mint 0.074885 -0.265316 -0.198322 1.024410 0.022696 
fennel 0.654493 0.225358 1.293884 0.715724 0.032919 
sage 0.756659 0.402826 0.915429 0.394865 -0.222658 
broccoli 0.097821 0.627997 0.790524 0.008960 0.558936 
turkey 0.431249 0.663248 0.484923 0.472323 -0.187453 
fenugreek -0.283197 1.295537 -0.275407 0.774293 0.945750 
cranberry 1.138261 -0.308593 -0.712497 0.716222 -0.205312 
wine -0.138091 -0.485868 0.397477 0.770332 0.269992 
beef_broth -0.308165 0.208479 0.844790 0.768812 0.400937 
grape_juice 0.322948 -0.252880 0.615815 0.929371 -0.323274 
pumpkin 0.047087 -0.534882 -0.482502 -0.168747 0.923074 
raspberry 1.443100 -0.661642 -0.725717 0.321241 0.327175 
whole_grain_wheat_flour 0.887938 0.447429 -0.468494 -0.011795 0.322916 
lemon_peel 0.947272 -0.763586 0.058244 0.411075 0.024130 
coffee 0.806311 -0.008189 -0.844738 -0.108285 0.318565 
sesame_seed -0.562271 -0.160939 -0.387308 0.500365 0.963866 
avocado -0.387975 0.591769 -0.048888 1.117727 -0.031951 
sherry 0.094303 -0.251154 0.394312 0.855901 0.111398 
sake -0.921004 -0.629920 0.120398 0.840049 1.507503 
feta_cheese 0.229147 -0.075099 0.993708 0.799182 -0.182913 
apricot 0.973909 -0.205506 -0.722899 0.509902 0.118120 
roasted_sesame_seed -0.999986 -0.664049 0.399309 0.818151 1.699428 
rum 1.149769 -0.406543 -1.250303 0.413858 0.463508 
orange_peel 1.081504 -0.588387 -0.639629 0.536534 0.138812 
squash 0.263603 0.685019 0.520972 0.319730 0.047043 
crab -0.178132 0.024344 0.458501 0.661601 0.057918 
marjoram 0.687551 0.277719 1.037664 0.547845 -0.187396 
swiss_cheese 0.798436 0.772245 0.692140 -0.017034 -0.063419 
sweet_potato 0.170254 0.121138 -0.523911 0.546810 0.082045 
shiitake -0.631162 -0.654702 0.927186 0.567290 1.592548 
radish -0.779213 -0.617001 0.453884 1.077090 1.193480 
peach 0.770563 -0.173247 -1.108945 0.493276 0.183891 
tarragon 0.405527 -0.272335 0.857982 0.931968 -0.223451 
black_bean -0.550016 1.077997 0.283135 0.656671 0.379485 
lamb 0.148623 0.133473 0.343436 1.076626 -0.196677 
maple_syrup 0.461709 0.313162 -0.826789 0.436084 -0.034002 
pear 0.169986 -1.048501 -0.455713 0.645986 0.650037 
fruit 1.167055 -0.522384 -0.910041 0.377747 0.436602 
blueberry 1.428905 -0.764985 -0.885690 0.192796 0.725631 
clam -0.428089 -0.539044 1.198559 0.669958 1.000494 
smoke 0.272410 0.633500 0.647440 0.852875 -0.235398 
tuna -0.390687 0.009366 0.537743 0.623458 0.247970 
kidney_bean -0.200903 1.224017 0.571177 0.608142 0.130315 
peanut -0.400017 0.205742 -0.889024 -0.013159 0.976276 
asparagus 0.222326 -0.024385 1.067672 0.312241 0.418237 
salmon -0.345133 -0.353586 0.254464 0.862277 0.005410 
leek 0.428306 0.084528 1.091203 0.746147 0.308709 
chickpea -0.310833 0.530445 0.492535 0.957741 0.183094 
blue_cheese 0.760195 0.071342 0.546590 0.604359 -0.513724 
brandy 1.180940 -0.668395 -0.539146 0.561204 0.004760 
artichoke 0.353851 0.005845 1.300882 0.431805 0.024044 
horseradish 0.220365 0.358300 0.090293 1.003731 -0.538737 
mango -0.245128 0.230893 -0.993339 1.019668 0.246603 
date 1.004230 -0.618869 -1.124840 0.326536 0.520090 
cardamom 0.420223 0.127012 -0.909992 0.662142 0.338528 
white_bread 0.681236 0.211284 0.589565 0.295777 -0.281681 
oyster -0.619106 -0.214594 0.857424 0.637392 1.205323 
cottage_cheese 0.579572 0.267404 0.595834 -0.212783 -0.137775 
grape 0.801311 -0.118400 -0.834034 1.072882 -0.144393 
brown_rice -0.012709 0.686170 0.335230 0.345023 0.246543 
cauliflower 0.060330 0.889797 0.619597 0.341547 0.451387 
cured_pork 0.690828 0.176001 1.683080 0.235122 0.136886 
egg_noodle 0.115374 0.600036 0.918464 0.119536 0.226523 
beer -0.093154 0.585245 0.147081 0.809144 -0.279861 
hazelnut 1.196304 -0.644542 -0.288199 0.100035 0.131179 
mandarin 0.700611 -0.299389 -0.931954 0.662470 0.207308 
romano_cheese 0.531946 -0.007974 1.474983 0.090053 0.092730 
plum 0.733036 -0.268770 -0.595297 0.713705 0.058892 
pimento 0.195421 0.657000 0.779288 0.460613 -0.060733 
smoked_sausage 0.077517 0.911432 0.773490 0.842032 -0.050608 
scallop -0.012402 -0.283565 1.015007 0.911663 0.411487 
goat_cheese 0.758399 -0.223914 0.721028 0.590310 -0.241478 
lentil -0.074603 0.884692 0.512915 0.823829 0.300936 
currant 1.253836 -0.112916 -0.541635 0.523436 0.137576 
saffron 0.143872 0.074315 0.705655 1.004760 0.380775 
barley -0.222338 0.113631 0.383467 0.600648 0.864898 
caraway 0.704600 1.133425 -0.101910 0.781523 -0.142922 
beet 0.205564 -0.129967 0.125388 1.444101 -0.321624 
squid -0.750309 -0.731098 0.796975 0.578916 1.620755 
corn_flake 0.408752 0.352709 -0.387625 -0.147496 0.092287 
anise 0.766825 -0.579495 -0.206312 0.406849 0.281316 
roasted_beef -0.184911 0.401266 0.611542 0.797295 -0.168256 
pistachio 0.915634 -0.416249 -0.712712 0.288688 0.292837 
peanut_oil -0.757570 0.157652 -0.031565 0.907606 1.004180 
cereal 0.528398 0.010353 -1.049585 -0.026884 0.807135 
cashew -0.050581 0.452846 -0.705854 0.591542 0.540985 
veal 0.520510 -0.270876 1.334589 0.468062 0.032211 
seaweed -0.749016 -0.791453 0.210041 0.908615 1.686166 
turnip 0.443518 0.441745 0.736300 1.066023 0.210824 
sauerkraut 0.495324 1.034568 0.355946 0.747840 -0.448228 
berry 1.516942 -0.490724 -0.735309 0.452923 0.413538 
kelp -0.777288 -0.848845 0.382544 0.606546 2.040890 
tomato_juice -0.268754 0.664598 0.688521 0.694649 -0.074884 
cod -0.366037 0.103874 0.717433 0.838335 0.460122 
provolone_cheese 0.619073 0.176054 1.438888 0.317466 -0.017341 
mussel -0.371070 -0.288620 1.134117 1.044993 1.040488 
blackberry 1.521570 -0.800130 -0.827542 0.275499 0.562729 
roasted_peanut -0.623021 0.354889 -0.937316 0.333962 0.911439 
rhubarb 1.077018 -0.649569 -0.937340 0.034259 0.372006 
chinese_cabbage -0.956431 -0.798805 0.394021 0.682346 2.092787 
corn_grit 0.082819 0.837610 0.721027 0.372466 0.103237 
chicory 0.203982 -0.499855 0.801970 1.105919 0.164497 
bourbon_whiskey 0.661510 -0.023515 -1.025491 0.576118 -0.049093 
citrus 0.928379 -1.097134 -0.814235 0.683610 0.733293 
lima_bean -0.014340 0.913412 0.570496 1.001626 -0.282852 
lovage -0.132473 0.019159 0.157482 1.086537 -0.313472 
melon 0.667441 -0.300929 -1.027753 1.326475 0.222188 
parsnip 0.473767 0.390267 0.972578 0.975607 0.161665 
fig 1.493862 -0.666080 -0.202652 0.543124 -0.008275 
lemongrass -0.923152 0.304141 -0.149340 1.059538 1.378991 
whiskey 0.765421 0.140905 -1.029454 0.612922 0.070207 
watercress 0.007041 -0.299429 0.294860 1.338686 0.069740 
tequila 0.059657 -0.090790 -0.839247 1.000148 -0.010906 
rye_flour 1.304143 0.569757 -0.193734 0.289016 -0.090510 
peppermint 0.597183 -0.373963 -0.756127 -0.198410 0.215201 
savory 0.394175 0.248575 1.206993 0.661803 0.132962 
lobster 0.043509 -0.272108 0.938383 0.791740 0.248831 
roasted_pork 0.117395 0.441970 0.100172 1.063964 -0.348465 
