224 5
</s> 0.080054 0.088388 -0.076605 -0.065561 0.027332 
egg 0.177214 -0.238222 -0.392520 0.515324 -0.319804 
butter 0.382942 -0.077435 -0.280109 0.471204 -0.411930 
wheat 0.269793 -0.387992 -0.371883 0.548508 -0.354114 
onion -0.092479 0.385185 0.701837 0.545816 -0.002633 
garlic -0.020542 0.322891 0.905146 0.325371 0.272422 
milk 0.430480 -0.316849 -0.414923 0.564209 -0.522879 
vegetable_oil -0.201341 0.247247 0.057332 0.521801 0.108270 
cream 0.541234 -0.148951 -0.217640 0.287678 -0.308551 
tomato 0.061455 0.556038 0.921057 0.438794 0.034514 
olive_oil 0.704935 0.394628 0.989840 0.373001 0.251746 
black_pepper 0.067691 0.192492 0.851976 0.485231 0.123706 
pepper 0.139741 0.650787 0.663325 0.497851 0.150580 
vanilla 0.569858 -1.225694 -1.171968 0.857320 0.069246 
cayenne -0.316951 0.524006 0.641549 0.326873 0.671737 
vinegar -0.448524 0.384572 0.446727 0.791726 0.100309 
cane_molasses -0.503141 0.033781 -0.654641 0.887096 -0.254033 
bell_pepper 0.030020 0.474593 0.924928 0.335118 0.330396 
cinnamon 0.242657 -0.221911 -0.889071 0.955572 -0.006735 
parsley 0.423239 -0.094976 0.947305 0.378972 -0.123282 
chicken 0.147225 0.471499 0.505358 0.267949 0.264169 
lemon_juice 0.679537 0.220510 0.043517 0.279930 0.096615 
beef -0.568818 0.112746 0.889249 0.538491 -0.058206 
cocoa 0.525004 -1.041561 -1.175155 0.651608 0.093894 
corn -0.491699 0.587187 0.023674 0.523908 -0.114578 
bread 0.239577 0.195339 0.605032 0.490792 -0.380105 
scallion -0.340368 -0.006475 0.720210 0.262771 0.889122 
mustard -0.273064 0.286537 0.270785 0.822805 -0.202042 
ginger -0.522788 0.080892 -0.493938 0.641925 1.111942 
basil 0.670110 0.057807 1.326172 0.133065 -0.012805 
celery -0.069227 0.333501 0.898813 0.769178 -0.125016 
carrot -0.162542 0.146948 0.885526 0.578315 0.293108 
potato -0.019344 0.158181 0.886225 0.495165 -0.043761 
chicken_broth 0.336699 0.417725 0.891475 0.458497 0.194067 
yeast 0.307660 -0.200149 -0.164436 0.474937 -0.609520 
rice -0.459118 0.124197 0.373342 0.353439 0.871483 
mushroom 0.004333 -0.122848 1.085430 0.337440 -0.074387 
cheese 0.451052 0.209871 0.682563 0.115963 -0.240326 
soy_sauce -0.981810 -0.143731 0.337854 0.723310 1.269846 
cumin 0.165749 1.117708 0.272888 0.413843 0.747581 
oregano 0.374791 0.376913 1.157750 0.223312 -0.029563 
parmesan_cheese 0.739073 -0.166780 1.165876 0.066239 -0.221907 
macaroni 0.771475 -0.065699 1.277481 -0.002111 0.006112 
thyme 0.366828 -0.000476 1.156974 0.655203 -0.256562 
cheddar_cheese -0.026084 0.471336 0.671660 0.371827 -0.435432 
lard 0.185060 -0.413195 -0.582648 0.582112 -0.308651 
lemon 0.944982 0.085626 -0.043844 0.260526 0.138738 
cream_cheese 0.485341 -0.161171 -0.461082 0.347125 -0.331796 
walnut 0.674633 -0.678536 -0.903473 0.792574 -0.111169 
green_bell_pepper -0.132450 0.396848 0.894505 0.390397 0.061059 
starch -0.417398 -0.466221 -0.374120 0.456642 0.159806 
nutmeg 0.538201 -0.380578 -0.495134 0.634747 -0.388036 
honey 0.053706 0.180040 -0.640759 0.738003 0.367680 
apple 0.328696 0.153635 -0.780121 1.118912 -0.215338 
almond 0.654481 -0.097755 -0.789102 0.545071 0.123458 
cilantro 0.252574 0.999444 0.257125 0.217220 1.134128 
pecan 0.404639 -0.456834 -1.041401 0.808309 -0.063854 
white_wine 0.613782 0.037527 1.061191 0.297372 0.275987 
bacon -0.223640 0.135609 0.823478 0.618253 -0.371799 
pork -0.782410 0.094607 0.524718 0.711978 0.169063 
raisin 0.415788 0.177302 -0.971049 0.974222 -0.022787 
bean -0.317153 0.466565 0.738170 0.457215 0.265697 
rosemary 0.498637 -0.074013 1.257813 0.552044 -0.444253 
fish 0.144815 -0.297551 0.916408 0.003406 1.283523 
cucumber -0.051316 -0.022006 0.088175 0.218713 0.393437 
olive 0.658777 0.437745 1.066141 0.295778 0.077465 
coconut 0.431764 0.189681 -1.108988 0.212877 0.959970 
orange 0.719281 -0.089799 -0.730518 0.751589 0.170900 
tamarind -0.763640 0.527228 0.385285 0.880402 -0.209531 
vegetable -0.377426 -0.338809 0.708292 0.293458 0.620418 
orange_juice 0.549758 0.122009 -0.793417 0.768306 0.427902 
buttermilk 0.299598 -0.095463 -0.489075 0.419223 -0.400422 
pineapple 0.441802 0.065836 -0.938087 0.570020 0.419680 
shrimp -0.065152 -0.045514 1.100002 0.188621 1.087342 
coriander 0.398543 1.062622 0.042041 0.419793 1.186360 
bay 0.022784 0.169184 1.090069 0.820169 0.032030 
lime_juice 0.338138 0.912785 -0.026095 0.229082 1.337088 
red_wine 0.135624 0.284374 0.761822 0.658919 -0.136925 
gelatin 0.830067 -0.703391 -1.087813 0.895417 0.170973 
pork_sausage 0.212731 0.165177 1.107453 0.627249 -0.469325 
sesame_oil -0.788957 -0.772253 0.534488 0.500656 1.839864 
chive 0.296468 -0.486068 0.185397 0.276502 -0.180870 
seed -0.019261 0.629566 -0.278877 1.081145 0.007031 
mozzarella_cheese 0.644166 -0.208710 1.282540 0.158328 -0.487725 
ham 0.163294 0.087362 0.716480 0.554163 -0.492918 
oat 0.025364 -0.503156 -1.234413 1.008218 -0.007207 
turmeric 0.244137 1.125375 -0.026038 0.452581 1.186383 
nut 0.284851 -0.133098 -0.116017 0.446213 0.205087 
shallot 0.714621 0.100561 0.921297 0.605127 0.360740 
lettuce 0.082546 0.631900 0.418030 0.520094 0.453747 
cider -0.573147 0.651060 -0.103135 1.051260 -0.135279 
dill 0.282395 0.216917 0.626505 0.533102 -0.117101 
pea 0.050303 0.306571 0.983721 0.350042 0.548859 
zucchini 0.516252 0.458204 0.584797 0.092152 -0.019505 
cherry 0.759972 -0.652997 -1.130111 0.906725 0.098794 
lime 0.650851 0.721321 -0.445113 0.153020 1.202551 
yogurt 0.823904 0.737163 -0.569362 0.356235 0.489240 
strawberry 1.212359 -0.743751 -1.157638 0.756985 0.365014 
soybean -0.645269 -0.472818 0.332421 0.420517 1.671356 
celery_oil -1.164746 0.626838 0.217003 0.866205 -0.009792 
peanut_butter -0.171743 -0.235597 -1.148329 0.215364 0.815114 
banana 0.774491 -0.270417 -1.133139 0.510738 0.367547 
meat -0.257815 0.214003 0.663698 0.636834 -0.036117 
tabasco_pepper -0.503496 0.620021 0.530841 0.704681 0.112472 
milk_fat 0.892021 -0.419649 -0.228618 0.452314 -0.394009 
cabbage -0.643181 0.336139 0.608198 0.835529 0.394287 
mint 0.923037 0.543055 -0.059155 0.162904 0.759563 
fennel 0.833451 0.094407 1.304834 0.577943 -0.115123 
sage 0.262886 0.019568 0.921702 0.869904 -0.701312 
broccoli 0.114184 0.227078 0.731477 0.106470 0.173606 
turkey 0.114009 0.567031 0.616904 0.666284 -0.262628 
fenugreek 0.327932 1.076076 0.121726 0.423759 1.177191 
cranberry 0.534816 -0.019510 -0.829061 1.256765 -0.180278 
wine 0.064617 -0.072377 0.428295 0.352572 0.368945 
beef_broth -0.665661 -0.158527 1.143695 0.774413 0.099587 
grape_juice 0.659668 0.300972 0.702016 0.406203 0.110859 
pumpkin -0.284332 -0.867600 -0.614028 0.277832 0.427256 
raspberry 1.072878 -0.561805 -0.905819 0.658582 0.183711 
whole_grain_wheat_flour 0.346645 0.008442 -0.558130 0.667081 -0.258495 
lemon_peel 1.171406 -0.419563 -0.136658 0.304668 -0.176454 
coffee 0.329776 -0.478805 -1.001857 0.496671 -0.043134 
sesame_seed -0.402501 -0.258287 0.027982 0.236202 1.085772 
avocado 0.173188 1.113740 0.316730 0.367254 0.781175 
sherry 0.347253 -0.011772 0.512321 0.450266 0.224253 
sake -1.081081 -0.983162 0.491196 0.550005 1.634509 
feta_cheese 0.864136 0.251559 0.957410 0.130033 0.090847 
apricot 0.664198 0.008035 -0.887084 0.804486 0.110409 
roasted_sesame_seed -0.705169 -0.918320 0.678076 0.225355 1.873495 
rum 0.778334 -0.504473 -1.296724 0.782660 0.503864 
orange_peel 0.872112 -0.402058 -0.761433 0.811705 0.017097 
squash 0.606548 0.568806 0.534174 0.331132 -0.031927 
crab -0.156255 -0.045683 0.731384 0.413593 0.198775 
marjoram 0.191760 -0.008687 0.990776 0.826440 -0.684510 
swiss_cheese 0.264138 0.037539 0.650105 0.600774 -0.678577 
sweet_potato 0.035203 0.402709 -0.461421 0.635286 0.254193 
shiitake -0.478756 -1.423483 1.207503 0.337741 1.101518 
radish -0.465534 -0.639057 0.879153 0.492494 1.483335 
peach 0.664554 0.010831 -1.021885 0.637607 0.460460 
tarragon 0.676707 0.012016 0.898794 0.641753 -0.032553 
black_bean -0.148979 1.132362 0.594985 0.271009 0.693741 
lamb 0.693778 0.648954 0.672583 0.514493 0.135864 
maple_syrup -0.117769 -0.020885 -0.776733 0.983114 -0.158583 
pear 0.078018 -0.731431 -0.581048 0.618150 0.800688 
fruit 0.901224 -0.456933 -1.043708 0.799609 0.296606 
blueberry 1.213779 -0.618137 -1.103797 0.735382 0.228206 
clam 0.068830 -0.848170 1.394513 0.000466 0.998384 
smoke -0.020375 0.499904 0.770104 0.866851 -0.319683 
tuna -0.077938 0.016543 0.868520 0.156227 0.430935 
kidney_bean -0.343797 0.869649 0.929826 0.696912 0.196358 
peanut -0.443346 0.128946 -0.850919 0.177675 1.121337 
asparagus 0.593905 -0.160747 0.871621 0.265139 0.019481 
salmon 0.230346 0.051184 0.546774 0.259203 0.517112 
leek 0.463444 -0.200844 1.197325 0.650557 -0.017505 
chickpea 0.318420 0.870194 0.740444 0.212106 0.658761 
blue_cheese 0.441215 0.135989 0.476709 0.638262 -0.588349 
brandy 0.842165 -0.501589 -0.615042 0.818466 -0.165434 
artichoke 0.740969 0.056568 1.211389 0.151093 -0.066342 
horseradish -0.317601 0.234916 0.386359 0.969749 -0.230851 
mango 0.550386 0.750455 -0.569489 0.309204 1.167384 
date 0.685788 -0.376218 -1.240008 0.930847 0.306644 
cardamom 0.704625 0.440344 -0.738828 0.460167 0.523454 
white_bread 0.324087 0.150220 0.473912 0.648024 -0.592139 
oyster -0.638842 -0.695207 0.950903 0.358627 1.046389 
cottage_cheese 0.668426 0.011903 0.409083 0.172791 -0.670197 
grape 0.911145 0.447605 -0.751762 0.929096 0.286541 
brown_rice -0.111880 0.449965 0.559178 0.547599 0.131522 
cauliflower 0.239063 0.454114 0.774440 0.357306 0.201551 
cured_pork 0.736156 -0.120135 1.393330 0.445962 -0.369138 
egg_noodle -0.138687 -0.000078 0.882532 0.330192 -0.167239 
beer -0.485961 0.535783 0.305145 0.731438 -0.081421 
hazelnut 0.770698 -0.647037 -0.584804 0.591332 -0.267013 
mandarin 0.498989 -0.117291 -0.863187 0.724291 0.443311 
romano_cheese 0.785739 -0.069977 1.239613 0.084729 -0.235927 
plum 0.490897 0.149003 -0.599830 0.908737 0.205553 
pimento 0.255308 0.534953 0.773962 0.443999 -0.161596 
smoked_sausage -0.370004 0.470054 0.967904 0.878590 -0.278619 
scallop 0.730372 -0.234686 1.195735 0.118068 0.805912 
goat_cheese 1.012110 0.138028 0.764943 0.452464 -0.116968 
lentil 0.316954 0.965419 0.827606 0.588693 0.431491 
currant 0.983233 0.097235 -0.731771 0.868889 -0.029277 
saffron 1.223726 0.304556 0.830112 0.246255 0.669523 
barley -0.309071 -0.020055 0.443496 0.748106 0.534285 
caraway 0.145235 0.589167 0.218653 1.349619 -0.470662 
beet 0.109603 0.348229 0.515095 1.039627 0.029286 
squid -0.193050 -0.902926 1.074996 0.009773 1.639709 
corn_flake 0.134877 0.152668 -0.364597 0.323463 -0.290136 
anise 0.487036 -0.561884 -0.207706 0.619509 0.054567 
roasted_beef -0.478387 0.412552 0.791643 0.784596 -0.118922 
pistachio 0.919380 -0.224078 -0.824432 0.511857 0.039852 
peanut_oil -0.353420 0.233552 0.414791 0.513932 1.426165 
cereal 0.001115 -0.275620 -0.955938 0.831555 0.217491 
cashew 0.091618 0.592683 -0.498906 0.590387 0.802160 
veal 0.468775 -0.311684 1.141790 0.647832 -0.460435 
seaweed -0.451655 -1.038612 0.609991 0.499632 1.903739 
turnip 0.098783 0.209630 0.971760 1.103355 0.090403 
sauerkraut -0.140010 0.434000 0.560964 1.090738 -0.679314 
berry 0.957992 -0.418170 -1.032213 1.115392 0.065243 
kelp -0.579174 -1.381567 0.674089 0.420350 2.045024 
tomato_juice -0.430829 0.475894 0.947553 0.561071 -0.024477 
cod 0.166870 0.070031 0.893667 0.102334 0.761017 
provolone_cheese 0.745766 -0.083592 1.301257 0.472989 -0.391393 
mussel 0.569675 -0.394488 1.405632 0.115047 1.349667 
blackberry 0.988692 -0.618806 -1.079049 0.814340 0.151856 
roasted_peanut -0.276047 0.436403 -0.643154 0.094390 1.256581 
rhubarb 0.671659 -0.768853 -1.087530 0.623511 0.074018 
chinese_cabbage -0.544743 -1.319716 0.784955 0.263100 1.939848 
corn_grit 0.070350 0.650782 0.960272 0.359183 0.114210 
chicory 0.369481 -0.328043 0.925421 0.781443 0.319036 
bourbon_whiskey -0.118358 -0.226126 -0.916397 1.085646 0.023516 
citrus 0.766470 -0.866777 -1.096710 0.875468 0.640173 
lima_bean -0.306203 0.749357 0.918206 0.971742 -0.113604 
lovage -0.516540 -0.055472 0.559334 0.683325 0.113138 
melon 1.005806 0.204117 -0.908129 0.894110 0.886963 
parsnip 0.235529 0.220310 0.888758 1.012272 -0.015519 
fig 1.260835 -0.228288 -0.496380 1.067561 -0.333024 
lemongrass 0.377910 0.511765 0.249778 -0.050302 2.059456 
whiskey 0.102564 -0.011147 -1.016822 1.116311 0.095778 
watercress 0.189044 0.249006 0.471064 0.881915 0.538104 
tequila 0.459825 0.561981 -0.533587 0.452121 0.850889 
rye_flour 0.395310 0.083450 -0.296322 1.323766 -0.677075 
peppermint 0.245959 -0.549861 -0.954524 0.180397 0.047433 
savory 0.365793 -0.016507 1.129861 0.586257 -0.206099 
lobster 0.572756 -0.034517 1.056180 0.375151 0.454242 
roasted_pork -0.267800 0.593780 0.321930 1.032049 -0.146609 
