224 5
</s> 0.080054 0.088388 -0.076605 -0.065561 0.027332 
egg 0.670611 0.393958 -0.209907 -0.412509 0.064421 
butter 0.679176 0.331245 -0.187731 -0.185261 -0.177734 
wheat 0.721420 0.203000 -0.256641 -0.349471 0.054244 
onion -0.089090 0.646591 0.033376 0.761153 0.117179 
garlic -0.152608 0.534209 0.258816 0.839468 0.452860 
milk 0.994356 0.515503 0.011449 -0.530083 0.023005 
vegetable_oil 0.025539 0.428787 -0.193217 0.171269 0.422009 
cream 0.734281 0.408117 -0.106117 -0.246288 -0.027877 
tomato -0.124411 0.830041 0.237309 0.887008 0.085896 
olive_oil 0.241754 0.513684 0.306991 1.080530 -0.106320 
black_pepper -0.044925 0.288911 0.218788 0.887334 0.242532 
pepper -0.067437 0.800526 0.011074 0.670836 0.169777 
vanilla 1.594375 -0.254267 -0.613429 -0.885423 0.618225 
cayenne -0.444666 0.516515 -0.047014 0.686149 0.821484 
vinegar -0.282139 0.134505 -0.435570 0.978233 0.061249 
cane_molasses 0.072808 0.034507 -1.070580 0.016375 -0.201101 
bell_pepper -0.147307 0.706342 0.273332 0.831818 0.332594 
cinnamon 0.921344 0.026693 -0.922593 -0.245127 0.076489 
parsley 0.390670 0.309845 0.477434 0.825298 -0.233126 
chicken -0.112540 0.550410 0.046027 0.573041 0.251950 
lemon_juice 0.296567 -0.036790 -0.333208 0.590872 -0.136353 
beef -0.255363 0.267518 0.224611 0.884722 0.218016 
cocoa 1.312093 -0.263551 -0.578329 -0.847632 0.547864 
corn -0.310835 0.795217 -0.484005 0.151412 0.045945 
bread 0.354745 0.606003 0.258257 0.458539 -0.239926 
scallion -0.157579 0.184687 0.323783 0.679318 1.165147 
mustard 0.067697 0.293832 -0.443850 0.730526 -0.275445 
ginger -0.076487 -0.421177 -0.661266 0.421796 1.062789 
basil 0.390831 0.570377 0.949455 0.893961 -0.061842 
celery 0.128467 0.517582 0.121166 0.985474 -0.094613 
carrot 0.032576 0.171511 0.222921 0.927956 0.418812 
potato 0.133628 0.668922 0.476336 0.655685 0.058165 
chicken_broth 0.185458 0.543263 0.258515 0.903520 0.040391 
yeast 0.759779 0.428797 0.007825 -0.325117 -0.191125 
rice -0.206129 0.048748 0.047219 0.532345 1.056873 
mushroom 0.145822 0.481200 0.897712 0.687720 0.312704 
cheese 0.263970 0.802051 0.567180 0.209416 -0.036730 
soy_sauce -0.345922 -0.610434 -0.170399 0.998830 1.266576 
cumin -0.473655 1.049158 -0.511406 0.564370 0.593707 
oregano 0.080293 0.790302 0.568635 0.859237 -0.123526 
parmesan_cheese 0.599088 0.667891 1.117418 0.526773 -0.121933 
macaroni 0.399971 0.636202 1.085302 0.682426 0.025026 
thyme 0.526886 0.375568 0.511159 1.138980 -0.483901 
cheddar_cheese 0.031389 1.236604 0.512641 -0.002965 0.083004 
lard 0.824346 0.257419 -0.382562 -0.558399 0.012471 
lemon 0.522475 -0.190602 -0.395761 0.509488 -0.228958 
cream_cheese 0.762555 0.262679 -0.267634 -0.372457 -0.107859 
walnut 1.147539 -0.226549 -0.723493 -0.442491 -0.069761 
green_bell_pepper -0.284560 0.703688 0.274367 0.866655 0.146592 
starch 0.137305 -0.598788 -0.293779 0.113852 0.447249 
nutmeg 1.064855 0.035286 -0.595381 -0.228689 -0.236557 
honey 0.266896 -0.286510 -0.954340 0.201184 0.346166 
apple 0.654187 0.108103 -1.082773 0.043806 -0.195318 
almond 0.871029 -0.076082 -0.767636 -0.249484 0.196271 
cilantro -0.484136 0.634232 -0.524284 0.839903 0.850385 
pecan 1.122466 0.005649 -0.731607 -0.610502 0.127290 
white_wine 0.405816 -0.129742 0.513238 1.165800 -0.138841 
bacon 0.118683 0.771803 0.334553 0.695572 -0.100877 
pork -0.430294 -0.026775 -0.252895 0.995139 0.107802 
raisin 0.816352 0.187324 -1.073095 -0.165782 0.095007 
bean -0.261756 0.595077 0.125632 0.828571 0.221365 
rosemary 0.571849 0.413127 0.697281 1.104829 -0.514641 
fish -0.128751 -0.272665 0.284030 1.000411 1.014200 
cucumber -0.004001 -0.265507 -0.150234 0.415970 0.428793 
olive 0.248650 0.760917 0.592118 0.852116 0.012636 
coconut 0.344719 -0.020799 -1.128069 -0.533025 0.929618 
orange 0.935757 -0.426921 -1.042315 0.181692 0.010821 
tamarind -0.321788 0.459225 -0.464193 0.889027 -0.199038 
vegetable -0.030399 -0.121182 0.375827 0.593556 0.985873 
orange_juice 0.653940 -0.462240 -1.085990 0.268020 0.044957 
buttermilk 0.611190 0.363091 -0.337960 -0.506910 -0.091490 
pineapple 0.654613 -0.165556 -1.188076 -0.215704 0.396722 
shrimp -0.107584 -0.074305 0.525505 0.963295 1.160504 
coriander -0.292284 0.879348 -0.840735 0.625243 0.748232 
bay 0.178090 0.346009 0.113794 1.272846 -0.124108 
lime_juice -0.419127 0.403652 -0.817034 0.516498 1.000851 
red_wine 0.121850 -0.037128 -0.201389 1.249855 -0.464255 
gelatin 1.428551 -0.340231 -0.797913 -0.369713 0.285503 
pork_sausage 0.356257 0.942652 0.552412 0.779943 -0.251501 
sesame_oil -0.206882 -0.805867 0.130214 0.910521 1.786139 
chive 0.648513 -0.021901 0.180946 0.267478 -0.108015 
seed 0.213974 0.719278 -0.860047 0.397039 -0.112896 
mozzarella_cheese 0.551009 0.595199 1.123013 0.460832 -0.266835 
ham 0.441480 0.824366 0.485259 0.460797 -0.047645 
oat 0.868791 -0.102039 -1.094139 -0.640716 0.309360 
turmeric -0.216831 0.927890 -0.774679 0.554517 0.968754 
nut 0.519715 -0.223362 -0.025685 0.140466 0.422265 
shallot 0.423868 -0.002416 0.089008 1.227212 -0.030063 
lettuce -0.050728 0.419963 -0.171218 0.736535 0.300290 
cider -0.214070 0.095345 -1.081218 0.848581 -0.319241 
dill 0.197897 0.377969 0.141374 0.791918 -0.154841 
pea 0.019446 0.528407 0.440706 0.797908 0.523309 
zucchini 0.189484 0.720047 0.297730 0.563813 -0.189971 
cherry 1.374259 -0.492467 -0.831865 -0.370105 0.188531 
lime -0.036431 0.068235 -1.042620 0.280511 0.763818 
yogurt 0.311719 0.445190 -0.914820 0.003588 0.210388 
strawberry 1.475698 -0.340268 -0.846822 -0.329162 0.296934 
soybean -0.179504 -0.547746 0.082988 0.517975 1.602521 
celery_oil -0.782311 0.414093 -0.836490 0.873862 -0.010025 
peanut_butter 0.234489 -0.096831 -0.784632 -0.731297 1.035037 
banana 1.074353 -0.246183 -0.912152 -0.500941 0.355001 
meat 0.119496 0.554963 0.057176 0.885395 -0.089606 
tabasco_pepper -0.323303 0.593215 -0.369388 0.777762 0.093382 
milk_fat 1.126488 0.211856 0.021452 -0.328668 -0.167158 
cabbage -0.324563 0.160454 -0.179721 1.065337 0.416291 
mint 0.276769 0.022471 -0.630877 0.560223 0.295480 
fennel 0.616822 0.655421 0.495444 1.172529 -0.329432 
sage 0.644395 0.348673 0.243780 0.920841 -0.734417 
broccoli 0.111779 0.650608 0.747596 0.291885 0.373716 
turkey 0.070452 0.755442 -0.015752 0.677437 -0.337075 
fenugreek -0.322747 1.057877 -0.684983 0.369853 1.004745 
cranberry 1.066516 -0.075164 -1.119640 0.176353 -0.376395 
wine 0.176866 -0.290322 -0.011257 0.697052 0.332377 
beef_broth -0.067282 -0.032124 0.295116 1.223725 0.331567 
grape_juice 0.330012 -0.012954 -0.055221 1.120775 -0.369577 
pumpkin 0.389476 -0.550133 -0.105731 -0.359892 0.797173 
raspberry 1.438428 -0.344787 -0.782646 -0.176329 0.119362 
whole_grain_wheat_flour 0.810903 0.642316 -0.512223 -0.413435 0.189456 
lemon_peel 1.092885 -0.190545 -0.152157 0.157936 -0.347397 
coffee 0.789979 -0.154696 -0.693250 -0.614512 0.175678 
sesame_seed -0.046940 -0.350038 -0.209994 0.385655 1.131460 
avocado -0.375339 0.619545 -0.400781 0.687761 0.610916 
sherry 0.305500 -0.002378 0.035400 0.849690 0.135169 
sake -0.130935 -0.945877 0.271017 0.839903 1.699381 
feta_cheese 0.323790 0.237457 0.438643 0.915782 -0.258517 
apricot 0.767816 -0.048682 -1.034930 0.001130 -0.029067 
roasted_sesame_seed -0.136327 -0.797452 0.365825 0.922863 1.761507 
rum 1.199299 -0.354503 -1.141275 -0.454719 0.392649 
orange_peel 1.155312 -0.396055 -0.720338 0.099826 -0.208899 
squash 0.092729 0.741253 -0.059266 0.591900 -0.195860 
crab 0.141481 0.464121 0.402195 0.622261 0.517449 
marjoram 0.534739 0.480324 0.100319 1.098805 -0.773355 
swiss_cheese 0.586622 1.040088 0.466114 0.377695 -0.201024 
sweet_potato 0.069808 0.026320 -0.762814 0.148552 0.174982 
shiitake 0.148357 -0.589099 0.822197 0.949629 1.284220 
radish 0.025852 -0.570083 0.244971 1.088062 1.430545 
peach 0.819186 -0.252658 -1.067765 -0.156051 0.170427 
tarragon 0.497876 -0.014546 0.218266 1.202537 -0.212089 
black_bean -0.649902 0.963614 -0.213222 0.644013 0.706958 
lamb 0.091908 0.289921 -0.471258 1.119447 -0.281811 
maple_syrup 0.338910 0.020446 -1.052672 0.028240 -0.038373 
pear 0.624135 -0.950392 -0.600223 0.315585 0.661934 
fruit 1.275839 -0.307982 -0.988388 -0.323893 0.199661 
blueberry 1.546603 -0.404060 -0.776881 -0.482647 0.339676 
clam 0.191844 -0.473693 0.984241 1.149729 0.903983 
smoke 0.271322 0.623411 0.077050 1.023020 -0.170690 
tuna -0.040102 0.179611 0.450257 0.694014 0.568834 
kidney_bean -0.367563 0.987187 0.115948 1.110657 0.230045 
peanut -0.149842 -0.130467 -0.666709 -0.306323 1.250941 
asparagus 0.337408 0.249346 0.518240 0.799154 0.049305 
salmon -0.039683 -0.160962 -0.070626 0.814033 0.192248 
leek 0.699283 0.514985 0.646629 1.157602 -0.047880 
chickpea -0.311708 0.549636 -0.233202 1.063936 0.301668 
blue_cheese 0.506723 0.235524 -0.078154 0.611147 -0.662984 
brandy 1.303665 -0.408260 -0.726258 0.064852 -0.300794 
artichoke 0.458640 0.425493 0.798081 0.898736 -0.209953 
horseradish 0.021040 0.411267 -0.334369 0.744252 -0.190399 
mango -0.112536 0.210685 -1.175550 0.209525 0.887691 
date 1.212898 -0.423721 -1.116454 -0.294963 0.232232 
cardamom 0.484240 0.255830 -1.025933 0.029402 0.402722 
white_bread 0.534452 0.476873 0.244385 0.389487 -0.451699 
oyster 0.012420 -0.259751 0.542102 1.070281 1.168826 
cottage_cheese 0.717278 0.670024 0.553167 -0.015124 -0.464417 
grape 0.774716 0.182890 -1.325605 0.331919 -0.163732 
brown_rice -0.069984 0.578041 -0.060820 0.693494 0.159651 
cauliflower 0.094616 0.897709 0.285566 0.484082 0.216974 
cured_pork 0.784831 0.611129 0.995357 0.943753 -0.431754 
egg_noodle 0.109850 0.775164 0.436063 0.506020 0.024591 
beer -0.264463 0.459266 -0.304032 0.673037 0.033282 
hazelnut 1.151785 -0.366782 -0.449474 -0.132321 -0.142296 
mandarin 0.747229 -0.244925 -1.036552 -0.078544 0.253507 
romano_cheese 0.489096 0.379073 0.961213 0.808489 -0.371725 
plum 0.619053 -0.155445 -1.043725 0.411262 -0.077160 
pimento 0.031174 0.803480 0.307815 0.546976 -0.076265 
smoked_sausage -0.060927 0.909987 0.093935 1.211691 0.011181 
scallop 0.382362 -0.013705 0.746190 1.085468 0.447426 
goat_cheese 0.775518 0.139527 0.242586 0.821153 -0.560133 
lentil -0.191752 0.747892 -0.139734 0.978972 0.327454 
currant 1.006662 -0.014409 -0.942913 0.019756 -0.194646 
saffron 0.454994 0.349251 0.160616 1.027821 0.210899 
barley 0.082259 0.014190 0.060082 0.846739 0.721753 
caraway 0.493548 1.260553 -0.524871 0.528735 -0.312100 
beet 0.351200 0.080965 -0.536383 1.239456 -0.244424 
squid 0.078686 -0.746336 0.851599 0.910098 1.607502 
corn_flake 0.295781 0.477050 -0.333772 -0.384754 0.003144 
anise 0.927795 -0.374168 -0.177770 0.142133 0.069500 
roasted_beef -0.146064 0.435912 -0.047748 1.096215 -0.010840 
pistachio 1.133565 -0.089274 -0.819103 -0.210951 -0.103516 
peanut_oil -0.385018 -0.018997 -0.210964 0.713747 1.246845 
cereal 0.851813 0.004428 -0.833010 -0.529435 0.513827 
cashew 0.196289 0.422775 -0.680139 0.109665 0.691704 
veal 0.592245 -0.116703 0.696126 1.036134 -0.434400 
seaweed 0.171838 -0.760112 0.339870 0.909043 1.817194 
turnip 0.448007 0.431159 -0.097102 1.309486 -0.013701 
sauerkraut 0.114383 0.982061 -0.273826 0.758432 -0.383353 
berry 1.442248 -0.325670 -0.976138 -0.142713 0.143874 
kelp 0.260842 -0.925801 0.528491 0.844425 2.160192 
tomato_juice -0.202109 0.476648 0.223741 1.076853 0.057621 
cod -0.026156 0.069403 0.363482 0.932879 0.598841 
provolone_cheese 0.647874 0.620862 0.892073 0.776796 -0.396707 
mussel 0.219766 0.006319 0.761322 1.420961 0.923297 
blackberry 1.574781 -0.477011 -0.871415 -0.347800 0.094953 
roasted_peanut -0.288744 0.071438 -0.742469 -0.099875 1.263031 
rhubarb 1.099198 -0.496727 -0.749169 -0.444442 -0.055876 
chinese_cabbage -0.032164 -0.949110 0.635178 0.914836 2.122524 
corn_grit -0.152280 0.861078 0.237930 0.655801 0.055824 
chicory 0.485370 -0.234471 0.160381 1.304622 0.089361 
bourbon_whiskey 0.684643 -0.120188 -1.162106 -0.162173 -0.095865 
citrus 1.339676 -0.868078 -0.844478 -0.093522 0.638021 
lima_bean -0.273973 0.714981 -0.193746 1.287195 -0.222136 
lovage 0.038904 0.248499 0.057559 0.784647 0.237554 
melon 0.941685 -0.231970 -1.392360 0.341639 0.536839 
parsnip 0.548140 0.437840 -0.005776 1.277361 -0.148936 
fig 1.393768 -0.148163 -0.674626 0.311874 -0.456673 
lemongrass -0.304322 0.141693 -0.448813 0.769090 1.595324 
whiskey 0.714550 -0.069770 -1.248600 -0.001281 0.128672 
watercress 0.296150 -0.126013 -0.367205 1.183377 0.286684 
tequila 0.147743 -0.046095 -1.046760 0.282202 0.489930 
rye_flour 1.001836 0.854715 -0.623616 0.019430 -0.216285 
peppermint 0.726750 -0.259505 -0.389763 -0.703161 0.193617 
savory 0.480345 0.496518 0.392734 1.195974 -0.245095 
lobster 0.458884 0.026856 0.531060 0.975487 0.161160 
roasted_pork 0.034070 0.386023 -0.588805 1.026765 -0.361735 
