224 5
</s> 0.080054 0.088388 -0.076605 -0.065561 0.027332 
egg -0.079076 -0.522323 -0.382240 0.249718 -0.238527 
butter -0.175965 -0.446410 -0.329375 0.469925 -0.487986 
wheat -0.152756 -0.554189 -0.467148 0.344078 -0.292792 
onion -0.267284 0.733425 0.013857 0.750462 0.105452 
garlic -0.072195 0.699494 0.295633 0.615733 0.415981 
milk -0.243146 -0.589279 -0.436886 0.357176 -0.468948 
vegetable_oil -0.048095 0.265484 -0.397686 0.182580 0.252649 
cream 0.192282 -0.274302 -0.250757 0.371317 -0.520909 
tomato -0.007946 0.868005 0.179032 0.771329 0.063127 
olive_oil 0.384060 0.511579 0.516917 1.021503 0.104675 
black_pepper -0.195878 0.565817 0.261774 0.618267 0.271482 
pepper -0.068454 0.727927 -0.159687 0.654286 0.138205 
vanilla -0.148317 -1.745623 -0.829892 0.460070 0.077121 
cayenne 0.038862 0.807314 -0.065755 0.309042 0.808473 
vinegar -0.262120 0.756030 -0.312521 0.528045 0.281547 
cane_molasses -0.473483 -0.055312 -1.077123 0.173125 -0.146844 
bell_pepper 0.082773 0.787135 0.218564 0.707292 0.307106 
cinnamon -0.215169 -0.764744 -1.225848 0.451593 -0.130995 
parsley 0.013619 0.132044 0.639197 0.824866 -0.093308 
chicken 0.103822 0.648544 -0.031549 0.508335 0.170267 
lemon_juice 0.668100 0.078497 -0.177234 0.430794 -0.077495 
beef -0.608959 0.671769 0.124374 0.477650 0.366261 
cocoa -0.111208 -1.406620 -0.853095 0.231148 -0.002038 
corn -0.309065 0.698172 -0.540739 0.176487 -0.061534 
bread -0.164339 0.374992 0.213460 0.743267 -0.329976 
scallion -0.110909 0.455648 0.209755 0.381217 1.115208 
mustard -0.212654 0.564630 -0.404323 0.586039 -0.092566 
ginger -0.160448 -0.096894 -0.783663 0.092120 1.259437 
basil 0.284738 0.435602 0.895832 0.949910 -0.031189 
celery -0.630135 0.552598 0.130577 0.957657 -0.064661 
carrot -0.623403 0.452248 0.112697 0.741810 0.539352 
potato -0.675518 0.571033 0.243580 0.796287 0.032928 
chicken_broth -0.114468 0.563106 0.297071 0.924368 0.227465 
yeast -0.261152 -0.450251 -0.256472 0.471201 -0.559969 
rice -0.238607 0.328477 0.000519 0.239064 1.047174 
mushroom -0.547970 0.451865 0.713657 0.784810 0.228995 
cheese 0.029532 0.239756 0.467445 0.614786 -0.403054 
soy_sauce -0.512615 0.304963 -0.257390 0.264770 1.587211 
cumin 0.412917 0.979513 -0.625040 0.451209 0.470780 
oregano 0.211911 0.753903 0.542836 0.849568 -0.107233 
parmesan_cheese -0.017023 0.148774 1.039620 1.000408 -0.284160 
macaroni 0.158840 0.330713 1.058430 0.997637 0.013285 
thyme -0.422020 0.352284 0.549373 1.160566 -0.146145 
cheddar_cheese -0.529144 0.600472 0.066656 0.478697 -0.473213 
lard -0.293244 -0.604664 -0.641330 0.222585 -0.325019 
lemon 0.827928 -0.288433 0.014270 0.618834 -0.030771 
cream_cheese 0.189570 -0.506811 -0.336274 0.203029 -0.448492 
walnut 0.050265 -1.076601 -0.782672 0.515101 -0.250929 
green_bell_pepper -0.253804 0.962222 0.053500 0.662211 0.116317 
starch -0.297165 -0.314222 -0.341290 0.082533 0.491823 
nutmeg -0.339395 -0.955693 -0.635201 0.565910 -0.287616 
honey 0.188988 -0.216848 -0.887208 0.256339 0.328261 
apple -0.102608 -0.439696 -1.097568 0.576004 -0.251524 
almond 0.253426 -0.741236 -0.780173 0.418604 -0.106461 
cilantro 0.783831 0.837431 -0.273387 0.448091 0.873595 
pecan -0.128239 -1.084649 -0.950284 0.320161 -0.201962 
white_wine 0.255473 0.310149 0.687376 1.131807 0.143744 
bacon -0.647365 0.574806 0.124745 0.835570 -0.281444 
pork -0.590365 0.732792 -0.147441 0.445851 0.513096 
raisin -0.122722 -0.582362 -1.101908 0.452006 -0.220905 
bean -0.346481 0.824250 0.073205 0.566942 0.416637 
rosemary -0.206539 0.280354 0.777176 1.178329 -0.349176 
fish 0.460619 0.272246 0.524232 0.530020 1.331998 
cucumber 0.383517 0.125894 -0.081337 -0.049947 0.571583 
olive 0.325311 0.760782 0.399196 0.958245 -0.177124 
coconut 0.581693 -0.392629 -1.177384 -0.114473 0.494893 
orange 0.877443 -0.806759 -0.602358 0.603083 -0.037722 
tamarind -0.720685 0.898445 -0.596747 0.438492 0.055950 
vegetable -0.404782 0.168418 0.245705 0.337698 0.979447 
orange_juice 0.809821 -0.597100 -0.882775 0.444972 0.187741 
buttermilk 0.031890 -0.358944 -0.550444 0.240792 -0.515906 
pineapple 0.701858 -0.580410 -0.966180 0.329998 0.191355 
shrimp 0.090674 0.386703 0.565224 0.547748 1.204574 
coriander 0.520922 0.836895 -0.785964 0.620107 0.666111 
bay -0.579482 0.532982 0.245987 1.072792 0.136350 
lime_juice 1.220227 0.652427 -0.560001 0.287764 0.952775 
red_wine 0.032085 0.561110 0.075372 0.898589 -0.049536 
gelatin 0.529256 -1.383333 -0.826166 0.595180 0.022547 
pork_sausage -0.536301 0.516399 0.574372 1.055449 -0.348960 
sesame_oil -0.554421 -0.139162 0.093478 0.250821 2.194016 
chive 0.266498 -0.214917 0.224213 0.442387 -0.237315 
seed 0.038590 0.423035 -0.772823 0.760382 -0.162023 
mozzarella_cheese 0.060443 0.223438 1.079719 0.955777 -0.428860 
ham -0.444395 0.395818 0.245986 0.889581 -0.348284 
oat -0.532284 -1.191123 -1.192678 0.271348 -0.031656 
turmeric 0.435902 0.837801 -0.925348 0.544277 0.827881 
nut -0.114522 -0.328205 -0.166423 0.425331 0.347288 
shallot 0.496139 0.248084 0.454495 1.185160 0.303306 
lettuce 0.532041 0.682290 -0.119831 0.575396 0.337865 
cider -0.235139 0.655295 -0.920377 0.488285 -0.066452 
dill 0.123046 0.389891 0.165517 0.821771 -0.039299 
pea -0.319359 0.793095 0.278485 0.836854 0.651439 
zucchini 0.022556 0.549401 0.216817 0.652137 -0.171678 
cherry 0.342738 -1.337538 -0.847275 0.578993 -0.017432 
lime 1.406962 0.083622 -0.551931 0.148385 0.821383 
yogurt 0.970523 0.093499 -0.789157 0.361164 0.142688 
strawberry 0.862514 -1.432945 -0.770441 0.591668 0.026266 
soybean -0.402727 -0.135346 -0.107120 0.124779 1.747970 
celery_oil -0.839148 1.048920 -0.818388 0.194017 0.257541 
peanut_butter -0.151205 -0.581421 -1.082243 -0.406665 0.767611 
banana 0.586368 -0.922876 -0.989636 0.253212 0.031213 
meat -0.512401 0.542592 0.123438 0.927962 -0.016109 
tabasco_pepper -0.360926 0.833426 -0.244909 0.501902 0.095645 
milk_fat 0.111480 -0.739559 0.026917 0.594714 -0.548244 
cabbage -0.502802 0.773310 -0.139526 0.682653 0.667695 
mint 1.326695 0.130996 -0.160549 0.514260 0.485298 
fennel 0.210349 0.345582 0.688840 1.382828 -0.248772 
sage -0.719888 0.144553 0.324284 1.158652 -0.482352 
broccoli -0.306263 0.538195 0.415924 0.544838 0.169011 
turkey -0.266292 0.599003 0.071656 0.805799 -0.327714 
fenugreek 0.503714 0.879153 -0.911772 0.470148 0.801245 
cranberry 0.297072 -0.713773 -1.054772 0.898951 -0.484672 
wine 0.136692 0.055477 0.236952 0.512056 0.578015 
beef_broth -0.919311 0.537808 0.386479 0.779677 0.698678 
grape_juice 0.663010 0.270630 0.278458 0.923005 -0.069112 
pumpkin -0.608773 -1.037720 -0.386376 -0.081614 0.670205 
raspberry 0.853808 -1.280369 -0.573924 0.592639 -0.214303 
whole_grain_wheat_flour -0.202685 -0.468104 -0.745959 0.452901 -0.367806 
lemon_peel 0.608460 -0.742077 0.010765 0.724118 -0.383467 
coffee 0.058982 -0.882003 -0.871839 0.087271 -0.143173 
sesame_seed -0.178217 -0.110442 -0.368927 0.112694 1.184934 
avocado 0.921795 0.898708 -0.189705 0.348864 0.511803 
sherry -0.029905 0.069705 0.185699 0.736078 0.328488 
sake -0.646224 -0.259828 0.141190 0.174159 2.023938 
feta_cheese 0.944434 0.395850 0.627562 0.741907 0.097772 
apricot 0.343886 -0.787855 -0.926664 0.523533 -0.170836 
roasted_sesame_seed -0.330019 -0.306487 0.418308 0.221957 2.230585 
rum 0.720215 -1.293531 -0.830794 0.363668 0.123128 
orange_peel 0.495106 -0.942569 -0.598958 0.649964 -0.154465 
squash 0.112132 0.587300 -0.008384 0.808811 -0.212302 
crab -0.161370 0.385843 0.242865 0.529069 0.399194 
marjoram -0.639764 0.314193 0.427148 1.265007 -0.432075 
swiss_cheese -0.500740 0.276366 0.136826 0.853280 -0.679736 
sweet_potato -0.243874 -0.004423 -0.792216 0.249740 0.261330 
shiitake -0.669779 -0.391515 1.051973 0.668331 1.613131 
radish -0.069318 0.067691 0.443668 0.569659 1.827667 
peach 0.696311 -0.595323 -1.027127 0.245127 0.186756 
tarragon 0.330804 0.311915 0.532967 1.076261 0.101087 
black_bean 0.389267 1.173519 -0.242080 0.461914 0.633590 
lamb 0.522047 0.637990 -0.032269 0.960029 0.061431 
maple_syrup -0.322106 -0.307345 -1.070257 0.303672 -0.137062 
pear 0.286730 -0.823016 -0.426560 0.302733 0.879596 
fruit 0.543033 -1.211211 -0.967991 0.508166 -0.060686 
blueberry 0.787815 -1.498441 -0.867924 0.538348 -0.034056 
clam -0.154860 -0.047315 1.198019 0.847440 1.306764 
smoke -0.220152 0.627770 0.054272 1.033255 -0.201541 
tuna 0.122473 0.551143 0.450261 0.387990 0.601426 
kidney_bean -0.314076 1.161100 0.060063 0.729009 0.138415 
peanut 0.086886 -0.055826 -0.959053 -0.340051 1.025476 
asparagus -0.005311 0.128046 0.682310 0.800326 0.142311 
salmon 0.483651 0.154114 0.231995 0.504170 0.551614 
leek -0.494262 0.144000 0.511626 1.381255 0.088279 
chickpea 0.269581 0.975952 0.009926 0.688249 0.482959 
blue_cheese 0.083232 0.175257 0.049582 0.841519 -0.478515 
brandy 0.325395 -1.054212 -0.584589 0.780931 -0.222191 
artichoke 0.386491 0.306015 0.921603 0.928813 -0.076557 
horseradish -0.192557 0.631971 -0.439196 0.598644 -0.177919 
mango 1.176831 0.174527 -0.901629 0.197912 0.802448 
date 0.155366 -1.290047 -1.059549 0.502017 0.053793 
cardamom 0.531325 -0.239892 -1.119136 0.384765 0.219406 
white_bread -0.400323 0.091546 0.122199 0.897523 -0.581216 
oyster -0.671751 0.078931 0.690432 0.622935 1.421952 
cottage_cheese 0.137463 0.009100 0.298898 0.535476 -0.689722 
grape 0.869287 -0.254821 -0.971799 0.640077 -0.124301 
brown_rice -0.423877 0.539589 -0.241114 0.628396 0.300877 
cauliflower -0.220642 0.666906 0.114632 0.775230 0.111666 
cured_pork -0.053958 0.181600 1.023561 1.475820 -0.433031 
egg_noodle -0.608840 0.489433 0.348181 0.696784 -0.065391 
beer -0.543487 0.650496 -0.544624 0.431109 -0.036555 
hazelnut 0.244692 -0.992239 -0.325106 0.510042 -0.248171 
mandarin 0.720162 -0.535144 -0.878385 0.429393 0.091770 
romano_cheese 0.156094 0.208722 1.079394 1.067160 -0.233672 
plum 0.279746 -0.543863 -0.735884 0.746459 -0.014548 
pimento 0.106940 0.794262 0.155315 0.742267 -0.147993 
smoked_sausage -0.787167 0.800258 0.102239 1.117340 -0.115335 
scallop 0.452919 0.209836 0.824941 0.886558 0.794757 
goat_cheese 0.649340 0.037346 0.614457 1.033442 -0.450732 
lentil -0.166418 0.999511 -0.234797 0.993335 0.440746 
currant 0.345103 -0.669972 -0.790298 0.799720 -0.492285 
saffron 0.665366 0.231336 0.312756 1.094594 0.411287 
barley -0.794188 0.162426 -0.104931 0.732707 0.781122 
caraway -0.433473 0.597619 -0.834906 1.150712 -0.516021 
beet 0.284871 0.498049 -0.321365 0.963674 0.248660 
squid -0.175126 -0.230387 0.886209 0.591549 1.910780 
corn_flake -0.241323 -0.129665 -0.533140 0.115722 -0.419056 
anise 0.123966 -0.854083 -0.173227 0.595565 0.097630 
roasted_beef -0.455270 0.839095 -0.053793 0.683681 0.144674 
pistachio 0.627346 -0.892025 -0.742947 0.495489 -0.095644 
peanut_oil -0.112357 0.500840 -0.365176 0.389806 1.514958 
cereal -0.521293 -0.746365 -1.138660 0.287625 0.181349 
cashew 0.057228 0.216811 -0.919664 0.382154 0.559903 
veal -0.428058 0.052294 0.766650 1.267848 -0.163571 
seaweed -0.144532 -0.266981 0.258668 0.559496 2.141717 
turnip -0.665358 0.374015 0.091559 1.370916 0.160453 
sauerkraut -0.600720 0.588769 -0.399354 0.957910 -0.684302 
berry 0.714854 -1.202163 -0.821301 0.746755 -0.246547 
kelp -0.553290 -0.687482 0.564205 0.451878 2.380921 
tomato_juice -0.478132 1.000691 0.138877 0.733920 0.220975 
cod 0.106678 0.492758 0.517145 0.535918 0.838751 
provolone_cheese -0.117898 0.357680 0.906220 1.239665 -0.458406 
mussel 0.362818 0.179422 0.936469 0.956282 1.386961 
blackberry 0.729621 -1.280611 -0.897837 0.602899 -0.115438 
roasted_peanut 0.217756 0.143391 -0.848195 -0.207065 1.158945 
rhubarb 0.315792 -1.208990 -0.832551 0.229315 -0.132837 
chinese_cabbage -0.543025 -0.577350 0.658991 0.310799 2.486962 
corn_grit -0.050400 0.826181 0.316299 0.633488 0.068191 
chicory 0.464074 0.130421 0.465378 1.089650 0.457135 
bourbon_whiskey -0.187680 -0.813133 -1.122947 0.443822 -0.075547 
citrus 0.651263 -1.542524 -0.742420 0.558529 0.628631 
lima_bean -0.445124 1.116515 -0.188626 0.997869 -0.048463 
lovage -0.438855 0.396912 -0.029499 0.609714 0.292156 
melon 1.323097 -0.559873 -0.913036 0.791016 0.353177 
parsnip -0.596394 0.321797 0.090030 1.338733 -0.048653 
fig 0.581878 -0.913073 -0.455871 1.106014 -0.470922 
lemongrass 0.800491 0.562522 -0.337809 0.312963 1.743587 
whiskey 0.265444 -0.635221 -1.135370 0.422552 -0.093077 
watercress 0.500921 0.379187 0.005201 0.940098 0.499215 
tequila 1.272202 -0.005043 -0.623654 0.225329 0.516249 
rye_flour -0.227515 -0.261104 -0.840609 0.931804 -0.745073 
peppermint 0.204430 -0.986582 -0.619861 -0.135016 -0.117674 
savory -0.297578 0.438903 0.522819 1.239951 -0.132116 
lobster 0.382124 0.199785 0.666363 1.040035 0.480434 
roasted_pork -0.282775 0.632185 -0.465223 0.849502 -0.134706 
