224 5
</s> 0.080054 0.088388 -0.076605 -0.065561 0.027332 
egg 0.527341 0.001351 -0.548890 0.014718 0.077182 
butter 0.604019 0.378803 -0.479994 -0.059275 0.006807 
wheat 0.539940 0.159869 -0.669958 -0.160546 0.222336 
onion -0.050603 0.605204 0.451936 0.540697 0.015984 
garlic -0.144806 0.542915 0.651868 0.643862 0.186759 
milk 0.737944 0.306952 -0.722971 -0.239023 0.167798 
vegetable_oil -0.217415 0.054589 -0.048198 0.498601 -0.022538 
cream 0.580727 0.083992 -0.415820 0.083806 -0.088499 
tomato -0.055763 0.741352 0.573454 0.614651 -0.030360 
olive_oil 0.317320 0.799018 0.633515 0.756254 0.038419 
black_pepper -0.005400 0.425305 0.699020 0.711322 0.159456 
pepper -0.157456 0.866634 0.259773 0.508710 0.053380 
vanilla 1.204246 -0.463863 -1.294831 -0.251590 1.136775 
cayenne -0.668198 0.367558 0.534104 0.620129 0.353083 
vinegar -0.146601 -0.028820 0.399794 1.102350 -0.253231 
cane_molasses -0.057359 -0.070023 -0.743294 0.379552 -0.251717 
bell_pepper -0.180233 0.657093 0.640631 0.621617 0.145296 
cinnamon 0.269866 0.134278 -1.274646 0.192213 0.459246 
parsley 0.605308 0.423040 0.621960 0.548606 -0.103175 
chicken -0.346035 0.684194 0.145319 0.363509 0.262771 
lemon_juice 0.267516 0.012406 -0.113295 0.716945 -0.281612 
beef -0.226545 0.428672 0.645766 0.497489 0.130679 
cocoa 0.893151 -0.474674 -1.192519 -0.370067 1.068381 
corn -0.344464 0.417378 -0.084788 0.412760 -0.242892 
bread 0.433974 0.513426 0.267341 0.403777 -0.216699 
scallion -0.405016 0.008128 0.782796 0.641454 0.691788 
mustard 0.197047 0.180806 0.118731 0.916134 -0.539489 
ginger -0.760986 -0.411330 -0.359608 0.711836 0.798404 
basil 0.540432 0.884253 0.939316 0.346463 0.183079 
celery 0.042823 0.928903 0.372807 0.562690 0.046461 
carrot -0.234871 0.669381 0.451923 0.488705 0.527123 
potato 0.033346 0.927408 0.459631 0.098817 0.288905 
chicken_broth 0.010353 1.053099 0.331695 0.401398 0.425669 
yeast 0.680889 0.325522 -0.476501 -0.253507 0.093858 
rice -0.583326 0.018703 0.317155 0.458236 0.855433 
mushroom 0.160356 0.762019 0.884607 0.068871 0.607274 
cheese 0.452953 0.664900 0.466358 0.056481 -0.020980 
soy_sauce -0.767765 -0.456070 0.556643 0.904429 1.051220 
cumin -0.872137 0.962040 -0.214764 0.612575 0.388147 
oregano 0.139553 0.937539 0.743610 0.320829 0.037415 
parmesan_cheese 0.873376 0.862318 0.997264 -0.074462 0.329978 
macaroni 0.608744 0.787680 1.118284 0.062583 0.402953 
thyme 0.658066 0.975270 0.722287 0.389830 0.135576 
cheddar_cheese 0.135871 0.938110 0.292854 -0.131000 -0.000844 
lard 0.370576 0.048576 -0.960705 -0.137163 0.263358 
lemon 0.456458 -0.176642 -0.278171 0.806440 -0.179634 
cream_cheese 0.705487 -0.160468 -0.473305 0.039136 -0.067224 
walnut 0.801429 0.025866 -1.274310 0.096469 0.373009 
green_bell_pepper -0.210323 0.833502 0.578508 0.405884 0.066089 
starch -0.097336 -0.498948 -0.128735 0.251129 0.442030 
nutmeg 0.676218 0.308921 -0.995191 -0.073219 0.355803 
honey -0.094247 -0.348769 -0.684339 0.710503 0.141007 
apple 0.240891 0.223110 -1.157472 0.634794 -0.129063 
almond 0.413636 -0.045206 -1.044058 0.278304 0.315829 
cilantro -0.911332 0.424422 0.079307 0.869589 0.445771 
pecan 0.729870 -0.149627 -1.252002 0.031788 0.505330 
white_wine 0.512386 0.352315 0.773026 0.879373 0.002846 
bacon 0.277381 0.734084 0.428718 0.526336 -0.205005 
pork -0.383489 0.189433 0.486593 0.862989 0.002508 
raisin 0.289690 0.300276 -1.391272 0.240184 0.452483 
bean -0.403619 0.737789 0.444033 0.472594 0.253391 
rosemary 0.750564 1.103308 0.739344 0.309508 0.162682 
fish -0.282651 -0.189802 0.845631 0.785577 0.835180 
cucumber 0.047667 -0.745361 0.357163 0.726315 -0.125715 
olive 0.348856 0.772803 0.726488 0.673711 -0.016676 
coconut -0.356842 -0.185131 -1.198016 0.091238 0.834741 
orange 0.556281 -0.331065 -0.904966 0.813907 0.041111 
tamarind -0.229885 0.185127 0.201266 0.972308 -0.561177 
vegetable -0.304738 0.063865 0.602932 0.278495 0.923383 
orange_juice 0.286388 -0.424200 -0.939330 0.855316 0.105424 
buttermilk 0.402954 0.084402 -0.644131 0.049994 -0.017714 
pineapple 0.102096 -0.515974 -0.967225 0.711738 0.115441 
shrimp -0.163541 -0.036402 1.078833 0.864505 0.748711 
coriander -0.788314 0.789387 -0.465340 0.764834 0.644222 
bay 0.073306 0.903361 0.476211 0.767223 0.191192 
lime_juice -0.906956 0.061114 -0.318946 1.212767 0.356977 
red_wine 0.238906 0.375622 0.408931 0.974678 -0.292235 
gelatin 0.882054 -0.697274 -1.204639 0.420609 0.651588 
pork_sausage 0.538923 1.205058 0.652852 0.250314 0.089237 
sesame_oil -0.639641 -0.690364 0.814803 0.738384 1.709122 
chive 0.655084 -0.319071 0.186206 0.618975 -0.368783 
seed -0.056048 0.571293 -0.488955 0.797978 -0.156216 
mozzarella_cheese 0.951047 0.830973 0.994034 -0.164587 0.200558 
ham 0.531027 0.811948 0.426130 0.268348 -0.095530 
oat 0.394179 -0.104002 -1.447901 0.002829 0.640981 
turmeric -1.052499 0.942257 -0.523048 0.635233 0.828795 
nut 0.066349 -0.158813 -0.129426 0.307664 0.480668 
shallot 0.239586 0.379134 0.518237 1.073777 0.227228 
lettuce -0.116238 0.072613 0.309532 1.028678 -0.162079 
cider -0.232730 0.212446 -0.280797 1.083668 -0.492540 
dill 0.420024 0.505020 0.410628 0.769318 -0.269766 
pea -0.264688 0.761461 0.673205 0.479630 0.743896 
zucchini 0.010645 1.005835 0.223791 0.057978 0.112706 
cherry 0.833892 -0.683902 -1.140909 0.482230 0.480659 
lime -0.564091 -0.336653 -0.503878 1.086628 0.162910 
yogurt -0.160660 0.122533 -0.959158 0.764609 -0.076147 
strawberry 1.189338 -0.719607 -1.153202 0.647704 0.522964 
soybean -0.690829 -0.543726 0.513451 0.575602 1.466304 
celery_oil -0.490366 0.024951 0.313203 1.202589 -0.641697 
peanut_butter -0.469197 -0.489589 -0.974130 -0.158311 1.031730 
banana 0.488320 -0.329568 -1.244479 0.264335 0.422583 
meat 0.016594 0.692004 0.326920 0.571263 0.010297 
tabasco_pepper -0.244801 0.309752 0.351852 0.932873 -0.317515 
milk_fat 1.058815 0.201520 -0.526989 -0.161050 0.199331 
cabbage -0.416059 0.254468 0.541668 0.944586 0.224945 
mint -0.084440 -0.014178 -0.310503 0.978199 0.002059 
fennel 0.745458 1.013644 0.692453 0.532581 0.186120 
sage 0.678433 1.186606 0.276663 0.249997 0.117522 
broccoli 0.054191 0.793150 0.623940 -0.001642 0.443109 
turkey 0.070737 0.994917 0.159974 0.498231 -0.103278 
fenugreek -0.968807 0.972120 -0.549220 0.563780 0.870075 
cranberry 0.730161 -0.003969 -1.093923 0.745866 0.033126 
wine 0.032485 -0.312539 0.438681 0.812127 0.152579 
beef_broth -0.118271 0.477668 0.814872 0.752144 0.387875 
grape_juice 0.509943 0.355255 0.419343 0.951090 -0.350383 
pumpkin -0.077744 -0.606379 -0.571569 -0.243526 1.061232 
raspberry 1.245067 -0.737589 -0.985298 0.590060 0.288245 
whole_grain_wheat_flour 0.419039 0.436711 -0.917206 -0.013586 0.278412 
lemon_peel 1.117839 -0.170500 -0.312172 0.464944 -0.125704 
coffee 0.533781 -0.453717 -1.001168 -0.054041 0.311518 
sesame_seed -0.548157 -0.434563 0.036368 0.569817 0.853510 
avocado -0.557529 0.094801 0.228833 1.095860 -0.019142 
sherry 0.171082 0.160337 0.280627 0.736062 0.001957 
sake -0.423909 -0.990247 0.902075 0.831048 1.520115 
feta_cheese 0.480468 0.411792 0.644158 0.719535 -0.264051 
apricot 0.352927 0.071886 -1.206896 0.535805 0.237236 
roasted_sesame_seed -0.526187 -0.800563 0.993737 0.648040 1.819574 
rum 0.660623 -0.586894 -1.373973 0.423304 0.593995 
orange_peel 0.817802 -0.333392 -0.972762 0.601363 0.123113 
squash 0.122806 1.226827 0.014814 0.151385 0.166976 
crab 0.081676 -0.164734 0.716105 0.849079 0.076879 
marjoram 0.582413 1.286986 0.343898 0.282228 0.095862 
swiss_cheese 0.746689 1.036293 0.300743 0.093827 -0.038149 
sweet_potato -0.278884 0.284126 -0.785986 0.321091 0.279258 
shiitake -0.033502 -0.304788 1.295287 0.388018 1.671862 
radish -0.287559 -0.614379 0.956541 1.004445 1.212740 
peach 0.180194 -0.364057 -1.158844 0.734986 0.250363 
tarragon 0.610597 0.329106 0.564090 0.928255 -0.146181 
black_bean -0.936126 0.833423 0.409354 0.663078 0.370964 
lamb -0.071400 0.885484 -0.046512 0.884629 -0.045972 
maple_syrup 0.083773 0.026041 -0.876658 0.477772 -0.104470 
pear 0.296967 -0.944283 -0.398784 0.779011 0.541791 
fruit 0.625630 -0.349675 -1.228670 0.428117 0.573576 
blueberry 1.158953 -0.694930 -1.263358 0.373999 0.649731 
clam 0.281727 -0.059068 1.431167 0.484860 1.128313 
smoke 0.165102 0.866917 0.365484 0.860458 -0.142172 
tuna 0.004735 -0.008914 0.906603 0.647530 0.156493 
kidney_bean -0.536345 1.039223 0.495980 0.584870 0.084896 
peanut -0.859612 -0.447774 -0.587457 0.185956 0.938224 
asparagus 0.469653 0.439846 0.675351 0.270484 0.256226 
salmon 0.001508 -0.204703 0.486247 1.000593 -0.073674 
leek 0.523345 1.122665 0.558673 0.446043 0.502947 
chickpea -0.525127 0.926564 0.272918 0.689669 0.342117 
blue_cheese 0.786618 0.128965 0.211046 0.724235 -0.468164 
brandy 0.885734 -0.267162 -0.972615 0.635610 0.034234 
artichoke 0.790534 0.542760 1.002859 0.408660 -0.093919 
horseradish 0.204931 0.043632 0.283946 1.028052 -0.523586 
mango -0.627428 -0.160108 -0.848772 1.058334 0.230558 
date 0.521535 -0.262426 -1.492680 0.300457 0.592716 
cardamom -0.242352 0.515568 -1.275594 0.298247 0.609578 
white_bread 0.754805 0.748547 0.065361 0.283524 -0.154467 
oyster -0.120294 -0.085834 1.103145 0.654296 1.130319 
cottage_cheese 0.711479 0.500180 0.245756 -0.037895 -0.173653 
grape 0.336158 0.002408 -1.057378 1.094580 -0.084322 
brown_rice -0.397130 0.909000 -0.047413 0.294687 0.393033 
cauliflower -0.154324 1.022591 0.272392 0.214567 0.380431 
cured_pork 1.067235 1.070904 1.041429 0.306681 0.172966 
egg_noodle 0.142394 0.915769 0.492347 -0.006442 0.268132 
beer -0.308410 0.697541 0.111675 0.748929 -0.198102 
hazelnut 0.979787 -0.124763 -0.835278 0.204725 0.199968 
mandarin 0.323027 -0.663252 -0.853846 0.967370 0.169556 
romano_cheese 0.801921 0.880439 0.961592 0.138259 0.129115 
plum 0.216167 0.140953 -0.999543 0.671733 0.191040 
pimento 0.144248 0.758029 0.521528 0.396763 -0.014113 
smoked_sausage 0.104340 1.105047 0.564884 0.761211 -0.040833 
scallop 0.238475 0.207755 0.890229 0.805238 0.577348 
goat_cheese 0.932225 0.517546 0.292372 0.679546 -0.199355 
lentil -0.496569 1.223016 0.078606 0.541902 0.441978 
currant 0.719163 0.254255 -1.172197 0.483901 0.217548 
saffron -0.024509 0.904665 0.087382 0.674517 0.619506 
barley -0.376658 0.339571 0.075413 0.366325 0.839718 
caraway 0.178408 1.322219 -0.600014 0.742447 -0.107659 
beet 0.274768 0.163779 0.177015 1.373945 -0.315749 
squid -0.107351 -0.539537 1.246024 0.588719 1.746912 
corn_flake 0.088959 0.468590 -0.595918 -0.264908 0.139347 
anise 0.617829 -0.304477 -0.385102 0.381264 0.352138 
roasted_beef -0.056993 0.586567 0.496681 0.755904 -0.099608 
pistachio 0.668626 -0.121977 -1.070522 0.311862 0.343138 
peanut_oil -0.848084 0.001594 0.271400 0.796266 1.146539 
cereal 0.344300 -0.083789 -1.125743 -0.035346 0.869149 
cashew -0.500882 0.303914 -0.671624 0.459837 0.596495 
veal 0.738312 0.653385 0.711233 0.461225 0.037226 
seaweed -0.315809 -0.887529 0.789424 0.882553 1.660352 
turnip 0.178578 1.356891 0.222292 0.860509 0.368417 
sauerkraut 0.320063 1.135404 0.049557 0.680296 -0.471573 
berry 1.147133 -0.481244 -1.120627 0.600317 0.396303 
kelp -0.164248 -0.987121 1.008597 0.560063 2.221951 
tomato_juice -0.303549 0.615284 0.628987 0.732526 -0.129819 
cod -0.249418 0.371939 0.776642 0.549130 0.530547 
provolone_cheese 1.062471 0.807328 0.912745 0.409404 0.001995 
mussel -0.012045 0.244452 1.280757 0.877215 1.164009 
blackberry 1.140058 -0.651505 -1.223234 0.484864 0.449330 
roasted_peanut -0.930083 -0.318425 -0.468804 0.377772 0.902655 
rhubarb 0.818138 -0.536631 -1.148610 0.202883 0.352505 
chinese_cabbage -0.362708 -0.921934 1.144816 0.464055 2.183904 
corn_grit 0.028014 0.970762 0.680346 0.404390 0.194654 
chicory 0.708973 -0.178181 0.754067 1.275407 0.025074 
bourbon_whiskey 0.327202 -0.426266 -0.989374 0.759999 -0.139699 
citrus 0.690939 -1.025828 -0.985287 0.743097 0.762802 
lima_bean -0.175317 1.031015 0.453687 0.827846 -0.169826 
lovage 0.084892 -0.213465 0.494516 1.114932 -0.271085 
melon 0.264153 -0.361936 -1.148494 1.345598 0.356001 
parsnip 0.238624 1.364674 0.272508 0.756371 0.343090 
fig 1.255566 0.029266 -0.953637 0.705453 0.010598 
lemongrass -1.218823 0.262353 0.024815 0.963741 1.434504 
whiskey 0.384857 -0.127205 -1.090623 0.655855 0.007558 
watercress 0.077066 -0.050537 0.353308 1.304378 0.032558 
tequila -0.394144 -0.446351 -0.585019 1.134840 0.092366 
rye_flour 0.798535 0.704151 -0.890761 0.516258 -0.140901 
peppermint 0.478332 -0.663921 -0.769613 -0.162795 0.276757 
savory 0.531395 0.921039 0.584250 0.533969 0.232042 
lobster 0.463408 0.266735 0.830573 0.787198 0.328963 
roasted_pork -0.075480 0.655318 -0.104805 1.026343 -0.270618 
